-4.50759e-08 -5.46861e-07 4.99
-1.66867e-05 -1.00187e-05 14.99
-4.52667e-05 -4.17153e-05 24.99
-8.2075e-05 -9.55031e-05 34.99
-0.000129754 -0.000169742 44.99
-0.000167323 -0.000241029 54.99
-0.000282793 -0.000286149 64.99
-0.000435795 -0.000351973 74.99
-0.00056704 -0.000424042 84.99
-0.000741091 -0.000552083 94.99
-0.000952088 -0.000707136 104.99
-0.00119452 -0.000854559 114.99
-0.00144279 -0.000996937 124.99
-0.00168558 -0.0011267 134.99
-0.00185264 -0.00125415 144.99
-0.00200467 -0.00135463 154.99
-0.00213538 -0.00144229 164.99
-0.00229587 -0.00153568 174.99
-0.00245771 -0.00161631 184.99
-0.00261896 -0.00169669 194.99
-0.00280924 -0.0017897 204.99
-0.00300423 -0.00186764 214.99
-0.00321103 -0.00196044 224.99
-0.00336793 -0.00207838 234.99
-0.00351574 -0.00218517 244.99
-0.00368376 -0.00230528 254.99
-0.00385851 -0.00240866 264.99
-0.0040496 -0.00252944 274.99
-0.00424058 -0.00263471 284.99
-0.00444169 -0.002763 294.99
-0.00467143 -0.00289284 304.99
-0.00491289 -0.00302363 314.99
-0.00517887 -0.00322677 324.99
-0.00536633 -0.00346614 334.99
-0.00554367 -0.00369105 344.99
-0.00574253 -0.00391422 354.99
-0.00594804 -0.00415134 364.99
-0.00614962 -0.00439646 374.99
-0.00636879 -0.00464372 384.99
-0.00660358 -0.0049123 394.99
-0.00681045 -0.00521018 404.99
-0.00704363 -0.0055352 414.99
-0.00731331 -0.00588539 424.99
-0.00755775 -0.00621385 434.99
-0.00779282 -0.00654618 444.99
-0.0081425 -0.00687103 454.99
-0.00961725 -0.0071381 464.99
-0.0123843 -0.0074554 474.99
-0.0163851 -0.00778601 484.99
-0.0216835 -0.00808678 494.99
-0.0280275 -0.00836281 504.99
-0.0354554 -0.00864281 514.99
-0.0438611 -0.0089252 524.99
-0.0533038 -0.00917332 534.99
-0.0635764 -0.00942631 544.99
-0.0748126 -0.00969589 554.99
-0.0868014 -0.0099534 564.99
-0.0996106 -0.0101764 574.99
-0.113053 -0.0103448 584.99
-0.127134 -0.0105298 594.99
-0.141311 -0.0107014 604.99
-0.155494 -0.010848 614.99
-0.169658 -0.0109885 624.99
-0.183811 -0.0111478 634.99
-0.197964 -0.0112967 644.99
-0.212129 -0.0114607 654.99
-0.226277 -0.0116464 664.99
-0.240411 -0.0118289 674.99
-0.254551 -0.0119875 684.99
-0.26869 -0.0121533 694.99
-0.282835 -0.0123389 704.99
-0.29699 -0.0125297 714.99
-0.311138 -0.0127057 724.99
-0.325295 -0.012841 734.99
-0.339474 -0.0129679 744.99
-0.353631 -0.0130729 754.99
-0.367766 -0.0132024 764.99
-0.381911 -0.0132947 774.99
-0.396047 -0.013389 784.99
-0.410198 -0.013489 794.99
-0.424398 -0.0136001 804.99
-0.438348 -0.0137157 814.99
-0.448611 -0.0138698 824.99
-0.454095 -0.0139815 834.99
-0.454812 -0.0140953 844.99
-0.450734 -0.0142273 854.99
-0.441856 -0.0143593 864.99
-0.428201 -0.0144724 874.99
-0.409731 -0.0145534 884.99
-0.386465 -0.0146466 894.99
-0.358395 -0.0147354 904.99
-0.325504 -0.0148113 914.99
-0.287834 -0.0148832 924.99
-0.24537 -0.0149474 934.99
-0.198096 -0.0150095 944.99
-0.145975 -0.0150659 954.99
-0.0891188 -0.0151459 964.99
-0.0274575 -0.0152072 974.99
0.0389465 -0.0152866 984.99
0.11016 -0.0153419 994.99
0.186165 -0.0154134 1004.99
0.26695 -0.0154655 1014.99
0.352546 -0.0155548 1024.99
0.442935 -0.0156597 1034.99
0.53782 -0.0157882 1044.99
0.633622 -0.0158923 1054.99
0.729414 -0.0160178 1064.99
0.825309 -0.0161539 1074.99
0.921317 -0.0162928 1084.99
1.01737 -0.0164363 1094.99
1.11342 -0.0165734 1104.99
1.2094 -0.0167158 1114.99
1.30533 -0.016837 1124.99
1.40123 -0.016976 1134.99
1.49711 -0.0171314 1144.99
1.59301 -0.0172935 1154.99
1.68893 -0.0174878 1164.99
1.78485 -0.0176909 1174.99
1.88077 -0.0178898 1184.99
1.97672 -0.0181162 1194.99
2.07268 -0.018331 1204.99
2.16865 -0.0185389 1214.99
2.26458 -0.0187001 1224.99
2.36051 -0.0188686 1234.99
2.45642 -0.0190448 1244.99
2.55237 -0.0192237 1254.99
2.64832 -0.0194021 1264.99
2.74428 -0.0196328 1274.99
2.84022 -0.019888 1284.99
2.93617 -0.0201584 1294.99
3.03212 -0.0204402 1304.99
3.12805 -0.0206963 1314.99
3.22398 -0.0209355 1324.99
3.31986 -0.0211727 1334.99
3.41574 -0.0214152 1344.99
3.51163 -0.0216122 1354.99
3.6075 -0.0218276 1364.99
3.70339 -0.0220477 1374.99
3.79927 -0.0222681 1384.99
3.89518 -0.0224872 1394.99
3.99109 -0.0226999 1404.99
4.08701 -0.0229265 1414.99
4.18291 -0.0231597 1424.99
4.27885 -0.0233982 1434.99
4.3748 -0.0236519 1444.99
4.47075 -0.0239099 1454.99
4.56672 -0.0241604 1464.99
4.66261 -0.0243509 1474.99
4.75852 -0.0245377 1484.99
4.85445 -0.0247414 1494.99
4.95041 -0.0249342 1504.99
5.04638 -0.0251378 1514.99
5.14235 -0.0253417 1524.99
5.23828 -0.0255422 1534.99
5.33423 -0.0257494 1544.99
5.43015 -0.0259272 1554.99
5.52604 -0.0261054 1564.99
5.62194 -0.0262762 1574.99
5.71782 -0.0264559 1584.99
5.81371 -0.0266288 1594.99
5.9096 -0.0267991 1604.99
6.00548 -0.0269687 1614.99
6.10137 -0.0271482 1624.99
6.19725 -0.0273092 1634.99
6.29313 -0.0274656 1644.99
6.38899 -0.0276199 1654.99
6.48483 -0.0277613 1664.99
6.58067 -0.0278845 1674.99
6.67647 -0.027998 1684.99
6.77226 -0.028127 1694.99
6.86804 -0.0282862 1704.99
6.96382 -0.0284784 1714.99
7.05962 -0.0286546 1724.99
7.15543 -0.028815 1734.99
7.25122 -0.0289419 1744.99
7.347 -0.0290793 1754.99
7.4428 -0.0292215 1764.99
7.5386 -0.0293852 1774.99
7.63439 -0.0295373 1784.99
7.73019 -0.0296972 1794.99
7.82594 -0.0298543 1804.99
7.92169 -0.0300288 1814.99
8.01745 -0.0301891 1824.99
8.11326 -0.0303579 1834.99
8.20908 -0.0305253 1844.99
8.30491 -0.0307038 1854.99
8.40074 -0.030872 1864.99
8.49658 -0.0310427 1874.99
8.59243 -0.0312013 1884.99
8.6883 -0.0313559 1894.99
8.78416 -0.0315224 1904.99
8.88 -0.0316769 1914.99
8.97586 -0.0318657 1924.99
9.07171 -0.0320653 1934.99
9.16755 -0.0322556 1944.99
9.26344 -0.0324506 1954.99
9.35931 -0.0326264 1964.99
9.45518 -0.0327773 1974.99
9.55103 -0.0329136 1984.99
9.64691 -0.0330206 1994.99
9.74282 -0.033128 2004.99
9.83874 -0.0331826 2014.99
9.93465 -0.0332354 2024.99
10.0305 -0.0332595 2034.99
10.1265 -0.0332726 2044.99
10.2225 -0.0332775 2054.99
10.3184 -0.0332754 2064.99
10.4144 -0.0332699 2074.99
10.5102 -0.0333456 2084.99
10.606 -0.0334238 2094.99
10.7018 -0.0335002 2104.99
10.7977 -0.033571 2114.99
10.8934 -0.0336461 2124.99
10.9892 -0.0336975 2134.99
11.0851 -0.0337592 2144.99
11.1809 -0.0338674 2154.99
11.2767 -0.0339866 2164.99
11.3726 -0.0340984 2174.99
11.4684 -0.0342159 2184.99
11.5642 -0.0343159 2194.99
11.66 -0.0343441 2204.99
11.7559 -0.0343695 2214.99
11.8518 -0.0344127 2224.99
11.9476 -0.0344543 2234.99
12.0435 -0.0345039 2244.99
12.1394 -0.0345585 2254.99
12.2352 -0.0346214 2264.99
12.3311 -0.0346813 2274.99
12.427 -0.0348121 2284.99
12.5228 -0.0349342 2294.99
12.6187 -0.0350568 2304.99
12.7145 -0.0351729 2314.99
12.8104 -0.0352905 2324.99
12.9063 -0.0353719 2334.99
13.0021 -0.035456 2344.99
13.098 -0.0355355 2354.99
13.1938 -0.0356213 2364.99
13.2896 -0.0357194 2374.99
13.3855 -0.0357926 2384.99
13.4814 -0.035884 2394.99
13.5772 -0.0359642 2404.99
13.673 -0.0360608 2414.99
13.7688 -0.0361362 2424.99
13.8646 -0.0362037 2434.99
13.9604 -0.0362953 2444.99
14.0562 -0.0363872 2454.99
14.152 -0.0365004 2464.99
14.2478 -0.0366183 2474.99
14.3436 -0.0367585 2484.99
14.4394 -0.0368964 2494.99
14.5352 -0.0370585 2504.99
14.631 -0.0372225 2514.99
14.7268 -0.0373515 2524.99
14.8231 -0.0375327 2534.99
14.9208 -0.0377181 2544.99
15.0196 -0.0379351 2554.99
15.1196 -0.0381576 2564.99
15.2209 -0.0383898 2574.99
15.3234 -0.0386067 2584.99
15.4272 -0.0388001 2594.99
15.5321 -0.0390711 2604.99
15.6383 -0.0393233 2614.99
15.7457 -0.0395626 2624.99
15.8539 -0.0397887 2634.99
15.9621 -0.0399717 2644.99
16.0698 -0.0401775 2654.99
16.1736 -0.0403692 2664.99
16.2726 -0.0405757 2674.99
16.3667 -0.0407734 2684.99
16.4561 -0.0409292 2694.99
16.5406 -0.0410882 2704.99
16.6204 -0.0412778 2714.99
16.6954 -0.0414548 2724.99
16.7656 -0.0416285 2734.99
16.8309 -0.0417888 2744.99
16.8915 -0.0419348 2754.99
16.9474 -0.0420936 2764.99
16.9985 -0.0422396 2774.99
17.0448 -0.0424166 2784.99
17.0863 -0.0425625 2794.99
17.123 -0.0427295 2804.99
17.1548 -0.0429009 2814.99
17.1819 -0.0430758 2824.99
17.204 -0.0432664 2834.99
17.2215 -0.0434579 2844.99
17.2341 -0.0436425 2854.99
17.2419 -0.0438462 2864.99
17.2449 -0.0440839 2874.99
17.2435 -0.04432 2884.99
17.2413 -0.04455 2894.99
17.239 -0.0447862 2904.99
17.2368 -0.0450174 2914.99
17.2346 -0.0452412 2924.99
17.2324 -0.0454173 2934.99
17.2301 -0.0456349 2944.99
17.2277 -0.0458714 2954.99
17.2254 -0.0461079 2964.99
17.2231 -0.0463437 2974.99
17.2208 -0.0466113 2984.99
17.2184 -0.0469006 2994.99
17.2161 -0.0471934 3004.99
17.2137 -0.0474916 3014.99
17.2113 -0.0478013 3024.99
17.209 -0.0481204 3034.99
17.2066 -0.0484751 3044.99
17.2042 -0.0488378 3054.99
17.2019 -0.0491786 3064.99
17.1995 -0.0495193 3074.99
17.1972 -0.0498568 3084.99
17.1949 -0.0502022 3094.99
17.1925 -0.0505107 3104.99
17.1901 -0.050756 3114.99
17.1878 -0.050997 3124.99
17.1854 -0.0512723 3134.99
17.1831 -0.0515283 3144.99
17.1807 -0.0517932 3154.99
17.1784 -0.0520548 3164.99
17.176 -0.0522865 3174.99
17.1737 -0.0525427 3184.99
17.1713 -0.0527755 3194.99
17.1689 -0.0530205 3204.99
17.1666 -0.0532556 3214.99
17.1642 -0.0534798 3224.99
17.1618 -0.0537256 3234.99
17.1595 -0.053918 3244.99
17.1571 -0.054127 3254.99
17.1548 -0.0543216 3264.99
17.1525 -0.0545443 3274.99
17.1501 -0.0548044 3284.99
17.1477 -0.0550148 3294.99
17.1454 -0.0552115 3304.99
17.143 -0.0553911 3314.99
17.1406 -0.0555709 3324.99
17.1382 -0.0557252 3334.99
17.1359 -0.0558984 3344.99
17.1335 -0.0560941 3354.99
17.1312 -0.0563123 3364.99
17.1289 -0.0565185 3374.99
17.1265 -0.0566918 3384.99
17.1241 -0.0568773 3394.99
17.1218 -0.0570327 3404.99
17.1195 -0.0571716 3414.99
17.1172 -0.0573229 3424.99
17.1148 -0.0574646 3434.99
17.1125 -0.0575805 3444.99
17.1102 -0.0577265 3454.99
17.1078 -0.0578682 3464.99
17.1055 -0.0580126 3474.99
17.1032 -0.0581609 3484.99
17.1008 -0.0583298 3494.99
17.0985 -0.0584794 3504.99
17.0961 -0.0586096 3514.99
17.0937 -0.0587404 3524.99
17.0914 -0.0588738 3534.99
17.089 -0.0590274 3544.99
17.0867 -0.0591869 3554.99
17.0844 -0.0593693 3564.99
17.0821 -0.0595279 3574.99
17.0797 -0.0596682 3584.99
17.0774 -0.0597981 3594.99
17.0752 -0.0599393 3604.99
17.0729 -0.0601023 3614.99
17.0706 -0.0602549 3624.99
17.0683 -0.0603962 3634.99
17.066 -0.0605562 3644.99
17.0636 -0.0607165 3654.99
17.0613 -0.060887 3664.99
17.059 -0.0610503 3674.99
17.0567 -0.0612425 3684.99
17.0544 -0.0614486 3694.99
17.0522 -0.0616942 3704.99
17.0512 -0.061968 3714.99
17.0512 -0.0622469 3724.99
17.0525 -0.0625691 3734.99
17.0551 -0.0629256 3744.99
17.0588 -0.0632654 3754.99
17.0638 -0.0636229 3764.99
17.07 -0.0640091 3774.99
17.0773 -0.0644229 3784.99
17.086 -0.064872 3794.99
17.0956 -0.0653664 3804.99
17.1056 -0.0658471 3814.99
17.1155 -0.0663291 3824.99
17.1254 -0.0668186 3834.99
17.1353 -0.0672961 3844.99
17.1452 -0.0678052 3854.99
17.1551 -0.0683055 3864.99
17.1649 -0.0687932 3874.99
17.1749 -0.0693181 3884.99
17.1848 -0.0698593 3894.99
17.1948 -0.0703603 3904.99
17.2048 -0.070864 3914.99
17.2147 -0.0713483 3924.99
17.2247 -0.0718029 3934.99
17.2346 -0.0722865 3944.99
17.2445 -0.0726186 3954.99
17.2544 -0.072948 3964.99
17.2643 -0.0732696 3974.99
17.2743 -0.0736173 3984.99
17.2842 -0.0739686 3994.99
17.2941 -0.074316 4004.99
17.304 -0.0747011 4014.99
17.3139 -0.0751111 4024.99
17.3238 -0.0755318 4034.99
17.3336 -0.0759705 4044.99
17.3435 -0.0764149 4054.99
17.3533 -0.0768676 4064.99
17.3631 -0.0773369 4074.99
17.3729 -0.0777842 4084.99
17.3827 -0.0782153 4094.99
17.3924 -0.0786428 4104.99
17.4023 -0.0790635 4114.99
17.4122 -0.0795252 4124.99
17.422 -0.079985 4134.99
17.4319 -0.080464 4144.99
17.4417 -0.0809635 4154.99
17.4516 -0.081424 4164.99
17.4614 -0.0818892 4174.99
17.4712 -0.0824049 4184.99
17.481 -0.0828819 4194.99
17.4908 -0.0833593 4204.99
17.5007 -0.083811 4214.99
17.5105 -0.0842699 4224.99
17.5203 -0.084758 4234.99
17.5301 -0.085242 4244.99
17.5399 -0.0857019 4254.99
17.5497 -0.0861613 4264.99
17.5595 -0.0866206 4274.99
17.5693 -0.0870856 4284.99
17.5791 -0.0875519 4294.99
17.5889 -0.0880206 4304.99
17.5987 -0.0884746 4314.99
17.6085 -0.0889292 4324.99
17.6182 -0.089376 4334.99
17.628 -0.0898482 4344.99
17.6377 -0.0903191 4354.99
17.6475 -0.0907792 4364.99
17.6573 -0.0912543 4374.99
17.6671 -0.0917335 4384.99
17.6769 -0.0922112 4394.99
17.6867 -0.0926802 4404.99
17.6965 -0.0931497 4414.99
17.7063 -0.0935993 4424.99
17.716 -0.0940352 4434.99
17.7257 -0.0944895 4444.99
17.7354 -0.0949419 4454.99
17.7451 -0.0954057 4464.99
17.7548 -0.0958393 4474.99
17.7645 -0.0962576 4484.99
17.7742 -0.0966904 4494.99
17.7839 -0.0971098 4504.99
17.7936 -0.0975312 4514.99
17.8033 -0.0979309 4524.99
17.813 -0.098306 4534.99
17.8227 -0.09866 4544.99
17.8324 -0.0989915 4554.99
17.8421 -0.099352 4564.99
17.8518 -0.0997006 4574.99
17.8614 -0.10003 4584.99
17.8711 -0.100362 4594.99
17.8808 -0.100644 4604.99
17.8905 -0.100924 4614.99
17.9002 -0.101213 4624.99
17.9098 -0.101468 4634.99
17.9195 -0.101723 4644.99
17.9291 -0.102005 4654.99
17.9388 -0.102268 4664.99
17.9484 -0.102566 4674.99
17.9581 -0.102839 4684.99
17.9677 -0.103102 4694.99
17.9774 -0.103341 4704.99
17.9871 -0.103559 4714.99
17.9968 -0.103805 4724.99
18.0065 -0.104052 4734.99
18.0161 -0.10424 4744.99
18.0257 -0.104443 4754.99
18.0354 -0.104643 4764.99
18.045 -0.104885 4774.99
18.0547 -0.105089 4784.99
18.0644 -0.105288 4794.99
18.0741 -0.10549 4804.99
18.0838 -0.105713 4814.99
18.0935 -0.105946 4824.99
18.1033 -0.106164 4834.99
18.113 -0.106366 4844.99
18.1228 -0.10654 4854.99
18.1325 -0.106707 4864.99
18.1423 -0.10688 4874.99
18.1521 -0.107052 4884.99
18.1619 -0.107223 4894.99
18.1717 -0.10742 4904.99
18.1815 -0.107606 4914.99
18.1913 -0.107805 4924.99
18.2011 -0.108019 4934.99
18.2109 -0.108261 4944.99
18.2208 -0.108474 4954.99
18.2306 -0.108678 4964.99
18.2404 -0.108899 4974.99
18.2501 -0.109103 4984.99
18.2598 -0.109318 4994.99
