54128
54138
54139
54140
54141
54142
54144
54145
54147
54148
54149
54155
54156
54157
54160
54162
54165
54166
54167
54168
54169
54170
54171
54172
54173
54177
54178
54179
54182
54183
54184
54185
54193
54199
54211
54212
54213
54215
54216
54222
54223
54224
54225
54226
54227
54228
54230
54239
54240
54242
54243
54244
54263
54264
54266
54268
54269
54270
54276
54277
54279
54280
54281
54360
54361
54362
54364
54373
54374
54377
54379
54383
54384
54388
54390
54391
54392
54393
54404
54408
54412
54414
54415
54422
54423
54424
54425
54431
54432
54433
54435
54436
54437
54438
54439
54440
54442
54443
54444
54445
54451
54463
54465
54466
54467
54468
54469
54470
54471
54479
54481
54482
54483
54484
54485
54486
54487
54488
54489
54490
54491
54493
54494
54495
54496
54497
54498
54502
54503
54504
54506
54509
54510
54513
54514
54515
54516
54517
54518
54527
54528
54529
54530
54531
54532
54533
54534
54535
54543
54544
54545
54546
54547
54548
54549
54550
54553
54555
54559
54560
54561
54564
54565
54567
54571
54572
54584
54587
54588
54589
54590
54591
54592
54593
54594
54595
54596
54597
54598
54599
54600
54602
54603
54604
54646
54648
54651
54653
54660
54661
54662
54663
54664
54667
54674
54676
54677
54682
54684
54689
54693
54697
54707
54725
54726
54727
54729
54733
54739
54744
54747
54748
54749
54754
54768
54781
54794
54798
54803
54804
54806
54817
54820
54821
54824
54825
54826
54828
54829
54830
54831
54832
54833
54834
54836
54837
54838
54849
54850
54853
54858
54859
54860
54861
54862
54863
54865
54866
54867
54870
54871
54872
54873
54881
54882
54883
54896
54897
54899
54900
54906
54907
54908
54909
54910
54911
54912
54913
54914
54915
54916
54917
54918
54919
54920
54921
54922
54923
54924
54925
54929
54930
54931
54932
54933
54934
54935
54936
54937
54938
54944
54945
54948
54949
54951
54952
54953
54955
54956
54963
54965
54966
54967
54968
54969
54970
54971
54972
54973
54974
