51274 526000
51277 456000
51279 412000 
51281 511546 
51282 360000
51283 338000
51285 308000
51297 451820
51300 373575
51301 346816
51335 539869
51337 449205 
51370 49147
51374 61472
51487 444476
51490 394041
51491 368329
51492 326890
51493 334985
51494 315671
51495 299800
51502 467042
51504 438704
51506 365678
51508 344317
51509 314081
51510 308512
51511 308661
51517 533993
51518 473785
51520 394303
51562 393232
51565 339406
51570 527352
51572 469377
51573 442538
51574 403466
51575 373055
51576 329837
51605 534157
51607 464740
51619 304678
51709 364847
51710 342173
51711 327382
51713 310469
51715 305622
51716 288376
51718 284342
51735 709530
51736 418870
51740 309762
51742 280167
51777 467396
51824 472224
51827 347813
51830 285562
51837 447191
51839 361907
51841 282913
51843 313495
51854 257030
51858 261308
51874 430105
51881 355482
51886 367642
51900 248350
51901 243087
51902 240625
51905 756407
51907 431580
51908 347570
51909 383063
51914 561295
51915 459106
51922 296618
51924 310249
51927 303150
51928 270719
51933 556708
51934 538089
51940 431112
51945 349628
51946 329446
51949 273478
51952 271036
51953 290442
51954 279701
51958 271076
51977 306611
51978 292674
51982 228191
51985 271583
51986 255794
51987 252164
51990 148443
51997 439262
51998 467259
51999 415681
52005 382178
52015 362757
52018 340916
52022 288639
52026 526115
52030 384196
52032 337779
52035 325376
52036 313578
52037 312454
52044 358782
52046 340547
52047 310745
52048 290068
52049 240684
52052 246502
52060 531527
52062 453040
52067 540837
52068 475426
52069 467378
52097 531470
52099 490758
52101 474163
52102 444280
52103 377529
52107 329305
52108 307200
52110 254278
52111 291136
52112 248287
52145 352491
52146 341785
52265 547085 
52266 525514
52269 430316
52270 341394
52271 358678
52278 310110
52286 472945
52288 307223
52289 327017
52290 279638
52291 313889
52292 306012 
52294 309164
52296 306668
52302 568630
52303 521643
52304 503497
52308 463769
52309 457416
52314 402599
52318 365757
52323 320430
52324 308625
52325 295175
52326 282152
52327 284020
52343 554223
52346 391451
52347 371469
52348 348095
52349 333492
52357 272726
52359 301708
52360 279584
52361 274826
52367 378719
52369 380549
52393 351424
52394 311069
52414 355382
52424 258620
52432 498339
52444 303588
52447 298959
52449 287575
52462 302069
52463 290862
52472 293427
52482 297958
52495 179671
52518 464489
52519 409033
52520 382989
52521 366533
52522 338439
52538 315863
52539 304714
52540 288840
52558 476937
52575 350587
52576 280343
52579 277799
52580 250723
52584 558469
52585 515514
52592 368763
52593 345877
52594 319434
52595 294302
52596 306791
52611 428281
52614 366096
52615 356778
52617 329637
52623 533688
52624 448352
52625 355979
52626 361920
52638 380336
52649 474419
52651 368007
52653 305079
52660 275504
52661 276074 
52682 260941
52690 235163
52692 220901
52704 357992
52718 439124
52721 366399
52755 279698
52811 351443
52815 306513
52846 422609
52887 466235
52888 405451
53046 526095
53049 367030
53287 398078
53293 301444
53312 219538
53370 286560
53376 197277
53407 302533
53452 312148
53468 313232
53742 292244
53744 298716
53753 442070
53754 413344
53761 298695
53768 523290
53769 471029
53772 369438
53780 540476
53782 355708
53793 311554
53794 303360
53828 478663
53830 403490
53833 355690
53834 352473
53836 335724
53852 537790
53856 388589
53860 362641
53861 358000
53862 333945