51274
51277
51279
51281
51282
51283
51285
51297
51300
51301
51335
51337
51370
51374
51487
51490
51491
51492
51493
51494
51495
51502
51504
51506
51508
51509
51510
51511
51517
51518
51520
51562
51565
51570
51572
51573
51574
51575
51576
51605
51607
51619
51709
51710
51711
51713
51715
51716
51718
51735
51736
51740
51742
51777
51824
51827
51830
51837
51839
51841
51843
51854
51858
51874
51881
51886
51900
51901
51902
51905
51907
51908
51909
51914
51915
51922
51924
51927
51928
51933
51934
51940
51945
51946
51949
51952
51953
51954
51958
51977
51978
51982
51985
51986
51987
51990
51997
51998
51999
52005
52015
52018
52022
52026
52030
52032
52035
52036
52037
52044
52046
52047
52048
52049
52052
52060
52062
52067
52068
52069
52097
52099
52101
52102
52103
52107
52108
52110
52111
52112
52145
52146
52265
52266
52269
52270
52271
52278
52286
52288
52289
52290
52291
52292
52294
52296
52302
52303
52304
52308
52309
52314
52318
52323
52324
52325
52326
52327
52343
52346
52347
52348
52349
52357
52359
52360
52361
52367
52369
52393
52394
52414
52424
52432
52444
52447
52449
52462
52463
52472
52482
52495
52518
52519
52520
52521
52522
52538
52539
52540
52558
52575
52576
52579
52580
52584
52585
52592
52593
52594
52595
52596
52611
52614
52615
52617
52623
52624
52625
52626
52638
52649
52651
52653
52660
52661
52682
52690
52692
52704
52718
52721
52755
52811
52815
52846
52887
52888
53046
53049
53287
53293
53312
53370
53376
53407
53452
53468
53742
53744
53753
53754
53761
53768
53769
53772
53780
53782
53793
53794
53828
53830
53833
53834
53836
53852
53856
53860
53861
53862