RN   Bit18Corr  Bit18UC   Bit26Corr  Bit26UC   Bit30Corr  Bit30UC 
47289 0.0139070 0.0129434 0.0139070 0.0129434 0.0139070 0.0129434
47293 0.0104327 0.0097394 0.0104327 0.0097394 0.0104327 0.0097394
47306 0.0108208 0.0101459 0.0108208 0.0101459 0.0108208 0.0101459
47310 0.0292795 0.0275409 0.0292795 0.0275409 0.0292795 0.0275409
47313 0.0163755 0.0154715 0.0163755 0.0154715 0.0163755 0.0154715
47314 0.0149609 0.0141898 0.0149609 0.0141898 0.0149609 0.0141898
47315 0.0081115 0.0077090 0.0081115 0.0077090 0.0081115 0.0077090
47316 0.0126822 0.0120648 0.0126822 0.0120648 0.0126822 0.0120648
47333 0.0083706 0.0079115 0.0083706 0.0079115 0.0083706 0.0079115
47334 0.0195769 0.0185372 0.0195769 0.0185372 0.0195769 0.0185372
47352 0.0332433 0.0316605 0.0332433 0.0316605 0.0332433 0.0316605
47357 0.0053763 0.0051287 0.0053763 0.0051287 0.0053763 0.0051287
47360 0.0285904 0.0273238 0.0285904 0.0273238 0.0285904 0.0273238
47363 0.0015634 0.0014965 0.0015634 0.0014965 0.0015634 0.0014965
47376 0.0298437 0.0281458 0.0298437 0.0281458 0.0298437 0.0281458
47377 0.0103227 0.0097619 0.0103227 0.0097619 0.0103227 0.0097619
47378 0.0478638 0.0454371 0.0478638 0.0454371 0.0478638 0.0454371
47379 0.0112567 0.0107096 0.0112567 0.0107096 0.0112567 0.0107096
47380 0.0017731 0.0016880 0.0017731 0.0016880 0.0017731 0.0016880
47381 0.0121722 0.0115967 0.0121722 0.0115967 0.0121722 0.0115967
47382 0.0072272 0.0068986 0.0072272 0.0068986 0.0072272 0.0068986
47391 0.0257483 0.0242166 0.0257483 0.0242166 0.0257483 0.0242166
47393 0.0066759 0.0062973 0.0066759 0.0062973 0.0066759 0.0062973
47394 0.0062328 0.0058856 0.0062328 0.0058856 0.0062328 0.0058856
47395 0.0219122 0.0207296 0.0219122 0.0207296 0.0219122 0.0207296
47396 0.0289446 0.0274588 0.0289446 0.0274588 0.0289446 0.0274588
47440 0.0243065 0.0228365 0.0243065 0.0228365 0.0243065 0.0228365
47454 0.0367425 0.0346313 0.0367425 0.0346313 0.0367425 0.0346313
47457 0.0236711 0.0224520 0.0236711 0.0224520 0.0236711 0.0224520
47458 0.0465039 0.0442426 0.0465039 0.0442426 0.0465039 0.0442426
47459 0.0043933 0.0041879 0.0043933 0.0041879 0.0043933 0.0041879
47461 0.0288654 0.0275661 0.0288654 0.0275661 0.0288654 0.0275661
47463 0.0154426 0.0147892 0.0154426 0.0147892 0.0154426 0.0147892
47464 0.0129872 0.0124631 0.0129872 0.0124631 0.0129872 0.0124631
47474 0.0215385 0.0201059 0.0215385 0.0201059 0.0215385 0.0201059
47478 0.0079033 0.0074523 0.0079033 0.0074523 0.0079033 0.0074523
47480 0.0178652 0.0170274 0.0178652 0.0170274 0.0178652 0.0170274
47481 0.0038069 0.0036367 0.0038069 0.0036367 0.0038069 0.0036367
47482 0.0024223 0.0023159 0.0024223 0.0023159 0.0024223 0.0023159
47484 0.0057075 0.0054670 0.0057075 0.0054670 0.0057075 0.0054670
47485 0.0057204 0.0054944 0.0057204 0.0054944 0.0057204 0.0054944
47489 0.0030064 0.0028928 0.0030064 0.0028928 0.0030064 0.0028928
47491 0.0300685 0.0290683 0.0300685 0.0290683 0.0300685 0.0290683
47492 0.0080378 0.0077805 0.0080378 0.0077805 0.0080378 0.0077805
47494 0.0027626 0.0026757 0.0027626 0.0026757 0.0027626 0.0026757
47495 0.0193518 0.0187619 0.0193518 0.0187619 0.0193518 0.0187619
47497 0.0025135 0.0024393 0.0025135 0.0024393 0.0025135 0.0024393
47501 0.0126558 0.0117271 0.0126558 0.0117271 0.0126558 0.0117271
47502 0.0542607 0.0509434 0.0542607 0.0509434 0.0542607 0.0509434
47503 0.0394900 0.0372494 0.0394900 0.0372494 0.0394900 0.0372494
47506 0.0456516 0.0433325 0.0456516 0.0433325 0.0456516 0.0433325
47507 0.0193906 0.0184477 0.0193906 0.0184477 0.0193906 0.0184477
47509 0.0157464 0.0150045 0.0157464 0.0150045 0.0157464 0.0150045
47513 0.0248089 0.0225301 0.0248089 0.0225301 0.0248089 0.0225301
47514 0.0246980 0.0229080 0.0246980 0.0229080 0.0246980 0.0229080
47516 0.0593829 0.0556107 0.0593829 0.0556107 0.0593829 0.0556107
47517 0.0221952 0.0209056 0.0221952 0.0209056 0.0221952 0.0209056
47519 0.0174438 0.0165072 0.0174438 0.0165072 0.0174438 0.0165072
47521 0.0122893 0.0116762 0.0122893 0.0116762 0.0122893 0.0116762
47522 0.0134429 0.0128163 0.0134429 0.0128163 0.0134429 0.0128163
47524 0.0273880 0.0261565 0.0273880 0.0261565 0.0273880 0.0261565
47525 0.0081713 0.0078147 0.0081713 0.0078147 0.0081713 0.0078147
47540 0.0514552 0.0482965 0.0514552 0.0482965 0.0514552 0.0482965
47547 0.0038594 0.0036574 0.0038594 0.0036574 0.0038594 0.0036574
47549 0.0214153 0.0203309 0.0214153 0.0203309 0.0214153 0.0203309
47552 0.0445753 0.0424451 0.0445753 0.0424451 0.0445753 0.0424451
47557 0.0497067 0.0450541 0.0497067 0.0450541 0.0497067 0.0450541
47568 0.0223638 0.0208134 0.0223638 0.0208134 0.0223638 0.0208134
47582 0.0480818 0.0431184 0.0480818 0.0431184 0.0480818 0.0431184
47601 0.0080141 0.0073945 0.0080141 0.0073945 0.0080141 0.0073945
47628 0.0070252 0.0065597 0.0070252 0.0065597 0.0070252 0.0065597
47634 0.0293991 0.0275521 0.0293991 0.0275521 0.0293991 0.0275521
47635 0.0258608 0.0243293 0.0258608 0.0243293 0.0258608 0.0243293
47636 0.0135169 0.0127504 0.0135169 0.0127504 0.0135169 0.0127504
47637 0.0146980 0.0138791 0.0146980 0.0138791 0.0146980 0.0138791
47638 0.0113577 0.0107555 0.0113577 0.0107555 0.0113577 0.0107555
47650 0.0144175 0.0129035 0.0144175 0.0129035 0.0144175 0.0129035
47657 0.0290120 0.0263355 0.0290120 0.0263355 0.0290120 0.0263355
47658 0.0576735 0.0529400 0.0576735 0.0529400 0.0576735 0.0529400
47659 0.0122904 0.0113358 0.0122904 0.0113358 0.0122904 0.0113358
47661 0.0301203 0.0278752 0.0301203 0.0278752 0.0301203 0.0278752
47662 0.0189462 0.0175818 0.0189462 0.0175818 0.0189462 0.0175818
47664 0.0118700 0.0110420 0.0118700 0.0110420 0.0118700 0.0110420
47666 0.0179399 0.0167865 0.0179399 0.0167865 0.0179399 0.0167865
47667 0.0205561 0.0192690 0.0205561 0.0192690 0.0205561 0.0192690
47714 0.0062070 0.0055150 0.0062070 0.0055150 0.0062070 0.0055150
47715 0.0128393 0.0115734 0.0128393 0.0115734 0.0128393 0.0115734
47716 0.0142304 0.0128942 0.0142304 0.0128942 0.0142304 0.0128942
47719 0.0100377 0.0091892 0.0100377 0.0091892 0.0100377 0.0091892
47720 0.0470933 0.0434356 0.0470933 0.0434356 0.0470933 0.0434356
47722 0.0347295 0.0322506 0.0347295 0.0322506 0.0347295 0.0322506
47723 0.0355313 0.0331304 0.0355313 0.0331304 0.0355313 0.0331304
47724 0.0385416 0.0360664 0.0385416 0.0360664 0.0385416 0.0360664
47725 0.0104363 0.0097910 0.0104363 0.0097910 0.0104363 0.0097910
47726 0.0493954 0.0464710 0.0493954 0.0464710 0.0493954 0.0464710
47727 0.0224089 0.0211349 0.0224089 0.0211349 0.0112044 0.0105674
47730 0.0066708 0.0063037 0.0066708 0.0063037 0.0066708 0.0063037
47732 0.0410362 0.0388562 0.0410362 0.0388562 0.0410362 0.0388562
47733 0.0402758 0.0382310 0.0402758 0.0382310 0.0402758 0.0382310
47783 0.0043898 0.0040661 0.0043898 0.0040661 0.0043898 0.0040661
47791 0.0312585 0.0291393 0.0312585 0.0291393 0.0312585 0.0291393
47810 0.0486422 0.0452490 0.0486422 0.0452490 0.0486422 0.0452490
47824 0.0279527 0.0261126 0.0279527 0.0261126 0.0279527 0.0261126
47831 0.0071018 0.0066469 0.0071018 0.0066469 0.0071018 0.0066469
47834 0.0018599 0.0017417 0.0018599 0.0017417 0.0018599 0.0017417
47836 0.0115861 0.0108781 0.0115861 0.0108781 0.0115861 0.0108781
47852 0.0060872 0.0057319 0.0060872 0.0057319 0.0060872 0.0057319
47856 0.0081938 0.0077210 0.0081938 0.0077210 0.0081938 0.0077210
47869 0.0081794 0.0077199 0.0081794 0.0077199 0.0081794 0.0077199
47873 0.0181286 0.0171264 0.0181286 0.0171264 0.0181286 0.0171264
47889 0.0233852 0.0212382 0.0233852 0.0212382 0.0233852 0.0212382
47890 0.0189625 0.0173274 0.0189625 0.0173274 0.0189625 0.0173274
47892 0.0224575 0.0205716 0.0224575 0.0205716 0.0224575 0.0205716
47893 0.0161754 0.0149042 0.0161754 0.0149042 0.0161754 0.0149042
47940 0.0029307 0.0026163 0.0029307 0.0026163 0.0029307 0.0026163
47944 0.0141854 0.0128777 0.0141854 0.0128777 0.0141854 0.0128777
47946 0.0102986 0.0094385 0.0102986 0.0094385 0.0102986 0.0094385
47972 0.0319794 0.0303962 0.0319794 0.0303962 0.0319794 0.0303962
47975 0.0089816 0.0085701 0.0089816 0.0085701 0.0089816 0.0085701
47976 0.0277847 0.0265770 0.0277847 0.0265770 0.0277847 0.0265770
47977 0.0079001 0.0075666 0.0079001 0.0075666 0.0079001 0.0075666
47978 0.0172609 0.0165468 0.0172609 0.0165468 0.0172609 0.0165468
47979 0.0195081 0.0187220 0.0195081 0.0187220 0.0195081 0.0187220
47982 0.0097477 0.0093673 0.0097477 0.0093673 0.0097477 0.0093673
47999 0.0237485 0.0216119 0.0237485 0.0216119 0.0237485 0.0216119
48001 0.0185028 0.0169593 0.0185028 0.0169593 0.0185028 0.0169593
48002 0.0619616 0.0571319 0.0619616 0.0571319 0.0619616 0.0571319
48008 0.0275819 0.0256844 0.0275819 0.0256844 0.0275819 0.0256844
48011 0.0396491 0.0371258 0.0396491 0.0371258 0.0396491 0.0371258
48073 0.0355636 0.0329591 0.0355636 0.0329591 0.0355636 0.0329591
48079 0.0060453 0.0056690 0.0060453 0.0056690 0.0060453 0.0056690
48082 0.0050089 0.0047054 0.0050089 0.0047054 0.0050089 0.0047054
48084 0.0140285 0.0131979 0.0140285 0.0131979 0.0140285 0.0131979
48085 0.0277594 0.0262360 0.0277594 0.0262360 0.0277594 0.0262360
48086 0.0201879 0.0191140 0.0201879 0.0191140 0.0201879 0.0191140
48089 0.0138311 0.0128623 0.0138311 0.0128623 0.0138311 0.0128623
48097 0.0103386 0.0097835 0.0103386 0.0097835 0.0103386 0.0097835
48099 0.0039497 0.0037406 0.0039497 0.0037406 0.0039497 0.0037406
48166 0 0 0 0 0 0
48181 0.0192541 0.0181824 0.0192541 0.0181824 0.0192541 0.0181824
48185 0.0079922 0.0075719 0.0079922 0.0075719 0.0079922 0.0075719
48230 0.0054233 0.0049792 0.0053497 0.0049117 0.0026826 0.0024629
48233 0.0322985 0.0301284 0.0322985 0.0301284 0.0322985 0.0301284
48236 0.0294047 0.0276006 0.0294047 0.0276006 0.0294047 0.0276006
48237 0.0285823 0.0269063 0.0285823 0.0269063 0.0285823 0.0269063
48239 0.0198198 0.0187539 0.0198198 0.0187539 0.0198198 0.0187539
48240 0.0243187 0.0230512 0.0243187 0.0230512 0.0243187 0.0230512
48244 0 0 0 0 0 0
48245 0.0075880 0.0072093 0.0075880 0.0072093 0.0075880 0.0072093
48246 0.0230647 0.0219363 0.0230647 0.0219363 0.0230647 0.0219363
48253 0.0130348 0.0120783 0.0130348 0.0120783 0.0065173 0.0060391
48255 0.0342027 0.0319736 0.0342027 0.0319736 0.0171014 0.0159868
48256 0.0311795 0.0293307 0.0311795 0.0293307 0.0155898 0.0146654
48257 0.0287049 0.0271120 0.0287049 0.0271120 0.0143524 0.0135560
48258 0.0267158 0.0253099 0.0267158 0.0253099 0.0133579 0.0126549
48259 0.0159587 0.0151509 0.0159587 0.0151509 0.0079793 0.0075755
48260 0.0244245 0.0232547 0.0244245 0.0232547 0.0122123 0.0116274
48261 0.0231565 0.0220867 0.0231565 0.0220867 0.0115783 0.0110433
48262 0.0223893 0.0213885 0.0223893 0.0213885 0.0111947 0.0106943
48263 0.0215351 0.0206014 0.0215351 0.0206014 0.0107675 0.0103007
48265 0.0208658 0.0199903 0.0208658 0.0199903 0.0104329 0.0099952
48290 0.0340298 0.0318226 0.0340298 0.0318226 0.0340298 0.0318226
48291 0.0278825 0.0261846 0.0278825 0.0261846 0.0278825 0.0261846
48293 0.0265585 0.0249992 0.0265585 0.0249992 0.0265585 0.0249992
48294 0.0255152 0.0240636 0.0255152 0.0240636 0.0255152 0.0240636
48295 0.0123209 0.0116349 0.0123209 0.0116349 0.0123209 0.0116349
48307 0.0049371 0.0046015 0.0049371 0.0046015 0.0049371 0.0046015
48312 0.0301327 0.0283348 0.0301327 0.0283348 0.0301327 0.0283348
48313 0.0265521 0.0250658 0.0265521 0.0250658 0.0265521 0.0250658
48318 0.0041767 0.0039573 0.0041767 0.0039573 0.0041767 0.0039573
48320 0.0169868 0.0161147 0.0169868 0.0161147 0.0169868 0.0161147
48323 0.0217650 0.0207173 0.0217650 0.0207173 0.0217650 0.0207173
48325 0.0192702 0.0184080 0.0192702 0.0184080 0.0192702 0.0184080
48326 0.0186936 0.0178822 0.0186936 0.0178822 0.0186936 0.0178822
48327 0.0025509 0.0024436 0.0025509 0.0024436 0.0025509 0.0024436
48336 0.0150027 0.0139708 0.0150027 0.0139708 0.0150027 0.0139708
48337 0.0064183 0.0059897 0.0064183 0.0059897 0.0064183 0.0059897
48341 0.0051906 0.0048574 0.0051906 0.0048574 0.0051906 0.0048574
48342 0.0289666 0.0271822 0.0289666 0.0271822 0.0289666 0.0271822
48343 0.0077177 0.0072551 0.0077177 0.0072551 0.0077177 0.0072551
48346 0.0247644 0.0233529 0.0247644 0.0233529 0.0247644 0.0233529
48347 0.0260888 0.0246470 0.0260888 0.0246470 0.0260888 0.0246470
48348 0.0233822 0.0221250 0.0233822 0.0221250 0.0233822 0.0221250
48349 0.0235743 0.0223405 0.0235743 0.0223405 0.0235743 0.0223405
48352 0.0198975 0.0188849 0.0198975 0.0188849 0.0198975 0.0188849
48356 0.0373886 0.0347339 0.0373886 0.0347339 0.0373886 0.0347339
48357 0.0319318 0.0298617 0.0319318 0.0298617 0.0319318 0.0298617
48358 0.0294262 0.0276412 0.0294262 0.0276412 0.0294262 0.0276412
48359 0.0278960 0.0262898 0.0278960 0.0262898 0.0278960 0.0262898
48364 0.0233653 0.0221636 0.0233653 0.0221636 0.0233653 0.0221636
48366 0.0229496 0.0218106 0.0229496 0.0218106 0.0229496 0.0218106
48367 0.0217704 0.0207229 0.0217704 0.0207229 0.0217704 0.0207229
48368 0.0191922 0.0182942 0.0191922 0.0182942 0.0191922 0.0182942
48369 0.0171941 0.0164073 0.0171941 0.0164073 0.0171941 0.0164073
48398 0.0111965 0.0103940 0.0111965 0.0103940 0.0111965 0.0103940
48409 0.0279258 0.0262007 0.0279258 0.0262007 0.0279258 0.0262007
48410 0.0307774 0.0289680 0.0307774 0.0289680 0.0307774 0.0289680
48412 0.0248147 0.0234515 0.0248147 0.0234515 0.0248147 0.0234515
48416 0.0243440 0.0230466 0.0243440 0.0230466 0.0243440 0.0230466
48417 0.0219827 0.0208473 0.0219827 0.0208473 0.0219827 0.0208473
48418 0.0046214 0.0043874 0.0046214 0.0043874 0.0046214 0.0043874
48421 0.0189854 0.0180546 0.0189854 0.0180546 0.0189854 0.0180546
48423 0.0054760 0.0052130 0.0054760 0.0052130 0.0054760 0.0052130
48455 0.0204930 0.0188563 0.0204930 0.0188563 0.0204930 0.0188563
48456 0.0075804 0.0070038 0.0075804 0.0070038 0.0075804 0.0070038
48461 0.0313375 0.0291696 0.0313375 0.0291696 0.0313375 0.0291696
48462 0.0307007 0.0287057 0.0307007 0.0287057 0.0307007 0.0287057
48469 0.0246133 0.0232394 0.0246133 0.0232394 0.0246133 0.0232394
48471 0.0149269 0.0141180 0.0149269 0.0141180 0.0149269 0.0141180
48510 0.0155754 0.0141852 0.0155754 0.0141852 0.0155754 0.0141852
48511 0.0157412 0.0143656 0.0157412 0.0143656 0.0157412 0.0143656
48512 0.0178343 0.0163274 0.0178343 0.0163274 0.0178343 0.0163274
48513 0.0285131 0.0261932 0.0285131 0.0261932 0.0285131 0.0261932
48514 0.0230196 0.0212354 0.0230196 0.0212354 0.0230196 0.0212354
48516 0.0363283 0.0336361 0.0363283 0.0336361 0.0363283 0.0336361
48518 0.0347299 0.0322516 0.0347299 0.0322516 0.0347299 0.0322516
48519 0.0258242 0.0240305 0.0258242 0.0240305 0.0258242 0.0240305
48520 0.0309565 0.0288967 0.0309565 0.0288967 0.0309565 0.0288967
48521 0.0307459 0.0287503 0.0307459 0.0287503 0.0307459 0.0287503
48522 0.0313887 0.0294043 0.0313887 0.0294043 0.0313887 0.0294043
48529 0.0110398 0.0103744 0.0110398 0.0103744 0.0110398 0.0103744
48530 0.0222576 0.0209546 0.0222576 0.0209546 0.0222576 0.0209546
48531 0.0252538 0.0238025 0.0252538 0.0238025 0.0252538 0.0238025
48532 0.0242331 0.0228658 0.0242331 0.0228658 0.0242331 0.0228658
48533 0.0245480 0.0231872 0.0245480 0.0231872 0.0245480 0.0231872
48635 0.0415359 0.0383235 0.0415359 0.0383235 0.0415359 0.0383235
48636 0.0388384 0.0359825 0.0388384 0.0359825 0.0388384 0.0359825
48645 0.0297210 0.0279340 0.0297210 0.0279340 0.0297210 0.0279340
48656 0.0098285 0.0092710 0.0098285 0.0092710 0.0098285 0.0092710
48657 0.0277203 0.0261775 0.0277203 0.0261775 0.0277203 0.0261775
48658 0.0267944 0.0253387 0.0267944 0.0253387 0.0267944 0.0253387
48660 0.0182727 0.0173060 0.0182727 0.0173060 0.0182727 0.0173060
48701 0.0645847 0.0587594 0.0645847 0.0587594 0.0645847 0.0587594
48720 0.0775089 0.0716068 0.0775089 0.0716068 0.0775089 0.0716068
48721 0.0159248 0.0148081 0.0159248 0.0148081 0.0159248 0.0148081
48722 0.0504402 0.0471788 0.0504402 0.0471788 0.0504402 0.0471788
48725 0.0349488 0.0328861 0.0349488 0.0328861 0.0349488 0.0328861
48726 0.0503527 0.0475612 0.0503527 0.0475612 0.0503527 0.0475612
48727 0.0504093 0.0478071 0.0504093 0.0478071 0.0504093 0.0478071
48731 0.0605249 0.0537523 0.0605249 0.0537523 0.0605249 0.0537523
48732 0.0100905 0.0090943 0.0100905 0.0090943 0.0100905 0.0090943
48734 0.0449442 0.0408490 0.0449442 0.0408490 0.0449442 0.0408490
48742 0.0645453 0.0600625 0.0645453 0.0600625 0.0645453 0.0600625
48743 0.0140091 0.0130993 0.0140091 0.0130993 0.0140091 0.0130993
48745 0.0067697 0.0063444 0.0067697 0.0063444 0.0067697 0.0063444
48746 0.0049171 0.0046256 0.0049171 0.0046256 0.0049171 0.0046256
48801 0.0505196 0.0462236 0.0505196 0.0462236 0.0505196 0.0462236
48803 0.0205649 0.0190314 0.0205649 0.0190314 0.0205649 0.0190314
48805 0.0295256 0.0274724 0.0295256 0.0274724 0.0295256 0.0274724
48806 0.0066757 0.0062341 0.0066757 0.0062341 0.0066757 0.0062341
48807 0.0647603 0.0607612 0.0647603 0.0607612 0.0647603 0.0607612
48810 0.0094092 0.0088892 0.0094092 0.0088892 0.0094092 0.0088892
48813 0.0230075 0.0218798 0.0230075 0.0218798 0.0230075 0.0218798
48824 0.0244446 0.0217705 0.0244446 0.0217705 0.0244446 0.0217705
48826 0.0208984 0.0198373 0.0208984 0.0198373 0.0208984 0.0198373
48828 0.0593316 0.0550460 0.0593316 0.0550460 0.0593316 0.0550460
48829 0.0117349 0.0109581 0.0117349 0.0109581 0.0117349 0.0109581
48832 0.0525131 0.0493764 0.0525131 0.0493764 0.0525131 0.0493764
48836 0.0455207 0.0431261 0.0455207 0.0431261 0.0455207 0.0431261
48838 0.0208681 0.0198431 0.0208681 0.0198431 0.0208681 0.0198431
48839 0.0360777 0.0343916 0.0360777 0.0343916 0.0360777 0.0343916
48863 0.0142921 0.0129824 0.0142921 0.0129824 0.0142921 0.0129824
48864 0.0447326 0.0409239 0.0447326 0.0409239 0.0447326 0.0409239
48865 0.0290504 0.0268029 0.0290504 0.0268029 0.0290504 0.0268029
48867 0.0131989 0.0122540 0.0131989 0.0122540 0.0131989 0.0122540
48883 0.0153493 0.0136501 0.0153493 0.0136501 0.0153493 0.0136501
48885 0.0097031 0.0087151 0.0097031 0.0087151 0.0097031 0.0087151
48891 0.0458248 0.0423855 0.0458248 0.0423855 0.0458248 0.0423855
48892 0.0153961 0.0143047 0.0153961 0.0143047 0.0153961 0.0143047
48893 0.0122556 0.0114081 0.0122556 0.0114081 0.0122556 0.0114081
48894 0.0083654 0.0077989 0.0083654 0.0077989 0.0083654 0.0077989
48895 0.0264142 0.0246771 0.0264142 0.0246771 0.0264142 0.0246771
48897 0.0247880 0.0232530 0.0247880 0.0232530 0.0247880 0.0232530
48899 0.0302294 0.0284674 0.0302294 0.0284674 0.0302294 0.0284674
48900 0.0107089 0.0101073 0.0107089 0.0101073 0.0107089 0.0101073
48901 0.0060175 0.0056853 0.0060175 0.0056853 0.0060175 0.0056853
48902 0.0378255 0.0358176 0.0378255 0.0358176 0.0378255 0.0358176
48903 0.0278868 0.0263977 0.0278868 0.0263977 0.0278868 0.0263977
48935 0.0252206 0.0223684 0.0252206 0.0223684 0.0252206 0.0223684
48938 0.0210033 0.0191063 0.0210033 0.0191063 0.0210033 0.0191063
48940 0.0159331 0.0146101 0.0159331 0.0146101 0.0159331 0.0146101
48943 0.0748551 0.0693926 0.0748551 0.0693926 0.0748551 0.0693926
48946 0.0405909 0.0379676 0.0405909 0.0379676 0.0405909 0.0379676
48949 0.0424574 0.0400709 0.0424574 0.0400709 0.0424574 0.0400709
48951 0.0174061 0.0164867 0.0174061 0.0164867 0.0174061 0.0164867
48971 0.0296809 0.0263121 0.0296809 0.0263121 0.0296809 0.0263121
48982 0.0248482 0.0227089 0.0248482 0.0227089 0.0248482 0.0227089
48983 0.0757101 0.0697789 0.0757101 0.0697789 0.0757101 0.0697789
48984 0.0290188 0.0269315 0.0290188 0.0269315 0.0290188 0.0269315
48985 0.0705331 0.0658201 0.0705331 0.0658201 0.0705331 0.0658201
48986 0.0222839 0.0208926 0.0222839 0.0208926 0.0222839 0.0208926
48987 0.0086936 0.0081769 0.0086936 0.0081769 0.0086936 0.0081769
48988 0.0469579 0.0442700 0.0469579 0.0442700 0.0469579 0.0442700
48990 0.0139374 0.0132220 0.0139374 0.0132220 0.0139374 0.0132220
48991 0.0374730 0.0356167 0.0374730 0.0356167 0.0374730 0.0356167
49023 0.0343773 0.0316133 0.0343773 0.0316133 0.0343773 0.0316133
49026 0.0135688 0.0123983 0.0135688 0.0123983 0.0135688 0.0123983
49027 0.0113448 0.0104046 0.0113448 0.0104046 0.0113448 0.0104046
49029 0.0149453 0.0137746 0.0149453 0.0137746 0.0149453 0.0137746
49030 0.0144121 0.0133290 0.0144121 0.0133290 0.0144121 0.0133290
49031 0.0136055 0.0126140 0.0136055 0.0126140 0.0136055 0.0126140
49035 0.0071346 0.0069974 0.0071346 0.0069974 0.0071346 0.0069974
49038 0.0098000 0.0096169 0.0098000 0.0096169 0.0098000 0.0096169
49042 0.0112444 0.0110392 0.0112444 0.0110392 0.0112444 0.0110392
49045 0.0127665 0.0125568 0.0127665 0.0125568 0.0127665 0.0125568
49048 0.0025508 0.0025102 0.0025508 0.0025102 0.0025508 0.0025102
49053 0.0121245 0.0119449 0.0121245 0.0119449 0.0121245 0.0119449
49054 0.0091767 0.0090440 0.0091767 0.0090440 0.0091767 0.0090440
49060 0.0160350 0.0146862 0.0160350 0.0146862 0.0160350 0.0146862
49061 0.0774981 0.0717358 0.0774981 0.0717358 0.0774981 0.0717358
49062 0.0287167 0.0268055 0.0287167 0.0268055 0.0287167 0.0268055
49063 0.0289804 0.0271536 0.0289804 0.0271536 0.0289804 0.0271536
49065 0.0365692 0.0344817 0.0365692 0.0344817 0.0365692 0.0344817
49066 0.0169449 0.0160246 0.0169449 0.0160246 0.0169449 0.0160246
49067 0.0249774 0.0236655 0.0249774 0.0236655 0.0249774 0.0236655
49069 0.0352948 0.0335959 0.0352948 0.0335959 0.0352948 0.0335959
49070 0.0174663 0.0166513 0.0174663 0.0166513 0.0174663 0.0166513
49071 0.0154583 0.0147551 0.0154583 0.0147551 0.0154583 0.0147551
49072 0.0225501 0.0215540 0.0225501 0.0215540 0.0225501 0.0215540
49073 0.0082437 0.0078887 0.0082437 0.0078887 0.0082437 0.0078887
49098 0.0071809 0.0064110 0.0071809 0.0064110 0.0071809 0.0064110
49099 0.0556588 0.0501267 0.0556588 0.0501267 0.0556588 0.0501267
49100 0.0250847 0.0228047 0.0250847 0.0228047 0.0250847 0.0228047
49111 0.0641845 0.0600320 0.0641845 0.0600320 0.0641845 0.0600320
49113 0.0192672 0.0181143 0.0192672 0.0181143 0.0192672 0.0181143
49116 0.0466827 0.0441294 0.0466827 0.0441294 0.0466827 0.0441294
49118 0.0149930 0.0142520 0.0149930 0.0142520 0.0149930 0.0142520
49121 0.0567942 0.0505353 0.0567942 0.0505353 0.0567942 0.0505353
49125 0.0516462 0.0471099 0.0516462 0.0471099 0.0516462 0.0471099
49127 0.0642938 0.0597213 0.0642938 0.0597213 0.0642938 0.0597213
49128 0.0354406 0.0331458 0.0354406 0.0331458 0.0354406 0.0331458
49133 0.0143268 0.0135187 0.0143268 0.0135187 0.0143268 0.0135187
49136 0.0412767 0.0392166 0.0412767 0.0392166 0.0412767 0.0392166
49138 0.0238550 0.0227948 0.0238550 0.0227948 0.0238550 0.0227948
49140 0.0116476 0.0111636 0.0116476 0.0111636 0.0116476 0.0111636
49141 0.0245767 0.0235873 0.0245767 0.0235873 0.0245767 0.0235873
49143 0.0052713 0.0050722 0.0052713 0.0050722 0.0052713 0.0050722
49148 0.0169815 0.0163592 0.0169815 0.0163592 0.0169815 0.0163592
49157 0.0210836 0.0203593 0.0210836 0.0203593 0.0210836 0.0203593
49159 0.0154796 0.0149798 0.0154796 0.0149798 0.0154796 0.0149798
49165 0.0065756 0.0063691 0.0065756 0.0063691 0.0065756 0.0063691
49217 0.0309800 0.0276543 0.0309800 0.0276543 0.0309800 0.0276543
49218 0.0160149 0.0144099 0.0160149 0.0144099 0.0160149 0.0144099
49219 0.0832480 0.0762669 0.0832480 0.0762669 0.0832480 0.0762669
49224 0.0123099 0.0114222 0.0123099 0.0114222 0.0123099 0.0114222
49226 0.0130056 0.0121007 0.0130056 0.0121007 0.0130056 0.0121007
49227 0.0192810 0.0179972 0.0192810 0.0179972 0.0192810 0.0179972
49228 0.0217280 0.0203692 0.0217280 0.0203692 0.0217280 0.0203692
49229 0.0598882 0.0563789 0.0598882 0.0563789 0.0598882 0.0563789
49230 0.0129254 0.0122003 0.0129254 0.0122003 0.0129254 0.0122003
49233 0.0044402 0.0042069 0.0044402 0.0042069 0.0044402 0.0042069
49240 0.0409331 0.0365265 0.0409331 0.0365265 0.0409331 0.0365265
49241 0.0264116 0.0238255 0.0264116 0.0238255 0.0264116 0.0238255
49244 0.0432918 0.0394437 0.0432918 0.0394437 0.0432918 0.0394437
49245 0.0188073 0.0172659 0.0188073 0.0172659 0.0188073 0.0172659
49247 0.0003522 0.0003258 0.0003522 0.0003258 0.0003522 0.0003258
49248 0.0666371 0.0620438 0.0666371 0.0620438 0.0666371 0.0620438
49249 0.0388263 0.0363919 0.0388263 0.0363919 0.0388263 0.0363919
49250 0.0269200 0.0253341 0.0269200 0.0253341 0.0269200 0.0253341
49251 0.0107077 0.0100961 0.0107077 0.0100961 0.0107077 0.0100961
49254 0.0131979 0.0124934 0.0131979 0.0124934 0.0131979 0.0124934
49262 0.0228682 0.0212534 0.0228682 0.0212534 0.0228682 0.0212534
49263 0.0243940 0.0227513 0.0243940 0.0227513 0.0243940 0.0227513
49264 0.0414531 0.0388225 0.0414531 0.0388225 0.0414531 0.0388225
49265 0.0592927 0.0558383 0.0592927 0.0558383 0.0592927 0.0558383
49266 0.0187420 0.0177204 0.0187420 0.0177204 0.0187420 0.0177204
49267 0.0446407 0.0422409 0.0446407 0.0422409 0.0446407 0.0422409
49268 0.0159728 0.0151567 0.0159728 0.0151567 0.0159728 0.0151567
49270 0.0176773 0.0168071 0.0176773 0.0168071 0.0176773 0.0168071
49307 0.0482773 0.0445681 0.0482773 0.0445681 0.0482773 0.0445681
49308 0.0145554 0.0134879 0.0145554 0.0134879 0.0145554 0.0134879
49309 0.0203928 0.0189383 0.0203928 0.0189383 0.0203928 0.0189383
49310 0.0213765 0.0199049 0.0213765 0.0199049 0.0213765 0.0199049
49311 0.0069681 0.0065036 0.0069681 0.0065036 0.0069681 0.0065036
49312 0.0446450 0.0417743 0.0446450 0.0417743 0.0446450 0.0417743
49313 0.0081614 0.0076554 0.0081614 0.0076554 0.0081614 0.0076554
49314 0.0338098 0.0317750 0.0338098 0.0317750 0.0338098 0.0317750
49316 0.0334808 0.0315753 0.0334808 0.0315753 0.0334808 0.0315753
49317 0.0056309 0.0053199 0.0056309 0.0053199 0.0056309 0.0053199
49324 0.0588952 0.0532765 0.0588952 0.0532765 0.0588952 0.0532765
49329 0.0179351 0.0166975 0.0179351 0.0166975 0.0179351 0.0166975
49330 0.0245525 0.0229190 0.0245525 0.0229190 0.0245525 0.0229190
49331 0.0549045 0.0515325 0.0549045 0.0515325 0.0549045 0.0515325
49337 0.0534200 0.0481687 0.0534200 0.0481687 0.0534200 0.0481687
49339 0.0090940 0.0083237 0.0090940 0.0083237 0.0090940 0.0083237
49340 0.0100664 0.0092349 0.0100664 0.0092349 0.0100664 0.0092349
49341 0.0153463 0.0141344 0.0153463 0.0141344 0.0153463 0.0141344
49345 0.0329094 0.0306818 0.0329094 0.0306818 0.0329094 0.0306818
49346 0.0110104 0.0102910 0.0110104 0.0102910 0.0110104 0.0102910
49347 0.0087966 0.0082450 0.0087966 0.0082450 0.0087966 0.0082450
49348 0.0357989 0.0336295 0.0357989 0.0336295 0.0357989 0.0336295
49349 0.0159829 0.0150490 0.0159829 0.0150490 0.0159829 0.0150490
49351 0.0189856 0.0179196 0.0189856 0.0179196 0.0189856 0.0179196
49352 0.0407199 0.0385187 0.0407199 0.0385187 0.0407199 0.0385187
49356 0.0674938 0.0599514 0.0674938 0.0599514 0.0674938 0.0599514
49358 0.0581288 0.0529378 0.0581288 0.0529378 0.0581288 0.0529378
49359 0.0494725 0.0455850 0.0494725 0.0455850 0.0494725 0.0455850
49360 0.0302242 0.0280302 0.0302242 0.0280302 0.0302242 0.0280302
49361 0.0530613 0.0494880 0.0530613 0.0494880 0.0530613 0.0494880
49362 0.0105229 0.0098518 0.0105229 0.0098518 0.0105229 0.0098518
49365 0.0463215 0.0436098 0.0463215 0.0436098 0.0463215 0.0436098
49366 0.0263026 0.0248586 0.0263026 0.0248586 0.0263026 0.0248586
49367 0.0373962 0.0354577 0.0373962 0.0354577 0.0373962 0.0354577
49368 0.0091503 0.0086954 0.0091503 0.0086954 0.0091503 0.0086954
49369 0.0092763 0.0088246 0.0092763 0.0088246 0.0092763 0.0088246
49374 0.0507365 0.0464357 0.0507365 0.0464357 0.0507365 0.0464357
49376 0.0314307 0.0288940 0.0314307 0.0288940 0.0314307 0.0288940
49377 0.0005105 0.0004709 0.0005105 0.0004709 0.0005105 0.0004709
49378 0.0496769 0.0460145 0.0496769 0.0460145 0.0496769 0.0460145
49379 0.0154871 0.0144061 0.0154871 0.0144061 0.0154871 0.0144061
49380 0.0363111 0.0338491 0.0363111 0.0338491 0.0363111 0.0338491
49381 0.0207687 0.0194035 0.0207687 0.0194035 0.0207687 0.0194035
49382 0.0286836 0.0268483 0.0286836 0.0268483 0.0286836 0.0268483
49383 0.0391785 0.0367590 0.0391785 0.0367590 0.0391785 0.0367590
49384 0.0164799 0.0154914 0.0164799 0.0154914 0.0164799 0.0154914
49385 0.0308258 0.0291126 0.0308258 0.0291126 0.0308258 0.0291126
49390 0.0164928 0.0156542 0.0164928 0.0156542 0.0164928 0.0156542
49432 0.0345245 0.0313494 0.0345245 0.0313494 0.0345245 0.0313494
49433 0.0829677 0.0762183 0.0829677 0.0762183 0.0829677 0.0762183
49434 0.0723865 0.0671826 0.0723865 0.0671826 0.0723865 0.0671826
49435 0.0622361 0.0581868 0.0622361 0.0581868 0.0622361 0.0581868
49437 0.0097398 0.0091407 0.0097398 0.0091407 0.0097398 0.0091407
49438 0.0570283 0.0536745 0.0570283 0.0536745 0.0570283 0.0536745
49439 0.0154038 0.0145409 0.0154038 0.0145409 0.0154038 0.0145409
49440 0.0169844 0.0160557 0.0169844 0.0160557 0.0169844 0.0160557
49445 0.0127865 0.0114010 0.0127865 0.0114010 0.0127865 0.0114010
49446 0.0263111 0.0236564 0.0263111 0.0236564 0.0263111 0.0236564
49447 0.0843296 0.0767449 0.0843296 0.0767449 0.0843296 0.0767449
49448 0.0434739 0.0399360 0.0434739 0.0399360 0.0434739 0.0399360
49449 0.0088938 0.0081973 0.0088938 0.0081973 0.0088938 0.0081973
49451 0.0686911 0.0636065 0.0686911 0.0636065 0.0686911 0.0636065
49452 0.0254657 0.0237075 0.0254657 0.0237075 0.0254657 0.0237075
49453 0.0268520 0.0250568 0.0268520 0.0250568 0.0268520 0.0250568
49454 0.0170010 0.0158959 0.0170010 0.0158959 0.0170010 0.0158959
49455 0.0059810 0.0055981 0.0059810 0.0055981 0.0059810 0.0055981
49456 0.0588851 0.0552513 0.0588851 0.0552513 0.0588851 0.0552513
49457 0.0212423 0.0199875 0.0212423 0.0199875 0.0212423 0.0199875
49464 0.0497846 0.0443521 0.0497846 0.0443521 0.0497846 0.0443521
49466 0.0275752 0.0249373 0.0275752 0.0249373 0.0275752 0.0249373
49468 0.0430258 0.0393986 0.0430258 0.0393986 0.0430258 0.0393986
49652 0.0178002 0.0157168 0.0178002 0.0157168 0.0178002 0.0157168
49653 0.0284360 0.0252420 0.0284360 0.0252420 0.0284360 0.0252420
49655 0.0970789 0.0877338 0.0970789 0.0877338 0.0970789 0.0877338
49656 0.0417243 0.0381228 0.0417243 0.0381228 0.0417243 0.0381228
49658 0.0095785 0.0087991 0.0095785 0.0087991 0.0095785 0.0087991
49659 0.0374046 0.0344506 0.0374046 0.0344506 0.0374046 0.0344506
49660 0.0211155 0.0195054 0.0211155 0.0195054 0.0211155 0.0195054
49661 0.0274806 0.0254766 0.0274806 0.0254766 0.0274806 0.0254766
49662 0.0152185 0.0141376 0.0152185 0.0141376 0.0152185 0.0141376
49664 0.0149747 0.0139370 0.0149747 0.0139370 0.0149747 0.0139370
49736 0.0077280 0.0069888 0.0077280 0.0069888 0.0077280 0.0069888
49737 0.0555631 0.0506569 0.0555631 0.0506569 0.0555631 0.0506569
49742 0.0084638 0.0077851 0.0084638 0.0077851 0.0084638 0.0077851
49743 0.0183023 0.0168755 0.0183023 0.0168755 0.0183023 0.0168755
49749 0.0599666 0.0559715 0.0599666 0.0559715 0.0599666 0.0559715
49751 0.0279755 0.0262677 0.0279755 0.0262677 0.0279755 0.0262677
49752 0.0090772 0.0085441 0.0090772 0.0085441 0.0090772 0.0085441
49756 0.0214407 0.0187337 0.0214407 0.0187337 0.0214407 0.0187337
49758 0.0396557 0.0351111 0.0396557 0.0351111 0.0396557 0.0351111
49760 0.0324264 0.0292470 0.0324264 0.0292470 0.0324264 0.0292470
49761 0.0106012 0.0095948 0.0106012 0.0095948 0.0106012 0.0095948
49762 0.0081456 0.0073861 0.0081456 0.0073861 0.0081456 0.0073861
49919 0.0262548 0.0236806 0.0262548 0.0236806 0.0262548 0.0236806
49922 0.0652702 0.0595666 0.0652702 0.0595666 0.0652702 0.0595666
49923 0.0677937 0.0623115 0.0677937 0.0623115 0.0677937 0.0623115
49925 0.0141947 0.0130985 0.0141947 0.0130985 0.0141947 0.0130985
49926 0.0284923 0.0263444 0.0284923 0.0263444 0.0284923 0.0263444
49928 0.0051726 0.0047906 0.0051726 0.0047906 0.0051726 0.0047906
49930 0.0054029 0.0050120 0.0054029 0.0050120 0.0054029 0.0050120
49934 0.0281618 0.0262901 0.0281618 0.0262901 0.0281618 0.0262901
49959 0.0185118 0.0166213 0.0185118 0.0166213 0.0185118 0.0166213
49962 0.0214146 0.0195220 0.0214146 0.0195220 0.0214146 0.0195220
49964 0.0234505 0.0214443 0.0234505 0.0214443 0.0234505 0.0214443
49966 0.0240445 0.0221044 0.0240445 0.0221044 0.0240445 0.0221044
49967 0.0179571 0.0165479 0.0179571 0.0165479 0.0179571 0.0165479
49968 0.0688298 0.0636752 0.0688298 0.0636752 0.0688298 0.0636752
49969 0.0632748 0.0588528 0.0632748 0.0588528 0.0632748 0.0588528
49970 0.0568597 0.0531090 0.0568597 0.0531090 0.0568597 0.0531090
50033 0.0098355 0.0087069 0.0098355 0.0087069 0.0098355 0.0087069
50034 0.0836520 0.0757325 0.0836520 0.0757325 0.0836520 0.0757325
50036 0.0559277 0.0513341 0.0559277 0.0513341 0.0559277 0.0513341
50045 0.0560674 0.0522735 0.0560674 0.0522735 0.0560674 0.0522735
50046 0.0171971 0.0160878 0.0171971 0.0160878 0.0171971 0.0160878
50047 0.0196759 0.0184349 0.0196759 0.0184349 0.0196759 0.0184349
50068 0.0296826 0.0267793 0.0296826 0.0267793 0.0296826 0.0267793
50070 0.0179313 0.0162767 0.0179313 0.0162767 0.0179313 0.0162767
50073 0.0150160 0.0137477 0.0150160 0.0137477 0.0150160 0.0137477
50076 0.0162345 0.0150006 0.0162345 0.0150006 0.0162345 0.0150006
50253 0.0109861 0.0101619 0.0109861 0.0101619 0.0109861 0.0101619
50262 0.0669562 0.0622201 0.0669562 0.0622201 0.0669562 0.0622201
50283 0.0632402 0.0591998 0.0632402 0.0591998 0.0632402 0.0591998
50330 0.0256537 0.0241711 0.0256537 0.0241711 0.0256537 0.0241711
50343 0.0326905 0.0308594 0.0326905 0.0308594 0.0326905 0.0308594
50356 0.0146609 0.0138585 0.0146609 0.0138585 0.0146609 0.0138585
50376 0.0491230 0.0465574 0.0491230 0.0465574 0.0491230 0.0465574
50463 0.0367817 0.0336833 0.0367817 0.0336833 0.0367817 0.0336833
50464 0.0737908 0.0683746 0.0737908 0.0683746 0.0737908 0.0683746
50465 0.0664669 0.0621564 0.0664669 0.0621564 0.0664669 0.0621564
50466 0.0539583 0.0507585 0.0539583 0.0507585 0.0539583 0.0507585
50467 0.0109329 0.0103146 0.0109329 0.0103146 0.0109329 0.0103146
50468 0.0175721 0.0165979 0.0175721 0.0165979 0.0175721 0.0165979
50470 0.0105800 0.0100060 0.0105800 0.0100060 0.0105800 0.0100060
50471 0.0051065 0.0048324 0.0051065 0.0048324 0.0051065 0.0048324
50483 0.0082914 0.0078701 0.0082914 0.0078701 0.0082914 0.0078701
50491 0.0281882 0.0257786 0.0281882 0.0257786 0.0281882 0.0257786
50492 0.0525460 0.0483240 0.0525460 0.0483240 0.0525460 0.0483240
50496 0.0724426 0.0672957 0.0724426 0.0672957 0.0724426 0.0672957
50497 0.0603742 0.0564542 0.0603742 0.0564542 0.0603742 0.0564542
50500 0.0528289 0.0496558 0.0528289 0.0496558 0.0528289 0.0496558
50501 0.0399740 0.0377134 0.0399740 0.0377134 0.0399740 0.0377134
50520 0.0262414 0.0242161 0.0262414 0.0242161 0.0262414 0.0242161
50522 0.0128339 0.0118942 0.0128339 0.0118942 0.0128339 0.0118942
50526 0.0249207 0.0231611 0.0249207 0.0231611 0.0249207 0.0231611
50527 0.0111718 0.0104024 0.0111718 0.0104024 0.0111718 0.0104024
50528 0.0181552 0.0169355 0.0181552 0.0169355 0.0181552 0.0169355
50529 0.0360045 0.0336639 0.0360045 0.0336639 0.0360045 0.0336639
50531 0.0052026 0.0048760 0.0052026 0.0048760 0.0052026 0.0048760
50535 0.0130862 0.0122824 0.0130862 0.0122824 0.0130862 0.0122824
50536 0.0443378 0.0416996 0.0443378 0.0416996 0.0443378 0.0416996
50546 0.0207299 0.0187392 0.0207299 0.0187392 0.0207299 0.0187392
50548 0.0795930 0.0726247 0.0795930 0.0726247 0.0795930 0.0726247
50549 0.0275649 0.0253461 0.0275649 0.0253461 0.0275649 0.0253461
50550 0.0366528 0.0338337 0.0366528 0.0338337 0.0366528 0.0338337
50551 0.0203156 0.0188185 0.0203156 0.0188185 0.0203156 0.0188185
50554 0.0275728 0.0258358 0.0275728 0.0258358 0.0275728 0.0258358
50561 0.0215257 0.0196475 0.0215257 0.0196475 0.0215257 0.0196475
50563 0.0109793 0.0100857 0.0109793 0.0100857 0.0109793 0.0100857
50564 0.0084668 0.0077906 0.0084668 0.0077906 0.0084668 0.0077906
50569 0.0203805 0.0188843 0.0203805 0.0188843 0.0203805 0.0188843
50599 0.0533927 0.0487945 0.0533927 0.0487945 0.0533927 0.0487945
50600 0.0241672 0.0222034 0.0241672 0.0222034 0.0241672 0.0222034
50601 0.0199876 0.0184253 0.0199876 0.0184253 0.0199876 0.0184253
50602 0.0445052 0.0411825 0.0445052 0.0411825 0.0445052 0.0411825
50603 0.0644749 0.0600154 0.0644749 0.0600154 0.0644749 0.0600154
50605 0.0183346 0.0171416 0.0183346 0.0171416 0.0183346 0.0171416
50606 0.0371586 0.0348150 0.0371586 0.0348150 0.0371586 0.0348150
50607 0.0095094 0.0089271 0.0095094 0.0089271 0.0095094 0.0089271
50613 0.0541935 0.0479091 0.0541935 0.0479091 0.0541935 0.0479091
50615 0.0168322 0.0152522 0.0168322 0.0152522 0.0168322 0.0152522
50650 0.0068797 0.0062468 0.0068797 0.0062468 0.0068797 0.0062468
50655 0.0110995 0.0102904 0.0110995 0.0102904 0.0110995 0.0102904
50658 0.0613189 0.0573274 0.0613189 0.0573274 0.0613189 0.0573274
50660 0.0091457 0.0085853 0.0091457 0.0085853 0.0091457 0.0085853
50661 0.0025231 0.0023702 0.0025231 0.0023702 0.0025231 0.0023702
50662 0.0147490 0.0138670 0.0147490 0.0138670 0.0147490 0.0138670
50663 0.0199933 0.0188233 0.0199933 0.0188233 0.0199933 0.0188233
50664 0.0204532 0.0192845 0.0204532 0.0192845 0.0204532 0.0192845
50666 0.0056313 0.0053184 0.0056313 0.0053184 0.0056313 0.0053184
50668 0.0354974 0.0336369 0.0354974 0.0336369 0.0354974 0.0336369
50670 0.0047353 0.0045044 0.0047353 0.0045044 0.0047353 0.0045044
50671 0.0420661 0.0400786 0.0420661 0.0400786 0.0420661 0.0400786
50673 0.0316672 0.0302373 0.0316672 0.0302373 0.0316672 0.0302373
50674 0.0119472 0.0114228 0.0119472 0.0114228 0.0119472 0.0114228
50676 0.0052535 0.0050295 0.0052535 0.0050295 0.0052535 0.0050295
50677 0.0058180 0.0055750 0.0058180 0.0055750 0.0058180 0.0055750
50853 0.0101541 0.0094063 0.0101541 0.0094063 0.0101541 0.0094063
50857 0.0608631 0.0570041 0.0608631 0.0570041 0.0608631 0.0570041
50874 0.0362765 0.0331923 0.0362765 0.0331923 0.0362765 0.0331923
50875 0.0143413 0.0131804 0.0143413 0.0131804 0.0143413 0.0131804
50885 0.0228937 0.0202066 0.0228937 0.0202066 0.0228937 0.0202066
50886 0.0210362 0.0187613 0.0210362 0.0187613 0.0210362 0.0187613
50887 0.0078840 0.0071201 0.0078840 0.0071201 0.0078840 0.0071201
50889 0.0080251 0.0072792 0.0080251 0.0072792 0.0080251 0.0072792
50897 0.0124843 0.0114472 0.0124843 0.0114472 0.0124843 0.0114472
50962 0.0000000 0.0000000 0.0000000 0.0000000 0.0000000 0.0000000
50965 0.0167265 0.0154221 0.0167265 0.0154221 0.0167265 0.0154221
50969 0.0243377 0.0225166 0.0243377 0.0225166 0.0243377 0.0225166
50981 0.0399077 0.0372656 0.0399077 0.0372656 0.0399077 0.0372656
50987 0.0243493 0.0228354 0.0243493 0.0228354 0.0243493 0.0228354
50992 0.0200413 0.0188377 0.0200413 0.0188377 0.0200413 0.0188377
50996 0.0253311 0.0238589 0.0253311 0.0238589 0.0253311 0.0238589
51012 0.0188782 0.0178599 0.0188782 0.0178599 0.0188782 0.0178599
51015 0.0255326 0.0241970 0.0255326 0.0241970 0.0255326 0.0241970
51093 0.0106345 0.0094235 0.0106345 0.0094235 0.0106345 0.0094235
51095 0.0053979 0.0052376 0.0053979 0.0052376 0.0053979 0.0052376
51152 0.0143427 0.0131758 0.0143427 0.0131758 0.0143427 0.0131758
51154 0.0076759 0.0070844 0.0076759 0.0070844 0.0076759 0.0070844
51160 0.0263336 0.0247139 0.0263336 0.0247139 0.0263336 0.0247139
51161 0.0514242 0.0486676 0.0514242 0.0486676 0.0514242 0.0486676
51162 0.0152848 0.0145627 0.0152848 0.0145627 0.0152848 0.0145627
51163 0.0040185 0.0038361 0.0040185 0.0038361 0.0040185 0.0038361
51166 0.0043492 0.0041620 0.0043492 0.0041620 0.0043492 0.0041620
51167 0.0280836 0.0269330 0.0280836 0.0269330 0.0280836 0.0269330
51171 0.0338248 0.0301460 0.0338248 0.0301460 0.0338248 0.0301460
51172 0.0098195 0.0088322 0.0098195 0.0088322 0.0098195 0.0088322
51176 0.0196641 0.0181035 0.0196641 0.0181035 0.0196641 0.0181035
51177 0.0066095 0.0061083 0.0066095 0.0061083 0.0066095 0.0061083
51179 0.0145823 0.0136575 0.0145823 0.0136575 0.0145823 0.0136575
51183 0.0060116 0.0056673 0.0060116 0.0056673 0.0060116 0.0056673
51188 0.0107794 0.0101884 0.0107794 0.0101884 0.0107794 0.0101884
51200 0.0250822 0.0229255 0.0250822 0.0229255 0.0250822 0.0229255
51201 0.0155634 0.0143975 0.0155634 0.0143975 0.0155634 0.0143975
51202 0.0123525 0.0114942 0.0123525 0.0114942 0.0123525 0.0114942
51208 0.0232124 0.0218129 0.0232124 0.0218129 0.0232124 0.0218129
51209 0.0265383 0.0250146 0.0265383 0.0250146 0.0265383 0.0250146
51210 0.0252664 0.0238855 0.0252664 0.0238855 0.0252664 0.0238855
51211 0.0267423 0.0253534 0.0267423 0.0253534 0.0267423 0.0253534
51212 0.0429522 0.0408334 0.0429522 0.0408334 0.0429522 0.0408334
51213 0.0054620 0.0052024 0.0054620 0.0052024 0.0054620 0.0052024
51214 0.0085333 0.0081326 0.0085333 0.0081326 0.0085333 0.0081326
51215 0.0319086 0.0304560 0.0319086 0.0304560 0.0319086 0.0304560
51220 0.0348956 0.0309167 0.0348956 0.0309167 0.0348956 0.0309167
51221 0.0333798 0.0298628 0.0333798 0.0298628 0.0333798 0.0298628
51222 0.0433430 0.0398120 0.0433430 0.0398120 0.0433430 0.0398120
51225 0.0132764 0.0123941 0.0132764 0.0123941 0.0132764 0.0123941
51229 0.0177670 0.0168761 0.0177670 0.0168761 0.0177670 0.0168761
51230 0.0118910 0.0113370 0.0118910 0.0113370 0.0118910 0.0113370
51234 0.1146333 0.1023397 0.1146333 0.1023397 0.1146333 0.1023397
51236 0.0236850 0.0218740 0.0236850 0.0218740 0.0236850 0.0218740
51237 0.0080419 0.0074756 0.0080419 0.0074756 0.0080419 0.0074756
51274 0.0174907 0.0169387 0.0174907 0.0169387 0.0174907 0.0169387
51277 0.0381346 0.0371107 0.0381346 0.0371107 0.0190673 0.0185554
51279 0.0306842 0.0299411 0.0306842 0.0299411 0.0306842 0.0299411
51281 0.0277936 0.0271608 0.0277936 0.0271608 0.0277936 0.0271608
51282 0.0467950 0.0458065 0.0467950 0.0458065 0.0467950 0.0458065
51283 0.0301103 0.0295142 0.0301103 0.0295142 0.0301103 0.0295142
51285 0.0082874 0.0081377 0.0082874 0.0081377 0.0082874 0.0081377
51297 0.0456010 0.0443947 0.0456010 0.0443947 0.0228005 0.0221973
51300 0.0386203 0.0377814 0.0386203 0.0377814 0.0386203 0.0377814
51301 0.0463591 0.0454158 0.0463591 0.0454158 0.0463591 0.0454158
51335 0.0396127 0.0383751 0.0396127 0.0383751 0.0396127 0.0383751
51337 0.0587724 0.0572104 0.0587724 0.0572104 0.0587724 0.0572104
51370 0.0005812 0.0005795 0.0005812 0.0005795 0.0005812 0.0005795
51374 0.0006270 0.0006248 0.0006270 0.0006248 0.0006270 0.0006248
51487 0.0108245 0.0105321 0.0108245 0.0105321 0 0
51490 0.0146197 0.0142780 0.0146197 0.0142780 0.0146197 0.0142780
51491 0.0237264 0.0232152 0.0237264 0.0232152 0.0237264 0.0232152
51492 0.0029716 0.0029110 0.0029716 0.0029110 0.0029716 0.0029110
51493 0.0168038 0.0164737 0.0168038 0.0164737 0.0168038 0.0164737
51494 0.0359741 0.0353120 0.0359741 0.0353120 0.0359741 0.0353120
51495 0.0175708 0.0172626 0.0175708 0.0172626 0.0175708 0.0172626
51502 0.0057648 0.0056003 0.0057648 0.0056003 0 0
51504 0.0175771 0.0171236 0.0175771 0.0171236 0 0
51506 0.0000000 0.0000000 0.0000000 0.0000000 0 0
51508 0.0332203 0.0325505 0.0332203 0.0325505 0 0
51509 0.0206496 0.0202580 0.0206496 0.0202580 0 0
51510 0.0261583 0.0256849 0.0261583 0.0256849 0 0
51511 0.0271869 0.0267185 0.0271869 0.0267185 0 0
51517 0.0185967 0.0180131 0.0185967 0.0180131 0 0
51518 0.0573907 0.0557952 0.0573907 0.0557952 0 0
51520 0.0444185 0.0433801 0.0444185 0.0433801 0 0
51562 0.0308463 0.0301138 0.0154233 0.0150570 0 0
51565 0.0233967 0.0229345 0.0233967 0.0229345 0 0
51570 0.0136927 0.0132657 0.0045644 0.0044220 0 0
51572 0.0164676 0.0160067 0.0054892 0.0053355 0 0
51573 0.0555682 0.0541289 0.0277840 0.0270643 0 0
51574 0.0507953 0.0496011 0.0253976 0.0248005 0 0
51575 0.0166394 0.0162689 0.0166394 0.0162689 0 0
51576 0.0100385 0.0098217 0.0100385 0.0098217 0 0
51605 0.0102464 0.0099229 0.0040984 0.0039690 0 0
51607 0 0 0.0011347 0.0011035 0 0
51619 0 0 0.0009857 0.0009679 0 0
51709 0 0 0 0 0.0401933 0.0393307
51710 0 0 0 0 0.0232077 0.0227395
51711 0 0 0 0 0.0346544 0.0339901
51713 0 0 0 0 0.0037696 0.0037013
51715 0 0 0 0 0.0065243 0.0064091
51716 0 0 0 0 0.0052591 0.0051672
51718 0 0 0 0 0.0042652 0.0041916
51735 0 0 0 0 0 0
51736 0 0 0 0 0 0
51740 0 0 0 0 0 0
51742 0 0 0 0 0.0096854 0.0095114
51777 0 0 0 0 0 0
51824 0 0 0 0 0 0
51827 0 0 0 0 0.0440966 0.0431951
51830 0 0 0 0 0.0358295 0.0352270
51837 0 0 0 0 0 0
51839 0 0 0 0 0.0322546 0.0315306
51841 0 0 0 0 0.0031427 0.0030769
51843 0 0 0 0 0.0061861 0.0060612
51854 0 0 0 0 0.0061172 0.0060136
51858 0 0 0 0 0.0201618 0.0198382
51874 0 0 0 0 0.0322772 0.0314688
51881 0 0 0 0 0.0458864 0.0449254
51886 0 0 0 0 0.0078861 0.0077324
51900 0 0 0 0 0.0305979 0.0301501
51901 0 0 0 0 0.0026916 0.0026533
51902 0 0 0 0 0.0108797 0.0107268
51905 0 0 0 0 0 0
51907 0 0 0 0 0.0263934 0.0257235
51908 0 0 0 0 0.0381705 0.0372617
51909 0 0 0 0 0.0242688 0.0237284
51914 0 0 0 0 0 0
51915 0 0 0 0 0 0
51922 0 0 0 0 0.0197523 0.0193385
51924 0 0 0 0 0.0232056 0.0227514
51927 0 0 0 0 0.0297405 0.0292181
51928 0 0 0 0 0.0344113 0.0338602
51933 0 0 0 0 0 0
51934 0 0 0 0 0 0
51940 0 0 0 0 0.0093103 0.0090729
51945 0 0 0 0 0.0191920 0.0187854
51946 0 0 0 0 0.0178410 0.0174735
51949 0 0 0 0 0.0110646 0.0108629
51952 0 0 0 0 0.0047770 0.0046923
51953 0 0 0 0 0.0021317 0.0020942
51954 0 0 0 0 0.0293624 0.0288594
51958 0 0 0 0 0.0026751 0.0026309
51977 0 0 0 0 0.0065215 0.0063864
51978 0 0 0 0 0.0056305 0.0055171
51982 0 0 0 0 0.0047691 0.0046863
51985 0 0 0 0 0.0343381 0.0337862
51986 0 0 0 0 0.0079049 0.0077823
51987 0 0 0 0 0.0105448 0.0103876
51990 0 0 0 0 0.0085433 0.0084232
51997 0 0 0 0 0 0
51998 0 0 0 0 0 0
51999 0 0 0 0 0.0102529 0.0099959
52005 0 0 0 0 0.0185952 0.0181664
52015 0 0 0 0 0.0408426 0.0399700
52018 0 0 0 0 0.0364185 0.0356892
52022 0 0 0 0 0.0162917 0.0160115
52026 0 0 0 0 0 0
52030 0 0 0 0 0.0262370 0.0256416
52032 0 0 0 0 0.0085140 0.0083407
52035 0 0 0 0 0.0095351 0.0093516
52036 0 0 0 0 0.0049550 0.0048609
52037 0 0 0 0 0.0392563 0.0385324
52044 0 0 0 0 0.0046125 0.0045009
52046 0 0 0 0 0.0312647 0.0306379
52047 0 0 0 0 0.0390044 0.0382920
52048 0 0 0 0 0.0365433 0.0359213
52049 0 0 0 0 0.0340476 0.0335059
52052 0 0 0 0 0.0083450 0.0082237
52060 0 0 0 0 0 0
52062 0 0 0 0 0.0167386 0.0162795
52067 0 0 0 0 0 0
52068 0 0 0 0 0.0140723 0.0136698
52069 0 0 0 0 0.0377913 0.0367646
52097 0 0 0 0 0 0
52099 0 0 0 0 0 0
52101 0 0 0 0 0 0
52102 0 0 0 0 0 0
52103 0 0 0 0 0.0000000 0.0000000
52107 0 0 0 0 0.0000000 0.0000000
52108 0 0 0 0 0.0000000 0.0000000
52110 0 0 0 0 0.0000000 0.0000000
52111 0 0 0 0 0.0000000 0.0000000
52112 0 0 0 0 0.0000000 0.0000000
52145 0 0 0 0 0.0000000 0.0000000
52146 0 0 0 0 0.0000000 0.0000000
52265 0 0 0 0 0 0
52266 0 0 0 0 0.0219645 0.0212820
52269 0 0 0 0 0.0000000 0.0000000
52270 0 0 0 0 0.0000000 0.0000000
52271 0 0 0 0 0.0000000 0.0000000
52278 0 0 0 0 0.0097687 0.0095886
52286 0 0 0 0 0 0
52288 0 0 0 0 0.0000000 0.0000000
52289 0 0 0 0 0.0000000 0.0000000
52290 0 0 0 0 0.0000000 0.0000000
52291 0 0 0 0 0.0000000 0.0000000
52292 0 0 0 0 0.0176305 0.0172967
52294 0 0 0 0 0.0000000 0.0000000
52296 0 0 0 0 0.0000000 0.0000000
52302 0 0 0 0 0 0
52303 0 0 0 0 0.0057752 0.0055956
52304 0 0 0 0 0.0094685 0.0091836
52308 0 0 0 0 0.0051201 0.0049801
52309 0 0 0 0 0.0050091 0.0048753
52314 0 0 0 0 0.0186009 0.0181349
52318 0 0 0 0 0.0000000 0.0000000
52323 0 0 0 0 0.0000000 0.0000000
52324 0 0 0 0 0.0000000 0.0000000
52325 0 0 0 0 0.0000000 0.0000000
52326 0 0 0 0 0.0000000 0.0000000
52327 0 0 0 0 0.0000000 0.0000000
52343 0 0 0 0 0.0048242 0.0046682
52346 0 0 0 0 0.0000000 0.0000000
52347 0 0 0 0 0.0000000 0.0000000
52348 0 0 0 0 0.0000000 0.0000000
52349 0 0 0 0 0.0000000 0.0000000
52357 0 0 0 0 0.0037512 0.0036824
52359 0 0 0 0 0.0000000 0.0000000
52360 0 0 0 0 0.0272353 0.0267658
52361 0 0 0 0 0.0351839 0.0346024
52367 0 0 0 0 0.0000000 0.0000000
52369 0 0 0 0 0.0000000 0.0000000
52393 0 0 0 0 0.0140944 0.0137534
52394 0 0 0 0 0.0288208 0.0281608
52414 0 0 0 0 0.0039129 0.0038293
52424 0 0 0 0 0.0000000 0.0000000
52432 0 0 0 0 0.0000000 0.0000000
52444 0 0 0 0 0.0075451 0.0046010
52447 0 0 0 0 0.0031894 0.0031332
52449 0 0 0 0 0.0055034 0.0054107
52462 0 0 0 0 0.0213240 0.0209393
52463 0 0 0 0 0.0404065 0.0397065
52472 0 0 0 0 0.0040836 0.0040121
52482 0 0 0 0 0.0201568 0.0198016
52495 0 0 0 0 0.0072313 0.0071548
52518 0 0 0 0 0 0
52519 0 0 0 0 0 0
52520 0 0 0 0 0.0091429 0.0089360
52521 0 0 0 0 0.0299597 0.0293155
52522 0 0 0 0 0.0284714 0.0278885
52538 0 0 0 0 0.0033852 0.0033223
52539 0 0 0 0 0.0336740 0.0330707
52540 0 0 0 0 0.0293844 0.0288838
52558 0 0 0 0 0 0
52575 0 0 0 0 0.0434663 0.0425591
52576 0 0 0 0 0.0223680 0.0219447
52579 0 0 0 0 0.0261090 0.0256832
52580 0 0 0 0 0.0076434 0.0075223
52584 0 0 0 0 0 0
52585 0 0 0 0 0 0
52592 0 0 0 0 0 0
52593 0 0 0 0 0.0320556 0.0314003
52594 0 0 0 0 0.0207437 0.0203543
52595 0 0 0 0 0.0000000 0.0000000
52596 0 0 0 0 0.0074282 0.0072950
52611 0 0 0 0 0.0194380 0.0189473
52614 0 0 0 0 0.0188497 0.0184397
52615 0 0 0 0 0.0080860 0.0079141
52617 0 0 0 0 0.0227245 0.0222825
52623 0 0 0 0 0 0
52624 0 0 0 0 0 0
52625 0 0 0 0 0 0
52626 0 0 0 0 0 0
52638 0 0 0 0 0.0246272 0.0240389
52649 0 0 0 0 0 0
52651 0 0 0 0 0 0
52653 0 0 0 0 0.0110625 0.0108464
52660 0 0 0 0 0.0065205 0.0064112
52661 0 0 0 0 0.0350540 0.0344851
52682 0 0 0 0 0.0033929 0.0033384
52690 0 0 0 0 0.0144911 0.0142927
52692 0 0 0 0 0.0136316 0.0134541
52704 0 0 0 0 0.0054199 0.0052990
52718 0 0 0 0 0 0
52721 0 0 0 0 0.0474629 0.0464327
52755 0 0 0 0 0.0278995 0.0274283
52811 0 0 0 0 0.0046017 0.0045041
52815 0 0 0 0 0.0397191 0.0389937
52846 0 0 0 0 0.0052618 0.0051254
52887 0 0 0 0 0 0
52888 0 0 0 0 0 0
53046 0 0 0 0 0 0
53049 0 0 0 0 0.0081602 0.0079685
53287 0 0 0 0 0.0051967 0.0050683
53293 0 0 0 0 0.0388966 0.0382007
53312 0 0 0 0 0.0173150 0.0170814
53370 0 0 0 0 0.0369161 0.0362885
53376 0 0 0 0 0.0183219 0.0180423
53407 0 0 0 0 0.0331401 0.0325514
53452 0 0 0 0 0.0191859 0.0188210
53468 0 0 0 0 0.0319886 0.0313966
53742 0 0 0 0 0.0000000 0.0000000
53744 0 0 0 0 0.0000000 0.0000000
53753 0 0 0 0 0.0000000 0.0000000
53754 0 0 0 0 0.0000000 0.0000000
53761 0 0 0 0 0.0132133 0.0129773
53768 0 0 0 0 0 0
53769 0 0 0 0 0.0287092 0.0279140
53772 0 0 0 0 0.0226177 0.0221253
53780 0 0 0 0 0 0
53782 0 0 0 0 0.0234891 0.0229039
53793 0 0 0 0 0.0048210 0.0047319
53794 0 0 0 0 0.0165570 0.0162571
53828 0 0 0 0 0.0330237 0.0320894
53830 0 0 0 0 0.0242117 0.0236340
53833 0 0 0 0 0.0026150 0.0025585
53834 0 0 0 0 0.0237119 0.0232186
53836 0 0 0 0 0.0107534 0.0105379
53852 0 0 0 0 0 0
53856 0 0 0 0 0.0067035 0.0065467
53860 0 0 0 0 0.0240789 0.0235635
53861 0 0 0 0 0.0134289 0.0131525
53862 0 0 0 0 0.0220175 0.0215835
RN   Bit18Corr  Bit18UC   Bit26Corr  Bit26UC   Bit30Corr  Bit30UC (units pb^-1)

Totals: 16.64289 15.53728 16.55008 15.44689 18.57771 17.43768 pb^-1
(int) 0
