47289 0.0139070
47293 0.0104327
47306 0.0108208
47310 0.0292795
47313 0.0163755
47314 0.0149609
47315 0.0081115
47316 0.0126822
47333 0.0083706
47334 0.0195769
47352 0.0332433
47357 0.0053763
47360 0.0285904
47363 0.0015634
47376 0.0298437
47377 0.0103227
47378 0.0478638
47379 0.0112567
47380 0.0017731
47381 0.0121722
47382 0.0072272
47391 0.0257483
47393 0.0066759
47394 0.0062328
47395 0.0219122
47396 0.0289446
47440 0.0243065
47454 0.0367425
47457 0.0236711
47458 0.0465039
47459 0.0043933
47461 0.0288654
47463 0.0154426
47464 0.0129872
47474 0.0215385
47478 0.0079033
47480 0.0178652
47481 0.0038069
47482 0.0024223
47484 0.0057075
47485 0.0057204
47489 0.0030064
47491 0.0300685
47492 0.0080378
47494 0.0027626
47495 0.0193518
47497 0.0025135
47501 0.0126558
47502 0.0542607
47503 0.0394900
47506 0.0456516
47507 0.0193906
47509 0.0157464
47513 0.0248089
47514 0.0246980
47516 0.0593829
47517 0.0221952
47519 0.0174438
47521 0.0122893
47522 0.0134429
47524 0.0273880
47525 0.0081713
47540 0.0514552
47547 0.0038594
47549 0.0214153
47552 0.0445753
47557 0.0497067
47568 0.0223638
47582 0.0480818
47601 0.0080141
47628 0.0070252
47634 0.0293991
47635 0.0258608
47636 0.0135169
47637 0.0146980
47638 0.0113577
47650 0.0144175
47657 0.0290120
47658 0.0576735
47659 0.0122904
47661 0.0301203
47662 0.0189462
47664 0.0118700
47666 0.0179399
47667 0.0205561
47714 0.0062070
47715 0.0128393
47716 0.0142304
47719 0.0100377
47720 0.0470933
47722 0.0347295
47723 0.0355313
47724 0.0385416
47725 0.0104363
47726 0.0493954
47727 0.0224089
47730 0.0066708
47732 0.0410362
47733 0.0402758
47783 0.0043898
47791 0.0312585
47810 0.0486422
47824 0.0279527
47831 0.0071018
47834 0.0018599
47836 0.0115861
47852 0.0060872
47856 0.0081938
47869 0.0081794
47873 0.0181286
47889 0.0233852
47890 0.0189625
47892 0.0224575
47893 0.0161754
47940 0.0029307
47944 0.0141854
47946 0.0102986
47972 0.0319794
47975 0.0089816
47976 0.0277847
47977 0.0079001
47978 0.0172609
47979 0.0195081
47982 0.0097477
47999 0.0237485
48001 0.0185028
48002 0.0619616
48008 0.0275819
48011 0.0396491
48073 0.0355636
48079 0.0060453
48082 0.0050089
48084 0.0140285
48085 0.0277594
48086 0.0201879
48089 0.0138311
48097 0.0103386
48099 0.0039497
48166 0 
48181 0.0192541
48185 0.0079922
48230 0.0054233
48233 0.0322985
48236 0.0294047
48237 0.0285823
48239 0.0198198
48240 0.0243187
48244 0 
48245 0.0075880
48246 0.0230647
48253 0.0130348
48255 0.0342027
48256 0.0311795
48257 0.0287049
48258 0.0267158
48259 0.0159587
48260 0.0244245
48261 0.0231565
48262 0.0223893
48263 0.0215351
48265 0.0208658
48290 0.0340298
48291 0.0278825
48293 0.0265585
48294 0.0255152
48295 0.0123209
48307 0.0049371
48312 0.0301327
48313 0.0265521
48318 0.0041767
48320 0.0169868
48323 0.0217650
48325 0.0192702
48326 0.0186936
48327 0.0025509
48336 0.0150027
48337 0.0064183
48341 0.0051906
48342 0.0289666
48343 0.0077177
48346 0.0247644
48347 0.0260888
48348 0.0233822
48349 0.0235743
48352 0.0198975
48356 0.0373886
48357 0.0319318
48358 0.0294262
48359 0.0278960
48364 0.0233653
48366 0.0229496
48367 0.0217704
48368 0.0191922
48369 0.0171941
48398 0.0111965
48409 0.0279258
48410 0.0307774
48412 0.0248147
48416 0.0243440
48417 0.0219827
48418 0.0046214
48421 0.0189854
48423 0.0054760
48455 0.0204930
48456 0.0075804
48461 0.0313375
48462 0.0307007
48469 0.0246133
48471 0.0149269
48510 0.0155754
48511 0.0157412
48512 0.0178343
48513 0.0285131
48514 0.0230196
48516 0.0363283
48518 0.0347299
48519 0.0258242
48520 0.0309565
48521 0.0307459
48522 0.0313887
48529 0.0110398
48530 0.0222576
48531 0.0252538
48532 0.0242331
48533 0.0245480
48635 0.0415359
48636 0.0388384
48645 0.0297210
48656 0.0098285
48657 0.0277203
48658 0.0267944
48660 0.0182727
48701 0.0645847
48720 0.0775089
48721 0.0159248
48722 0.0504402
48725 0.0349488
48726 0.0503527
48727 0.0504093
48731 0.0605249
48732 0.0100905
48734 0.0449442
48742 0.0645453
48743 0.0140091
48745 0.0067697
48746 0.0049171
48801 0.0505196
48803 0.0205649
48805 0.0295256
48806 0.0066757
48807 0.0647603
48810 0.0094092
48813 0.0230075
48824 0.0244446
48826 0.0208984
48828 0.0593316
48829 0.0117349
48832 0.0525131
48836 0.0455207
48838 0.0208681
48839 0.0360777
48863 0.0142921
48864 0.0447326
48865 0.0290504
48867 0.0131989
48883 0.0153493
48885 0.0097031
48891 0.0458248
48892 0.0153961
48893 0.0122556
48894 0.0083654
48895 0.0264142
48897 0.0247880
48899 0.0302294
48900 0.0107089
48901 0.0060175
48902 0.0378255
48903 0.0278868
48935 0.0252206
48938 0.0210033
48940 0.0159331
48943 0.0748551
48946 0.0405909
48949 0.0424574
48951 0.0174061
48971 0.0296809
48982 0.0248482
48983 0.0757101
48984 0.0290188
48985 0.0705331
48986 0.0222839
48987 0.0086936
48988 0.0469579
48990 0.0139374
48991 0.0374730
49023 0.0343773
49026 0.0135688
49027 0.0113448
49029 0.0149453
49030 0.0144121
49031 0.0136055
49035 0.0071346
49038 0.0098000
49042 0.0112444
49045 0.0127665
49048 0.0025508
49053 0.0121245
49054 0.0091767
49060 0.0160350
49061 0.0774981
49062 0.0287167
49063 0.0289804
49065 0.0365692
49066 0.0169449
49067 0.0249774
49069 0.0352948
49070 0.0174663
49071 0.0154583
49072 0.0225501
49073 0.0082437
49098 0.0071809
49099 0.0556588
49100 0.0250847
49111 0.0641845
49113 0.0192672
49116 0.0466827
49118 0.0149930
49121 0.0567942
49125 0.0516462
49127 0.0642938
49128 0.0354406
49133 0.0143268
49136 0.0412767
49138 0.0238550
49140 0.0116476
49141 0.0245767
49143 0.0052713
49148 0.0169815
49157 0.0210836
49159 0.0154796
49165 0.0065756
49217 0.0309800
49218 0.0160149
49219 0.0832480
49224 0.0123099
49226 0.0130056
49227 0.0192810
49228 0.0217280
49229 0.0598882
49230 0.0129254
49233 0.0044402
49240 0.0409331
49241 0.0264116
49244 0.0432918
49245 0.0188073
49247 0.0003522
49248 0.0666371
49249 0.0388263
49250 0.0269200
49251 0.0107077
49254 0.0131979
49262 0.0228682
49263 0.0243940
49264 0.0414531
49265 0.0592927
49266 0.0187420
49267 0.0446407
49268 0.0159728
49270 0.0176773
49307 0.0482773
49308 0.0145554
49309 0.0203928
49310 0.0213765
49311 0.0069681
49312 0.0446450
49313 0.0081614
49314 0.0338098
49316 0.0334808
49317 0.0056309
49324 0.0588952
49329 0.0179351
49330 0.0245525
49331 0.0549045
49337 0.0534200
49339 0.0090940
49340 0.0100664
49341 0.0153463
49345 0.0329094
49346 0.0110104
49347 0.0087966
49348 0.0357989
49349 0.0159829
49351 0.0189856
49352 0.0407199
49356 0.0674938
49358 0.0581288
49359 0.0494725
49360 0.0302242
49361 0.0530613
49362 0.0105229
49365 0.0463215
49366 0.0263026
49367 0.0373962
49368 0.0091503
49369 0.0092763
49374 0.0507365
49376 0.0314307
49377 0.0005105
49378 0.0496769
49379 0.0154871
49380 0.0363111
49381 0.0207687
49382 0.0286836
49383 0.0391785
49384 0.0164799
49385 0.0308258
49390 0.0164928
49432 0.0345245
49433 0.0829677
49434 0.0723865
49435 0.0622361
49437 0.0097398
49438 0.0570283
49439 0.0154038
49440 0.0169844
49445 0.0127865
49446 0.0263111
49447 0.0843296
49448 0.0434739
49449 0.0088938
49451 0.0686911
49452 0.0254657
49453 0.0268520
49454 0.0170010
49455 0.0059810
49456 0.0588851
49457 0.0212423
49464 0.0497846
49466 0.0275752
49468 0.0430258
49652 0.0178002
49653 0.0284360
49655 0.0970789
49656 0.0417243
49658 0.0095785
49659 0.0374046
49660 0.0211155
49661 0.0274806
49662 0.0152185
49664 0.0149747
49736 0.0077280
49737 0.0555631
49742 0.0084638
49743 0.0183023
49749 0.0599666
49751 0.0279755
49752 0.0090772
49756 0.0214407
49758 0.0396557
49760 0.0324264
49761 0.0106012
49762 0.0081456
49919 0.0262548
49922 0.0652702
49923 0.0677937
49925 0.0141947
49926 0.0284923
49928 0.0051726
49930 0.0054029
49934 0.0281618
49959 0.0185118
49962 0.0214146
49964 0.0234505
49966 0.0240445
49967 0.0179571
49968 0.0688298
49969 0.0632748
49970 0.0568597
50033 0.0098355
50034 0.0836520
50036 0.0559277
50045 0.0560674
50046 0.0171971
50047 0.0196759
50068 0.0296826
50070 0.0179313
50073 0.0150160
50076 0.0162345
50253 0.0109861
50262 0.0669562
50283 0.0632402
50330 0.0256537
50343 0.0326905
50356 0.0146609
50376 0.0491230
50463 0.0367817
50464 0.0737908
50465 0.0664669
50466 0.0539583
50467 0.0109329
50468 0.0175721
50470 0.0105800
50471 0.0051065
50483 0.0082914
50491 0.0281882
50492 0.0525460
50496 0.0724426
50497 0.0603742
50500 0.0528289
50501 0.0399740
50520 0.0262414
50522 0.0128339
50526 0.0249207
50527 0.0111718
50528 0.0181552
50529 0.0360045
50531 0.0052026
50535 0.0130862
50536 0.0443378
50546 0.0207299
50548 0.0795930
50549 0.0275649
50550 0.0366528
50551 0.0203156
50554 0.0275728
50561 0.0215257
50563 0.0109793
50564 0.0084668
50569 0.0203805
50599 0.0533927
50600 0.0241672
50601 0.0199876
50602 0.0445052
50603 0.0644749
50605 0.0183346
50606 0.0371586
50607 0.0095094
50613 0.0541935
50615 0.0168322
50650 0.0068797
50655 0.0110995
50658 0.0613189
50660 0.0091457
50661 0.0025231
50662 0.0147490
50663 0.0199933
50664 0.0204532
50666 0.0056313
50668 0.0354974
50670 0.0047353
50671 0.0420661
50673 0.0316672
50674 0.0119472
50676 0.0052535
50677 0.0058180
50853 0.0101541
50857 0.0608631
50874 0.0362765
50875 0.0143413
50885 0.0228937
50886 0.0210362
50887 0.0078840
50889 0.0080251
50897 0.0124843
50962 0.0000000
50965 0.0167265
50969 0.0243377
50981 0.0399077
50987 0.0243493
50992 0.0200413
50996 0.0253311
51012 0.0188782
51015 0.0255326
51093 0.0106345
51095 0.0053979
51152 0.0143427
51154 0.0076759
51160 0.0263336
51161 0.0514242
51162 0.0152848
51163 0.0040185
51166 0.0043492
51167 0.0280836
51171 0.0338248
51172 0.0098195
51176 0.0196641
51177 0.0066095
51179 0.0145823
51183 0.0060116
51188 0.0107794
51200 0.0250822
51201 0.0155634
51202 0.0123525
51208 0.0232124
51209 0.0265383
51210 0.0252664
51211 0.0267423
51212 0.0429522
51213 0.0054620
51214 0.0085333
51215 0.0319086
51220 0.0348956
51221 0.0333798
51222 0.0433430
51225 0.0132764
51229 0.0177670
51230 0.0118910
51234 0.1146333
51236 0.0236850
51237 0.0080419
51274 0.0174907
51277 0.0381346
51279 0.0306842
51281 0.0277936
51282 0.0467950
51283 0.0301103
51285 0.0082874
51297 0.0456010
51300 0.0386203
51301 0.0463591
51335 0.0396127
51337 0.0587724
51370 0.0005812
51374 0.0006270
51487 0.0108245
51490 0.0146197
51491 0.0237264
51492 0.0029716
51493 0.0168038
51494 0.0359741
51495 0.0175708
51502 0.0057648
51504 0.0175771
51506 0.0000000
51508 0.0332203
51509 0.0206496
51510 0.0261583
51511 0.0271869
51517 0.0185967
51518 0.0573907
51520 0.0444185
51562 0.0308463
51565 0.0233967
51570 0.0136927
51572 0.0164676
51573 0.0555682
51574 0.0507953
51575 0.0166394
51576 0.0100385
51605 0.0102464
51607 0
51619 0
51709 0
51710 0
51711 0
51713 0
51715 0
51716 0
51718 0
51735 0
51736 0
51740 0
51742 0
51777 0
51824 0
51827 0
51830 0
51837 0
51839 0
51841 0
51843 0
51854 0
51858 0
51874 0
51881 0
51886 0
51900 0
51901 0
51902 0
51905 0
51907 0
51908 0
51909 0
51914 0
51915 0
51922 0
51924 0
51927 0
51928 0
51933 0
51934 0
51940 0
51945 0
51946 0
51949 0
51952 0
51953 0
51954 0
51958 0
51977 0
51978 0
51982 0
51985 0
51986 0
51987 0
51990 0
51997 0
51998 0
51999 0
52005 0
52015 0
52018 0
52022 0
52026 0
52030 0
52032 0
52035 0
52036 0
52037 0
52044 0
52046 0
52047 0
52048 0
52049 0
52052 0
52060 0
52062 0
52067 0
52068 0
52069 0
52097 0
52099 0
52101 0
52102 0
52103 0
52107 0
52108 0
52110 0
52111 0
52112 0
52145 0
52146 0
52265 0
52266 0
52269 0
52270 0
52271 0
52278 0
52286 0
52288 0
52289 0
52290 0
52291 0
52292 0
52294 0
52296 0
52302 0
52303 0
52304 0
52308 0
52309 0
52314 0
52318 0
52323 0
52324 0
52325 0
52326 0
52327 0
52343 0
52346 0
52347 0
52348 0
52349 0
52357 0
52359 0
52360 0
52361 0
52367 0
52369 0
52393 0
52394 0
52414 0
52424 0
52432 0
52444 0
52447 0
52449 0
52462 0
52463 0
52472 0
52482 0
52495 0
52518 0
52519 0
52520 0
52521 0
52522 0
52538 0
52539 0
52540 0
52558 0
52575 0
52576 0
52579 0
52580 0
52584 0
52585 0
52592 0
52593 0
52594 0
52595 0
52596 0
52611 0
52614 0
52615 0
52617 0
52623 0
52624 0
52625 0
52626 0
52638 0
52649 0
52651 0
52653 0
52660 0
52661 0
52682 0
52690 0
52692 0
52704 0
52718 0
52721 0
52755 0
52811 0
52815 0
52846 0
52887 0
52888 0
53046 0
53049 0
53287 0
53293 0
53312 0
53370 0
53376 0
53407 0
53452 0
53468 0
53742 0
53744 0
53753 0
53754 0
53761 0
53768 0
53769 0
53772 0
53780 0
53782 0
53793 0
53794 0
53828 0
53830 0
53833 0
53834 0
53836 0
53852 0
53856 0
53860 0
53861 0
53862 0