3004.41 33.9776 1
3049.22 23.4314 1
3046.49 15.4596 1
3041.59 14.1513 1
3047.32 25.5617 1
3055.95 22.5764 1
3041 21.5597 1
3050.6 20.8798 1
3055.98 24.8839 1
3059.99 22.6353 1
3048.33 19.7708 1
3051.35 21.0743 1
3055.77 13.678 1
3053.82 12.3723 1
3058.18 19.9635 1
3046.32 18.9572 1
3051.1 12.6645 1
3053.24 11.8636 1
3059.85 20.224 1
3054.9 12.3191 1
3062.85 20.2514 1
3059.44 20.9154 1
3062.74 11.3466 1
3063.78 12.5901 1
3059.83 20.0092 1
3072.34 19.08 1
3043.55 10.0553 1
3053.83 10.9638 1
3051.7 10.4539 1
3051.65 11.1493 1
3066.65 13.339 1
3051.8 10.5594 1
3071.29 11.8161 1
3057.93 11.6381 1
3064.5 12.8608 1
3044.61 11.4608 1
3055.26 10.0257 1
3048.37 10.6016 1
3046.26 11.8027 1
3039.11 10.1325 1
3049.45 10.3866 1
3033.38 10.7149 1
3043.06 12.2452 1
3035.54 11.0543 1
3038.13 9.55402 1
3035.88 10.3779 1
3026.79 11.995 1
3033.93 10.2195 1
3036.25 9.1053 1
3020.11 9.65558 1
3020.61 13.0433 1
3029.94 10.6275 1
3034.31 9.61922 1
3031.41 10.5083 1
3024.22 12.534 1
3024.5 10.3552 1
3031.94 9.12075 1
3037.05 10.2439 1
3029.18 11.6951 1
3025.91 9.54036 1
3032.22 9.78687 1
3040.13 10.5827 1
3025.77 10.8602 1
3029.67 10.1236 1
3036.89 9.39796 1
3018.68 10.0529 1
3015.75 9.39904 1
3015.34 9.92312 1
3009.07 9.40275 1
3007.61 9.17225 1
3011.18 8.79009 1
3002.75 10.5613 1
3027.07 9.35246 1
3001.47 10.0303 1
2997.96 8.98111 1
3000.72 10.1818 1
3002.03 9.73312 1
2992.44 9.74373 1
3002.68 8.83137 1
3002.2 9.54362 1
2988.04 9.42538 1
2996.19 10.2999 1
3009.17 9.40094 1
3006.36 10.5239 1
3004.25 9.79169 1
2989.6 10.0542 1
3002.13 9.00909 1
2989.86 10.3157 1
3001.09 9.58484 1
2985.6 9.20307 1
2985.42 8.54812 1
2988.8 10.3023 1
2988.46 9.03041 1
2981.55 9.21394 1
2980.65 8.67877 1
2986.3 10.1371 1
2983.26 9.76641 1
2987.46 9.97447 1
2998.84 9.20249 1
2977.44 10.1669 1
2962.91 9.56022 1
2976.75 9.10902 1
2981.57 8.93162 1
2976.69 10.5435 1
2978.39 9.27178 1
2969.36 10.2146 1
2965.02 9.95809 1
2964.85 10.6325 1
2973.04 9.72926 1
2966.43 10.0436 1
2971.03 9.25281 1
2959.95 9.75081 1
2962.68 9.49107 1
2961.2 10.8288 1
2961.8 8.81202 1
2955.43 11.2058 1
2964.7 10.2481 1
2959.85 10.4274 1
2963.24 9.75413 1
2954.25 10.7188 1
2956.39 10.2562 1
2958.92 9.69551 1
2972.59 9.65936 1
2952.32 11.623 1
2945.75 11.0399 1
2956.33 11.4843 1
2958.34 11.0999 1
2954.09 11.5767 1
2987.26 27.2031 1
3069.22 17.4309 1
3068.33 19.6241 1
3071 17.1746 1
3059.48 21.5164 1
3069.13 17.9433 1
3071.8 17.7684 1
3071.79 16.1544 1
3074.55 19.1906 1
3072.51 17.12 1
3072.69 15.759 1
3062.31 16.5151 1
3065.2 17.0054 1
3067.16 14.5505 1
3070.35 14.8007 1
3066.85 14.4932 1
3072.44 16.3088 1
3073.05 13.9581 1
3054.8 14.5157 1
3061.83 13.906 1
3060.57 15.5938 1
3064.84 14.2634 1
3073.34 14.0992 1
3053.23 13.7305 1
3074.6 14.4752 1
3067.59 14.6249 1
3056.53 13.1806 1
3058.73 13.858 1
3061.31 14.4468 1
3056.52 13.0813 1
3060.24 17.1846 1
3062.51 13.1812 1
3073.3 14.5877 1
3068.71 15.0802 1
3040.47 16.2959 1
3052.38 13.7212 1
3041.58 12.9923 1
3055.89 13.0191 1
3042.13 15.8626 1
3057.34 12.5761 1
3058.62 12.6194 1
3054.91 13.0388 1
3048.94 16.5943 1
3047.14 13.671 1
3042.42 12.2744 1
3045.55 12.1869 1
3032.89 16.6337 1
3048.58 12.0592 1
3060.44 12.1223 1
3046.59 11.4055 1
3035.17 17.3749 1
3045.19 11.798 1
3042.68 12.4636 1
3037.96 12.2966 1
3036.36 17.1258 1
3039.5 11.7655 1
3047.85 11.1517 1
3049.89 11.9719 1
3041.38 16.3147 1
3036.1 11.2635 1
3051.81 12.5074 1
3041.97 11.1985 1
3035.16 14.9697 1
3039.25 11.6921 1
3057.26 11.6324 1
3044.1 11.9597 1
3032.4 11.1417 1
3044.36 11.1085 1
3049.26 11.5748 1
3039.85 10.5688 1
3031.56 10.7206 1
3034.57 11.5013 1
3057.36 11.5702 1
3049.14 12.1697 1
3039.12 11.2572 1
3045.99 11.5095 1
3049.06 11.1127 1
3045.17 11.2972 1
3042.02 11.265 1
3034 11.853 1
3057.05 11.5676 1
3037.82 11.349 1
3041.87 11.7451 1
3033.41 11.7792 1
3037.17 11.4677 1
3037.99 11.0483 1
3029.78 11.2142 1
3030.44 11.2891 1
3028.19 11.0441 1
3019.95 10.9482 1
3020.1 10.6043 1
3019.84 10.8195 1
3028.58 10.8113 1
3009.47 10.9884 1
3015.88 10.8231 1
3020.92 10.9286 1
3025.51 11.3974 1
3024.3 10.668 1
3009.47 11.8531 1
3006.5 10.7231 1
3006.38 11.5473 1
3010.12 10.5405 1
3006.41 10.2092 1
3003.78 10.6281 1
3011.73 11.3321 1
3007.77 11.5735 1
3008.71 11.0656 1
3002.31 12.7657 1
3006.98 11.1378 1
3004.45 10.8496 1
3000.56 10.6953 1
3012.76 10.7238 1
2999.03 11.5811 1
2996.06 11.0536 1
3001.17 10.8057 1
2999.76 11.2478 1
3005.14 12.2592 1
3006.98 13.2841 1
2997.62 11.6761 1
2996.04 11.8415 1
2992.08 13.0127 1
2989.54 11.9574 1
2981.96 12.54 1
2979.98 12.6548 1
2989.6 14.9655 1
2982.53 12.344 1
2984.62 15.2123 1
2977.11 15.2977 1
2951.55 29.0255 1
3001.7 17.3204 1
3017.25 20.899 1
3000.03 17.6178 1
3000.15 20.2047 1
3006.36 16.1625 1
3019.54 17.8794 1
3001.51 15.0062 1
3019.36 19.8138 1
3006.81 16.639 1
3013.98 15.5075 1
3004.4 15.1414 1
2998.46 16.3905 1
2999.13 14.4857 1
3009.21 15.4748 1
3006.78 14.6667 1
2999.55 15.9166 1
3001.88 13.5298 1
2990.96 15.2717 1
2990.6 13.9139 1
2990.4 14.7942 1
2990.68 14.4303 1
2990.27 14.1717 1
2990.27 14.0027 1
3001.09 14.5632 1
2986.03 13.354 1
2990.38 13.0656 1
2988.57 12.5612 1
2982.66 13.4586 1
2988.74 12.852 1
2983.33 16.3715 1
2976.54 12.9285 1
3020.52 13.9358 1
2985.72 13.3487 1
2972.08 15.675 1
2991.48 13.5153 1
2983.94 11.9956 1
2984.12 11.2239 1
2968.77 15.9832 1
2990.01 12.3991 1
2991.82 12.7418 1
2991.91 12.378 1
2981.52 16.2849 1
2984.87 13.5069 1
2984.82 12.5384 1
2986.08 13.2902 1
2987.08 16.2392 1
2986.15 12.7338 1
2989.45 11.7201 1
2985.1 12.8303 1
2965.32 16.6741 1
2980.65 13.4488 1
2978.56 11.5397 1
2978.28 11.511 1
2975.97 17.412 1
2978.15 12.03 1
2983.22 11.9595 1
2985.3 11.7115 1
2969.65 16.1874 1
2974.21 12.6015 1
2982.04 11.4551 1
2985.72 11.7503 1
2970.87 14.0781 1
2982.85 12.9921 1
2986.14 10.6163 1
2974.2 12.5102 1
2956.59 11.8486 1
2970.49 12.3057 1
2966.64 12.0988 1
2958.68 11.7871 1
2961.18 11.3229 1
2964.72 12.4283 1
2960.05 12.2213 1
2970.9 13.4533 1
2952.64 12.5643 1
2959.02 12.9861 1
2964.64 12.8854 1
2964.95 12.4965 1
2963.22 11.6232 1
2947.53 12.3129 1
2946.72 12.8882 1
2958.93 12.828 1
2951.58 12.3384 1
2960.99 12.7763 1
2952.39 12.5848 1
2954.53 12.3132 1
2944.34 12.6093 1
2950.41 13.3074 1
2937.92 12.2215 1
2960.43 12.5737 1
2960.57 11.8904 1
2945.34 13.096 1
2953.96 12.3144 1
2948.4 12.2608 1
2953.62 12.4235 1
2941.09 13.1649 1
2955.95 12.6889 1
2949.23 12.6337 1
2930.82 13.0948 1
2935.23 12.9909 1
2943.17 13.261 1
2940.49 12.1859 1
2943.38 12.9911 1
2933.1 12.9866 1
2936.33 13.7393 1
2942.91 12.9375 1
2935.47 14.353 1
2945.52 12.9529 1
2937.85 13.0993 1
2938.11 13.401 1
2922.08 12.7848 1
2930.54 13.3637 1
2930.07 13.8314 1
2931.75 13.5568 1
2925.45 12.9076 1
2921.7 13.8264 1
2919.46 14.9722 1
2926.54 13.5999 1
2918.13 14.055 1
2918.74 14.353 1
2911.88 14.8136 1
2916.1 13.0211 1
2925.57 15.6042 1
2924.71 15.5642 1
2907.06 15.1382 1
2912.21 14.8792 1
2899.64 17.3235 1
2882.96 16.1303 1
2875.28 29.2321 1
2959.19 17.8614 1
2957.61 20.5644 1
2955.2 17.5465 1
2962.42 21.8517 1
2954.41 17.0073 1
2973.28 17.8692 1
2962.47 16.7195 1
2953.1 20.1919 1
2951.82 16.9147 1
2962.15 16.8315 1
2955.53 16.3311 1
2951.25 18.4041 1
2951.25 14.6893 1
2941.24 15.6713 1
2954.53 14.2435 1
2953.36 16.8598 1
2940.09 13.5545 1
2949.34 15.2973 1
2958.59 14.0478 1
2944.33 15.6881 1
2943.16 13.974 1
2946.46 14.3045 1
2953.79 13.4374 1
2959.07 14.3645 1
2954.07 13.8984 1
2940.47 13.4468 1
2943.37 13.301 1
2946.54 13.5995 1
2946.97 12.8979 1
2945.89 17.1115 1
2950.44 13.031 1
2966.95 14.2994 1
2934.02 13.7382 1
2942.83 16.5146 1
2949.34 13.3615 1
2932.03 13.0979 1
2948.42 12.7909 1
2940.74 16.0322 1
2952.99 12.1812 1
2956.08 12.8012 1
2955.17 12.9722 1
2934.89 16.4863 1
2953.88 13.1399 1
2947.95 12.1972 1
2944.46 11.9973 1
2934.85 17.3528 1
2942.64 12.0088 1
2947.66 12.0297 1
2935.03 11.5422 1
2935.25 17.514 1
2945.98 11.7014 1
2942.57 12.2139 1
2937.23 11.658 1
2923.37 17.5016 1
2942.19 11.396 1
2944.6 11.2882 1
2934.03 11.386 1
2930.83 16.6919 1
2923.39 11.0605 1
2929.31 11.9591 1
2940.08 11.0983 1
2929.9 15.3539 1
2926.69 11.0533 1
2938.58 11.4555 1
2916.88 11.1802 1
2907.47 10.918 1
2916.16 10.9162 1
2910.86 11.3929 1
2918.64 10.669 1
2896.61 11.0516 1
2901.94 11.4715 1
2932.07 11.1522 1
2921.14 11.409 1
2910.04 11.0173 1
2912.92 10.8976 1
2915.33 11.3326 1
2908.65 10.7207 1
2903.96 11.2202 1
2904.44 11.1727 1
2908.7 11.3867 1
2917.08 11.1839 1
2917.56 11.6812 1
2906.85 11.1167 1
2903.13 11.5583 1
2901.13 10.7877 1
2898.42 11.2824 1
2902.89 11.2522 1
2906.35 11.0299 1
2901.97 9.5366 1
2899.56 10.9173 1
2898.65 10.9019 1
2909.7 10.9889 1
2905.71 10.6828 1
2889.53 11.2175 1
2906.76 10.1663 1
2913.8 11.4203 1
2909.25 10.2458 1
2904.51 11.563 1
2911.12 10.4906 1
2896.25 11.5515 1
2899.53 10.4143 1
2899.66 10.1724 1
2911.19 10.7023 1
2913.25 11.3513 1
2901.26 10.7652 1
2900.25 11.1789 1
2903.81 11.4711 1
2913.56 11.2696 1
2902.68 10.0342 1
2899.39 10.911 1
2897.65 10.7299 1
2911.36 11.8798 1
2900.3 11.4379 1
2901.68 11.2173 1
2908.11 10.8884 1
2900.53 12.5392 1
2886.18 11.868 1
2898.61 11.2668 1
2892.57 11.7046 1
2898.88 13.521 1
2892.9 11.8588 1
2880.49 12.7334 1
2887.22 13.0506 1
2893.07 14.8099 1
2890.72 12.6503 1
2877.11 14.9472 1
2878.28 15.1768 1
3130.64 40.3732 1
3159.83 19.8081 1
3171.34 23.1845 1
3179.87 22.4239 1
3172.25 24.579 1
3157.24 18.1778 1
3164.41 18.8217 1
3159.75 17.7882 1
3176.74 23.2724 1
3171.39 18.8826 1
3165.23 17.931 1
3165.89 17.6326 1
3175.27 20.5254 1
3162.47 16.202 1
3158.51 17.3805 1
3163.37 16.8244 1
3169.82 19.1314 1
3170.55 16.327 1
3177.41 18.1594 1
3162.91 16.296 1
3178.6 18.9011 1
3153.6 15.7759 1
3168.72 16.8417 1
3163.07 16.4731 1
3173.14 18.8475 1
3151.04 15.1674 1
3152.9 15.0596 1
3171.29 15.4624 1
3167.81 16.1892 1
3156.67 14.7499 1
3167.15 19.3891 1
3162.53 15.0064 1
3237.21 23.4779 1
3178.51 15.5885 1
3181.07 18.3219 1
3176.62 15.9276 1
3177.89 15.1809 1
3172.5 15.0417 1
3179.77 19.4631 1
3170.5 14.9786 1
3177.51 15.2639 1
3166.43 14.4066 1
3159.62 17.883 1
3173.1 16.322 1
3163.57 14.406 1
3166.4 14.6952 1
3156.16 17.5431 1
3156.16 13.8916 1
3156.93 13.1076 1
3161.15 13.4017 1
3150.92 17.5179 1
3149.5 14.3042 1
3152.99 13.4136 1
3141.54 12.2788 1
3136.25 17.1447 1
3139.2 12.174 1
3152.31 13.109 1
3144.43 12.2304 1
3134.76 16.285 1
3145.7 13.5806 1
3156.43 13.8483 1
3145.14 12.6656 1
3130.13 13.2149 1
3133.68 12.2665 1
3146.9 12.0248 1
3117.46 11.4903 1
3131.14 12.1642 1
3136.4 12.3516 1
3130.69 12.1157 1
3123.09 11.3876 1
3118.17 11.3648 1
3132.15 12.5153 1
3135.96 12.6513 1
3122.51 12.5169 1
3115.91 12.3556 1
3120.3 12.0725 1
3112.98 12.1899 1
3114.24 12.0966 1
3115.54 11.3809 1
3120.32 12.0352 1
3127.82 12.8026 1
3111.35 12.5249 1
3111.71 11.5968 1
3114.48 12.2636 1
3117.6 12.434 1
3103.04 11.2482 1
3108.71 11.7203 1
3113.32 12.678 1
3108.46 12.229 1
3103.88 11.6815 1
3108.38 11.2273 1
3109.58 12.6384 1
3106.2 12.162 1
3112.9 11.6428 1
3105.01 11.7514 1
3102.57 11.9581 1
3121.31 12.1698 1
3100.92 11.6492 1
3110.4 12.2259 1
3105.41 12.1575 1
3105.26 12.243 1
3099.19 11.1672 1
3102.9 11.6639 1
3099.27 11.5995 1
3101.13 12.0011 1
3097.68 11.3456 1
3092.62 12.9168 1
3089.04 11.3895 1
3083.01 11.9012 1
3094.29 11.7972 1
3085.42 11.7026 1
3087.9 11.7097 1
3093.67 12.9703 1
3084.89 12.2009 1
3080.87 11.8941 1
3093.88 11.8142 1
3082.48 13.535 1
3086.34 11.417 1
3070.44 12.4229 1
3078.34 12.3445 1
3080.94 12.806 1
3089.91 11.9307 1
3081.77 13.3493 1
3071.93 13.4897 1
3071.92 13.603 1
3078.84 12.7285 1
3080.07 15.3894 1
3077.82 14.2039 1
2868.86 28.4806 1
2932.1 17.4095 1
2929.47 20.2562 1
2932.69 17.1914 1
2934.52 21.3512 1
2927.49 16.8862 1
2943.53 17.9757 1
2941.52 15.5761 1
2931.13 20.2937 1
2932.34 17.0176 1
2932.23 16.5706 1
2932.37 15.3166 1
2932.5 18.0012 1
2934.37 14.6337 1
2925.63 15.6274 1
2930.14 14.3258 1
2933.03 16.6216 1
2937.96 13.7031 1
2934.71 15.1604 1
2938.01 14.0638 1
2919.68 16.0027 1
2937.45 13.4209 1
2931.16 14.214 1
2929.63 13.5233 1
2937.94 14.3044 1
2926.05 13.8424 1
2933.67 13.5289 1
2931.02 13.1913 1
2937.36 14.0294 1
2931.04 12.9025 1
2944.78 16.4195 1
2920.66 12.9265 1
2966.25 14.1564 1
2933 13.1934 1
2928.47 16.5122 1
2936.25 12.844 1
2935.82 12.9539 1
2935.7 11.7678 1
2926.63 15.8647 1
2937.76 11.7369 1
2928.96 12.6991 1
2937.11 12.6573 1
2929.29 16.2634 1
2941.13 12.6653 1
2915.76 12.0939 1
2929.14 11.6773 1
2921.95 17.1346 1
2918.66 11.5884 1
2923.9 12.3084 1
2923.65 11.6153 1
2916.11 17.8737 1
2913.18 12.0353 1
2915.45 12.2132 1
2912.17 11.359 1
2913.83 17.6755 1
2909.37 10.9829 1
2922.5 11.0578 1
2916.33 11.6107 1
2918.63 16.5086 1
2921.03 11.3781 1
2907.04 11.9796 1
2912.85 11.4549 1
2914 15.4229 1
2919.41 10.9966 1
2924.28 11.2331 1
2898.6 10.5632 1
2906.46 10.8481 1
2904.44 10.5063 1
2903.9 11.3727 1
2893.83 10.1564 1
2889.87 11.1712 1
2900.54 11.4007 1
2890.53 11.1564 1
2896.27 11.0035 1
2896.7 11.1241 1
2900.55 10.7586 1
2893.61 10.9659 1
2892.5 10.1953 1
2882.07 11.1675 1
2894.12 11.1111 1
2889.09 11.6154 1
2884.59 10.9051 1
2885.75 11.8621 1
2884.39 10.615 1
2894.61 11.8099 1
2879.62 9.9954 1
2886.34 11.3893 1
2874 10.819 1
2881.1 10.9143 1
2870.16 10.6305 1
2871.92 11.2448 1
2862.27 10.7129 1
2853.57 11.0161 1
2857.06 10.3607 1
2863.06 11.387 1
2862.95 10.3253 1
2871.87 11.5014 1
2863.85 10.2568 1
2861.39 11.3857 1
2860.49 10.4737 1
2860.51 11.6198 1
2855.18 10.8121 1
2870.12 10.8179 1
2856.76 11.4003 1
2855.18 12.0133 1
2865.45 10.7156 1
2865.76 11.3933 1
2860.34 11.2778 1
2853.68 11.546 1
2846.41 10.2124 1
2846.94 11.0388 1
2857.82 11.1394 1
2850.36 12.4624 1
2859.18 11.6316 1
2844.54 11.3988 1
2860.77 11.5133 1
2853.94 12.8542 1
2842.09 12.3545 1
2856.02 11.561 1
2843.72 12.2531 1
2851.62 13.3281 1
2844.52 11.9741 1
2853.35 12.5696 1
2849.33 13.5495 1
2834.14 15.0671 1
2844.36 13.2886 1
2845.17 15.1383 1
2825.96 15.515 1
2958.5 28.2202 1
3006.11 17.3093 1
3015.25 18.7501 1
3006.76 17.0984 1
3006.55 19.8397 1
3011.76 15.6828 1
3015.34 16.4597 1
3006.6 14.7113 1
3026.02 19.172 1
3013.15 16.8496 1
3017.15 14.9185 1
3013.52 14.8858 1
3012.14 15.7297 1
3005.39 13.3568 1
3014.22 14.0142 1
3007.68 14.2706 1
3006.13 14.6775 1
3004.17 12.3014 1
3019.59 14.7166 1
3017.51 13.3713 1
3004.8 14.5984 1
3019.29 15.6327 1
3010.19 13.3014 1
3001.94 12.8457 1
3014.25 13.433 1
3002.73 12.8299 1
3013.89 12.5061 1
3012.52 12.0324 1
3024.22 12.4848 1
3022.12 12.4233 1
3014.38 15.4957 1
3012.43 12.1623 1
3035.3 13.0926 1
3006.67 12.5607 1
2999.07 14.726 1
3013.33 12.4406 1
2999.99 11.5343 1
3008.02 12.2963 1
2999.82 14.4633 1
3000.19 11.652 1
2994.41 12.427 1
3000.88 11.4301 1
3000.84 15.4314 1
3016.87 12.7442 1
3003.22 11.5153 1
3004.83 11.7845 1
3004.56 15.2796 1
3006.41 11.8427 1
3002.58 10.8567 1
3004.05 11.465 1
2998.56 15.3838 1
3012.25 12.3272 1
3010.86 11.4519 1
2996.36 10.7851 1
2994.89 16.251 1
3000.94 10.7841 1
3013.75 11.2909 1
2991.43 10.9396 1
2995.91 15.2052 1
3003.93 10.8548 1
3001.05 10.7834 1
3003.18 11.0141 1
2982.41 13.7645 1
3002.15 11.4634 1
3016.76 10.4021 1
3000.15 10.7293 1
2987.11 11.1349 1
2997.05 11.0356 1
2993.33 10.9547 1
2996.66 10.2198 1
2990.8 11.0644 1
3001.26 10.8328 1
2997.05 11.0324 1
2988.4 11.0739 1
2982.71 11.5568 1
2983.92 11.0122 1
2993.33 10.9193 1
2993.91 10.5161 1
2985.07 11.2813 1
2978.55 10.9763 1
2991.29 11.1419 1
2979.74 10.8317 1
2979.68 12.2178 1
2981.61 11.0018 1
2977.38 11.1514 1
2986.21 10.5438 1
2975.42 11.5056 1
2978.35 11.1358 1
2980.11 10.8507 1
2972.89 10.8779 1
2972.53 11.2167 1
2972.94 11.1664 1
2965.36 10.5122 1
2962.18 10.4012 1
2962.95 11.718 1
2976.5 11.0787 1
2967.65 10.7859 1
2961.36 10.4865 1
2963.14 11.0154 1
2952.18 11.0635 1
2956.09 12.117 1
2955.86 10.2837 1
2963.22 11.0606 1
2962.94 10.9651 1
2959.92 11.7339 1
2954.32 10.632 1
2953.51 11.921 1
2942.91 10.8664 1
2944.01 11.5911 1
2954.23 11.0251 1
2950.68 10.8641 1
2953.88 10.8667 1
2952.99 12.2415 1
2951.9 11.7592 1
2947.27 11.607 1
2948.8 11.2633 1
2940.24 13.1676 1
2954.13 11.4639 1
2943 12.2304 1
2949 12.0423 1
2949.08 12.7193 1
2931.14 12.3142 1
2936.7 12.6809 1
2936.1 15.6619 1
2935.85 14.4142 1
2929.41 15.7161 1
2927.04 15.0763 1
2920.04 14.4358 1
2985.67 30.3845 1
3051.88 18.3577 1
3058.06 22.1776 1
3056.9 18.3393 1
3037.56 22.083 1
3048.83 17.5507 1
3054.53 18.866 1
3059.86 17.0555 1
3063.46 22.8573 1
3058.74 17.355 1
3070.11 17.5595 1
3059.6 16.5961 1
3058.08 18.7623 1
3052.04 15.1926 1
3069.87 17.0738 1
3052.96 14.8401 1
3065.26 18.214 1
3070.88 15.1331 1
3060.44 17.1043 1
3063.14 15.3527 1
3050.73 15.8903 1
3056.78 15.1025 1
3061.45 14.6328 1
3062.78 14.6326 1
3069.58 16.1917 1
3078.59 15.4206 1
3055.93 14.0764 1
3064.94 14.3799 1
3059.49 15.2577 1
3061.55 14.5914 1
3044.79 18.4779 1
3053.78 13.4936 1
3077.83 15.7085 1
3050 13.5655 1
3052.01 17.0662 1
3063.6 13.8609 1
3053.43 14.0615 1
3058.51 13.4201 1
3044.76 16.588 1
3045.83 12.7656 1
3073.16 13.8574 1
3061.05 13.1965 1
3050.79 16.6865 1
3064.28 13.2653 1
3053.16 12.8696 1
3049.21 12.5598 1
3052.89 17.0083 1
3040.74 12.2309 1
3051.55 13.5569 1
3057.77 12.5248 1
3047.33 18.3675 1
3053.38 12.6911 1
3043.54 12.8499 1
3044.22 12.1503 1
3037.04 17.4939 1
3046.79 11.7443 1
3042.55 12.2332 1
3042.63 12.6783 1
3036.63 16.6897 1
3047.99 11.8913 1
3044.31 12.8782 1
3053.26 12.1181 1
3024.91 15.361 1
3042.89 11.1317 1
3047.97 12.6518 1
3044.04 11.5687 1
3041.39 11.605 1
3041.96 11.443 1
3043.74 11.9035 1
3037.69 11.514 1
3041.55 11.121 1
3039.77 12.4946 1
3062.09 12.4184 1
3041.92 12.3432 1
3039.67 11.5037 1
3038.4 11.779 1
3036.82 12.3512 1
3042.19 11.517 1
3036.19 11.3256 1
3040.18 11.3497 1
3044.91 12.0717 1
3036.09 12.3684 1
3037.3 11.8898 1
3029.41 11.8833 1
3028.09 12.4416 1
3033.25 11.0111 1
3032.05 11.6325 1
3038.11 12.237 1
3035.79 12.2726 1
3025.94 11.7216 1
3032.71 11.0811 1
3041.97 11.8403 1
3023.29 11.2526 1
3038.14 11.7264 1
3029.26 11.3619 1
3025.48 11.4639 1
3020.24 12.4424 1
3032.9 11.3959 1
3014.26 12.4489 1
3017.47 11.0866 1
3014.96 12.7737 1
3028.13 11.4157 1
3014.78 11.6661 1
3012.22 12.2733 1
3021.11 12.8841 1
3014.04 11.22 1
3009.17 13.796 1
3015.67 12.3839 1
3009.72 12.1027 1
3012.94 11.074 1
3010.45 11.4285 1
3007.51 11.3251 1
3008 12.6748 1
3016.58 11.9454 1
2999.27 12.4233 1
3006.62 11.6072 1
2998.79 12.8043 1
2999.75 11.9717 1
3004.7 12.5848 1
2999.88 12.5203 1
3000.4 13.5247 1
2995.46 12.574 1
3001.37 13.8789 1
3001.36 15.1463 1
2996.12 15.4904 1
2988.21 13.6956 1
3000.47 17.4792 1
2990.98 15.112 1
3014.73 31.774 1
3056.58 18.1742 1
3051.76 19.8693 1
3040.13 19.4307 1
3041.09 20.1279 1
3033.35 17.3341 1
3045.64 16.8944 1
3035.13 16.0572 1
3052.92 18.7299 1
3040.91 16.4934 1
3045.94 16.7431 1
3041.26 15.5991 1
3036.81 18.3091 1
3042.17 16.749 1
3030.08 17.3285 1
3041.27 15.9116 1
3060.41 17.1528 1
3042.08 16.0047 1
3038.64 15.6173 1
3032.76 16.6475 1
3033.81 15.756 1
3053.18 15.5673 1
3034.39 15.001 1
3039.98 14.1869 1
3042.67 15.1831 1
3043.16 14.9654 1
3039.34 14.241 1
3049.01 14.2831 1
3046.63 16.7931 1
3038.9 13.8939 1
3043.65 15.7775 1
3031.75 13.9824 1
3056.48 15.3604 1
3043.41 13.7361 1
3021.56 16.6249 1
3034.83 14.1394 1
3036.1 14.5789 1
3033.74 13.3739 1
3034.25 15.6395 1
3021.35 13.477 1
3035.55 14.6044 1
3016.64 15.2264 1
3022.03 15.9882 1
3033.28 14.1689 1
3023.64 14.9219 1
3017.92 13.1924 1
3027.12 15.4598 1
3018.06 13.4055 1
3026.78 14.8089 1
3020.97 12.9601 1
3019.9 17.8353 1
3008.3 13.3116 1
3003.68 13.0906 1
3005.76 13.6572 1
3008.3 16.4363 1
3007.18 14.2234 1
3020.37 14.3471 1
3014.63 13.2003 1
3003.68 15.6614 1
3006.05 13.9997 1
3023.66 13.8857 1
3005.88 12.9404 1
2991.87 15.468 1
2999.79 14.4878 1
3013.53 14.1116 1
2997.16 13.2834 1
2996.77 12.583 1
2997.3 12.429 1
2999.63 12.9154 1
2987.65 12.5448 1
2997.14 12.5129 1
2997.54 13.5354 1
2998.87 13.1811 1
2988.62 12.9836 1
2982.95 13.4146 1
2983.21 12.3832 1
2989.16 13.3268 1
2978 13.7682 1
2983.13 13.1591 1
2979.8 12.8096 1
2977.65 14.8918 1
2984.1 13.2494 1
2987.58 12.7348 1
2974.37 14.9979 1
2975.71 13.7055 1
2962.42 13.8361 1
2974.79 13.5475 1
2957.76 13.6049 1
2975.16 13.6101 1
2966.59 12.5133 1
2966.58 13.235 1
2967.55 13.0226 1
2957.24 14.0048 1
2967.72 14.0708 1
2960.98 13.288 1
2958.88 13.3936 1
2950.17 14.0304 1
2958.57 12.4957 1
2952.54 13.6227 1
2960.23 14.0075 1
2946.3 13.5377 1
2952.53 13.0121 1
2943.79 13.1196 1
2947.3 13.8809 1
2945.1 14.2595 1
2936.86 14.2343 1
2936.99 14.6236 1
2936.54 13.169 1
2923.51 13.9537 1
2934.57 13.0707 1
2923.5 14.1334 1
2943.86 13.2151 1
2937.15 14.4034 1
2931.15 14.187 1
2927.21 13.837 1
2927.54 14.0464 1
2921.14 15.7999 1
2909.81 13.0797 1
2914.99 15.2512 1
2921.82 13.864 1
2914.12 14.5344 1
2919.06 13.8527 1
2904.52 14.8139 1
2910.67 14.8955 1
2906.27 14.531 1
2906.63 14.1564 1
2903.66 16.2808 1
2900.45 14.9389 1
2875.22 32.6723 1
2966.27 19.4172 1
2950.55 20.734 1
2953.2 17.4422 1
2944.97 21.441 1
2954.69 17.0977 1
2958.98 18.0749 1
2941.72 16.3712 1
2954.95 20.2958 1
2960.18 16.3287 1
2960.25 16.9228 1
2958.72 15.9098 1
2959.62 18.1097 1
2935.54 14.4708 1
2962.41 15.8814 1
2950.69 15.4909 1
2957.39 17.637 1
2961.59 13.9238 1
2951.68 15.6597 1
2949.86 15.5225 1
2953.37 15.3674 1
2949.34 13.3714 1
2949.02 14.5432 1
2956.02 13.8871 1
2951.58 15.1173 1
2969.96 13.4508 1
2953.68 14.4085 1
2950.9 13.3695 1
2955.45 14.2281 1
2945 14.1853 1
2950.91 16.6918 1
2951 13.5355 1
2965.48 16.2368 1
2958.03 12.9075 1
2948.95 16.5842 1
2961.49 12.4143 1
2958.7 12.727 1
2959.6 12.0691 1
2960.43 16.9339 1
2963.25 13.0205 1
2964.43 14.5461 1
2967.58 12.6587 1
2963.08 15.889 1
2962.41 12.4463 1
2954.53 13.101 1
2955.15 11.6375 1
2963.39 16.7082 1
2954.84 11.9975 1
2966.79 12.9373 1
2967.49 11.5291 1
2953.49 17.1761 1
2970.43 11.8679 1
2964.6 11.9241 1
2970.51 11.1161 1
2975.88 16.1555 1
2978.63 11.3313 1
2966.22 11.5191 1
2966.88 10.9368 1
2963.93 15.2402 1
2968.28 11.2047 1
2969.42 12.252 1
2973.91 12.403 1
2976.18 15.0502 1
2977.21 10.8397 1
2975.32 12.2813 1
2974.23 10.7575 1
2959.5 11.3076 1
2964.64 10.733 1
2963.48 11.5339 1
2974.19 11.1491 1
2960.19 11.7794 1
2972.42 11.746 1
2965.87 12.0604 1
2964.42 10.7922 1
2969.76 11.8695 1
2961.83 10.6704 1
2961.32 11.6619 1
2965.69 10.7822 1
2969.08 12.8722 1
2962.2 10.8382 1
2957.59 11.6496 1
2951.19 11.0308 1
2963.54 12.7807 1
2955.23 11.0681 1
2953.5 12.3164 1
2954.66 10.8152 1
2961.9 12.089 1
2956.76 11.6315 1
2952.06 11.0168 1
2951.51 10.7988 1
2952.26 12.0934 1
2943.37 11.5749 1
2947.84 11.0268 1
2950.15 11.2341 1
2952.26 12.1584 1
2951.42 11.3948 1
2959.4 11.639 1
2950.72 11.3567 1
2949.56 12.2689 1
2949.38 11.0274 1
2938.97 12.0923 1
2953.78 11.2461 1
2937.71 11.8484 1
2943.78 11.7637 1
2941.89 12.084 1
2939.32 11.6343 1
2928.66 12.7399 1
2945.56 12.6486 1
2941.13 14.051 1
2929.45 12.0706 1
2938.52 13.344 1
2925.39 12.7803 1
2938.15 12.744 1
2922.83 13.0981 1
2934.26 12.633 1
2923.08 14.3438 1
2930.36 14.2493 1
2928.29 13.4016 1
2920.37 14.3236 1
2926.76 13.0273 1
2924.19 14.5754 1
2927.44 13.0069 1
2924.14 14.1414 1
2912.81 14.1652 1
2914.68 15.1407 1
2914.3 14.104 1
2911.62 15.7029 1
2907.37 15.1994 1
2969.13 32.9753 1
3022.03 20.7701 1
3029.44 21.7636 1
3033.84 19.9074 1
3022.48 23.7823 1
3026.98 17.8415 1
3035.91 19.1672 1
3032.71 17.9955 1
3048.38 21.4307 1
3023.51 18.0489 1
3032.64 17.6523 1
3027.15 17.5756 1
3018.8 19.0301 1
3024.3 16.275 1
3036.47 16.3729 1
3031.89 17.1923 1
3025.91 18.3826 1
3023.86 15.2125 1
3018.07 16.396 1
3029.31 15.8371 1
3022.67 17.5168 1
3020.78 16.1312 1
3033.62 14.7374 1
3019.55 14.7274 1
3027.47 15.4452 1
3021.93 15.1204 1
3018.81 13.9372 1
3011.79 14.4466 1
3014.21 14.0602 1
3017.39 14.3637 1
3009.55 17.3761 1
3019.48 13.9556 1
3032.33 15.8284 1
3029.19 14.4982 1
3005.27 17.0372 1
3006.67 13.7627 1
3015.31 14.0129 1
3011.68 13.1702 1
3000.88 16.3957 1
3014.34 13.2924 1
3020.54 13.741 1
3006.56 13.2093 1
3000.47 17.1538 1
3008.64 14.4797 1
3016.69 12.7505 1
3005.68 13.3665 1
3005.73 17.0304 1
3011.07 12.9426 1
3008.63 12.3854 1
3020.89 12.6433 1
3001.1 18.4467 1
3000.06 12.8507 1
3004.79 13.1548 1
3013.77 12.6841 1
3001.25 19.0022 1
3002.89 12.9781 1
3002.2 12.7594 1
3009.3 13.0868 1
2995.48 17.4039 1
3003.29 12.7331 1
3005.24 12.5383 1
3006.21 12.19 1
2989.63 15.9071 1
3002.54 12.3475 1
3019.99 11.7314 1
3008.25 11.7394 1
2990.92 12.5066 1
3007.75 12.3653 1
3001.84 12.2559 1
2993.7 12.6789 1
3000.67 11.4866 1
2988.44 13.3819 1
3012.12 12.4105 1
3016.87 12.8189 1
2990.68 12.4852 1
3007.3 12.6716 1
3003.54 12.5974 1
2992.33 12.5889 1
3008.87 11.7464 1
3006.64 12.4926 1
3003.26 12.0363 1
3003.55 12.9 1
3000.18 12.4166 1
2997.82 12.6807 1
2987.29 12.6797 1
3002.07 12.1149 1
2987.74 12.2114 1
2996.72 12.3473 1
3000.77 13.4656 1
3006.63 11.8567 1
2986.31 12.4605 1
2995.86 12.6268 1
2994.84 13.2106 1
2993.57 12.0204 1
2979.19 13.5732 1
2990.44 12.6934 1
2993.8 12.763 1
2989.44 12.3657 1
2982.08 13.4412 1
2992.45 13.3896 1
2991.03 13.3628 1
2981.62 12.926 1
2995.67 13.1495 1
2977.93 13.9734 1
2993.24 13.9469 1
2981.18 12.6823 1
2985.54 14.1351 1
2969.87 13.2848 1
2971.61 13.9533 1
2971.37 12.6579 1
2968.76 13.7789 1
2967.1 12.9169 1
2965.2 14.759 1
2954.15 13.5243 1
2947.73 14.3557 1
2953.48 14.2087 1
2955.75 14.8922 1
2957.54 13.4038 1
2947.99 14.7221 1
2957.67 14.0947 1
2958.08 15.094 1
2962.8 14.3112 1
2951.59 15.172 1
2941.78 15.9331 1
2942.38 16.0577 1
2942.09 15.7344 1
2936.01 17.7839 1
2936.77 17.3487 1
3000 33.4915 1
3062.26 19.0077 1
3084.35 22.1174 1
3086.03 19.0683 1
3076.11 24.1251 1
3071.53 16.7295 1
3082.94 20.3711 1
3083.95 17.9818 1
3088.87 22.3816 1
3078.52 17.1374 1
3074.62 17.3981 1
3069.5 15.9917 1
3071.99 19.2052 1
3082.72 15.5495 1
3074.69 15.6355 1
3069.18 14.5992 1
3077.91 19.077 1
3062.97 14.2648 1
3072.42 16.3345 1
3067.76 14.873 1
3079.31 15.828 1
3071.54 14.2335 1
3072.51 14.2686 1
3066.24 13.8849 1
3075.9 15.9829 1
3075.38 13.8338 1
3076.75 13.9242 1
3067.27 13.6297 1
3067.15 13.6071 1
3082.22 14.7923 1
3070.15 17.5298 1
3074.34 13.3111 1
3081.81 14.8633 1
3078.75 13.1146 1
3060.89 17.2467 1
3065.3 12.6704 1
3067.4 13.1056 1
3063.75 12.805 1
3059.79 16.8125 1
3065.02 13.0824 1
3059.74 12.6705 1
3070.65 12.8543 1
3051.7 17.4026 1
3077.53 12.7942 1
3058.97 12.9931 1
3066.78 11.7743 1
3052.46 17.426 1
3058.96 11.6703 1
3065.54 13.0218 1
3068.17 11.4585 1
3063.62 18.5973 1
3065.57 12.1341 1
3060.08 11.6768 1
3060.81 11.7941 1
3047.82 17.4446 1
3056.16 11.5299 1
3073.7 12.6835 1
3067.15 11.2257 1
3046.99 16.7328 1
3063.1 11.0651 1
3066.1 12.2313 1
3071.73 12.5875 1
3046.52 15.3922 1
3062.77 10.3171 1
3087.03 12.3813 1
3059.76 10.5509 1
3058.12 10.9727 1
3061.88 10.9805 1
3050.15 11.4998 1
3058.56 11.437 1
3062.58 10.9199 1
3060.32 11.9273 1
3074.11 12.0407 1
3058.43 10.6821 1
3052.82 11.2484 1
3062.15 10.6426 1
3062.29 12.0152 1
3053.24 10.6152 1
3051.55 11.8242 1
3051.32 10.5934 1
3066.85 11.55 1
3057.72 11.368 1
3039.37 11.6814 1
3044.29 10.7971 1
3050.17 11.861 1
3048.5 10.75 1
3042.36 11.0525 1
3040.68 11.5921 1
3046.32 11.0778 1
3040.23 10.4929 1
3035.52 11.2312 1
3033.39 11.5434 1
3031.2 11.1128 1
3035.21 10.6788 1
3025.34 11.3267 1
3025.53 10.966 1
3037.56 11.7924 1
3029.62 11.0138 1
3025.19 11.5073 1
3020.45 10.2752 1
3009.68 11.484 1
3021.86 10.0702 1
3024.37 11.5881 1
3021.62 11.8801 1
3026.19 11.7234 1
3020.69 10.752 1
3009.84 12.3106 1
3007.34 10.9988 1
3022.15 11.8748 1
3010.52 10.7471 1
3005.29 11.4411 1
3023.18 10.9141 1
3016.07 12.3479 1
3007.36 11.4377 1
3004.59 12.4052 1
3010.6 12.148 1
3016.3 13.0743 1
3011.43 11.7847 1
3003.24 12.5531 1
3005.35 12.2345 1
3012.72 13.246 1
3020.88 12.2846 1
3006.86 13.6542 1
3001.42 13.9886 1
3001.49 14.8527 1
2993.65 13.8669 1
2986.1 15.5727 1
2993.98 15.1905 1
3056.67 42.4618 1
3096.3 23.2846 1
3087.14 23.6709 1
3075.63 20.1745 1
3077.45 24.5741 1
3079.89 18.9891 1
3069.63 19.7886 1
3065.38 18.2767 1
3076.09 22.6674 1
3063.66 18.1108 1
3068.77 19.6064 1
3062.21 17.3427 1
3063.22 19.6433 1
3054.54 15.5932 1
3054.97 16.9198 1
3046.56 16.7055 1
3056.85 18.3826 1
3046.26 14.3999 1
3039.89 16.5811 1
3043.76 15.1667 1
3034.45 16.9727 1
3044.5 15.5691 1
3035 14.275 1
3030.57 14.4885 1
3036.32 15.2049 1
3027.04 15.0466 1
3041.16 14.0731 1
3012.88 13.9148 1
3007.84 14.2712 1
3022.31 14.3872 1
3012.21 17.3548 1
3029.92 13.9861 1
3039.24 15.9902 1
3019.5 13.7766 1
3020.49 16.6517 1
3006.74 13.2547 1
3000.58 14.2132 1
2996.84 13.3567 1
2993.32 16.1845 1
2994.13 13.212 1
3010.6 14.3519 1
3001.74 13.3698 1
2993.27 16.5707 1
2994.81 13.861 1
2981.77 13.1309 1
2991.46 12.7718 1
2982.14 16.8552 1
2988.53 12.6263 1
2985.37 12.7551 1
2984.14 12.5674 1
2973.64 18.0195 1
2976.52 14.038 1
2979.87 13.1727 1
2978.72 12.8753 1
2961.98 17.2769 1
2968.9 12.2793 1
2973.57 12.6604 1
2974.14 12.9478 1
2964.75 16.9075 1
2970.51 12.7908 1
2956.48 13.1315 1
2964.26 12.5344 1
2955.9 16.3479 1
2960.41 11.9444 1
2965.68 12.5161 1
2944.9 11.6233 1
2958.1 12.7984 1
2954.78 12.94 1
2951.21 13.0667 1
2947.28 12.5207 1
2942.82 12.1747 1
2946.42 13.92 1
2958.71 13.0624 1
2952.55 12.8061 1
2951.08 13.6656 1
2955.46 12.6147 1
2952.38 12.623 1
2946.77 12.0906 1
2950.35 11.9836 1
2948.35 12.6607 1
2959.4 12.2859 1
2954.8 13.6887 1
2945.93 12.2214 1
2942.64 12.59 1
2943.7 13.0501 1
2942.34 12.1591 1
2940.95 12.3177 1
2932.87 12.2112 1
2937.71 13.5907 1
2948.23 12.1682 1
2930.43 12.7763 1
2930.4 13.2543 1
2935.39 13.2645 1
2939.47 12.3705 1
2936 14.4309 1
2930.57 12.4641 1
2945.72 13.3064 1
2950.79 12.2307 1
2948.34 13.6143 1
2941.87 13.2587 1
2932.2 13.5269 1
2937.15 12.9298 1
2932.3 12.9148 1
2938.02 13.868 1
2938.11 13.7363 1
2939.56 12.7084 1
2941.15 14.5113 1
2939.44 12.9006 1
2932.33 13.7318 1
2936.16 12.2966 1
2929.17 13.8687 1
2937.96 12.6042 1
2929.77 14.7585 1
2936.97 13.8041 1
2936.17 14.392 1
2941.25 13.2759 1
2926.66 15.3229 1
2931.36 13.1237 1
2932.36 14.8681 1
2922.56 13.6666 1
2942.99 14.5045 1
2941.95 13.7314 1
2943.83 14.9268 1
2936.78 15.7174 1
2931.93 15.0438 1
2935.16 14.9836 1
2941.19 17.3867 1
2944.29 15.8634 1
2992.38 33.6604 1
3086.95 19.8468 1
3080.75 22.5961 1
3088.93 19.2118 1
3082.98 24.6996 1
3084.17 17.0338 1
3088.21 20.7481 1
3092.48 17.8176 1
3113.85 24.0939 1
3099.64 18.7901 1
3092.61 18.2443 1
3096.9 17.1288 1
3089.16 20.5254 1
3093.63 15.641 1
3094.77 16.7837 1
3094.54 15.7099 1
3101.43 20.3087 1
3116.47 16.466 1
3114.02 19.1726 1
3106.97 16.7856 1
3101.29 16.7762 1
3106.91 15.3501 1
3095.75 14.7318 1
3100.22 15.1838 1
3110.4 17.6427 1
3103.1 14.6628 1
3107.07 14.963 1
3099.82 14.7896 1
3096.51 15.3513 1
3099.98 15.931 1
3099.89 18.3676 1
3091.63 14.1675 1
3108.84 16.4803 1
3093.45 13.4163 1
3085.18 18.0993 1
3083.38 13.1318 1
3084.7 13.4917 1
3089.71 13.6612 1
3083.32 17.9338 1
3087.12 14.2588 1
3082.57 14.3796 1
3083.07 13.5878 1
3054.61 17.825 1
3066.31 12.6237 1
3065.76 13.9524 1
3059.96 12.0311 1
3050.16 18.0694 1
3065.98 12.0138 1
3064 13.4364 1
3065.38 12.7556 1
3055.01 19.3443 1
3056.72 13.1042 1
3048.13 12.1923 1
3048.09 11.7144 1
3045.94 17.0718 1
3055.65 11.8889 1
3054.61 12.9658 1
3045.09 11.7358 1
3037.9 16.9402 1
3059.98 12.2455 1
3042.57 12.8248 1
3057.22 13.3463 1
3044.61 17.2955 1
3061.85 10.6061 1
3070.78 13.3192 1
3045.29 10.4424 1
3053.6 11.6899 1
3049.77 11.324 1
3054.59 11.8386 1
3053.23 12.1156 1
3044.8 11.3544 1
3048.95 12.5392 1
3054.7 12.6082 1
3059.81 11.0138 1
3058.39 12.1513 1
3046.89 10.6002 1
3051.81 12.6481 1
3054.72 10.932 1
3047.45 12.0633 1
3041.38 11.1402 1
3051.34 12.7804 1
3043.51 11.7518 1
3049.7 12.8447 1
3052.32 11.3274 1
3060.25 13.1993 1
3062.54 11.0814 1
3057 11.5941 1
3040.01 11.8223 1
3053.95 12.0398 1
3049.04 11.4817 1
3049.05 11.9121 1
3035.33 12.5264 1
3051.75 11.9726 1
3046.82 11.8208 1
3032.78 12.1172 1
3044.21 11.382 1
3063.67 12.7281 1
3038.36 11.1806 1
3047.41 12.2081 1
3053.53 10.8562 1
3039.83 12.0879 1
3036.6 10.616 1
3030.44 12.2788 1
3035.35 12.6863 1
3038.98 12.8418 1
3038.07 11.2484 1
3030.74 13.5006 1
3028.42 11.2224 1
3018 12.704 1
3038.66 10.9426 1
3032.73 12.0978 1
3027.03 11.3738 1
3030.5 12.7212 1
3028.94 12.2712 1
3020.12 13.1218 1
3017.73 13.0726 1
3026.66 14.0298 1
3021.57 12.041 1
3009.62 12.5288 1
3012.3 12.5476 1
3016.63 13.3363 1
3017.38 12.9269 1
3006.24 14.3089 1
3012.3 14.6016 1
3011 15.352 1
2995.45 14.6463 1
2998.58 16.3495 1
2999.33 15.8727 1
