46620
46622
46623
46624
46640
46642
46645
46647
46649
46653
46655
46656
46657
46658
46660
46661
46662
46663
46664
46665
46666
46667
46668
46669
46670
46672
46675
46676
46678
46679
46681
46682
46683
46694
46697
46699
46700
46702
46704
46706
46720
46721
46731
46733
46735
46750
46751
46753
46754
46755
46756
46758
46759
46760
46767
46770
46772
46774
46775
46900
46912
46913
46915
46917
46918
46922
46924
46929
46941
46943
46944
46945
46946
46947
46949
46950
46951
46952
46965
46967
46968
47002
47003
47005
47006
47007
47009
47014
47017
47019
47022
47032
47033
47034
47036
47037
47038
47040
47041
47042
47043
47050
47051
47052
47053
47054
47055
47056
47057
47058
47059
47060
47061
47064
47066
47068
47089
47098
47100
47104
47105
47106
47114
47115
47116
47123
47124
47125
47126
47129
47130
47131
47132
47133
47135
47136
47137
47138
47139
47140
47141
47143
47153
47155
47156
47158
47160
47161
47162
47187
47198
47201
47202
47203
47204
47211
47216
47218
47219
47220
47229
47230
47287
47288
47289
47291
47293
47297
47303
47305
47306
47308
47310
47312
47313
47314
47315
47316
47323
47325
47330
47332
47333
47334
47357
47360
47363
47375
47376
47377
47378
47379
47380
47381
47382
47389
47391
47393
47394
47395
47396
47397
47398
47399
47439
47440
47443
47445
47450
47451
47453
47454
47455
47456
47457
47458
47459
47460
47461
47462
47463
47464
47474
47476
47478
47480
47481
47482
47484
47485
47486
47488
47489
47491
47492
47494
47495
47496
47497
47501
47502
47503
47505
47506
47507
47508
47509
47513
47514
47516
47517
47519
47521
47522
47524
47525
47532
47538
47539
47540
47547
47548
47549
47552
47557
47558
47559
47566
47567
47568
47570
47617
47634
47635
47636
47637
47638
47650
47651
47654
47656
47657
47658
47659
47661
47662
47663
47664
47665
47666
47667
47698
47714
47715
47717
47719
47720
47721
47722
47723
47724
47725
47726
47727
47728
47729
47730
47731
47732
47733
47769
47777
47778
47783
47807
47831
47834
47841
47844
47846
47848
47855
47867
47884
47889
47892
47893
47939
47940
47944
47946
47962
47964
47976
47999
48073
48076
48079
48080
48082
48084
48085
48086
48088
48089
48099
48166
48167
48173
48177
48178
48180
48181
48185
48230
48231
48232
48233
48234
48236
48237
48238
48239
48240
48241
48244
48245
48253
48255
48256
48257
48258
48260
48261
48262
48263
48265
48284
48285
48287
48288
48291
48293
48294
48295
48296
48307
48309
48310
48312
48313
48318
48320
48322
48323
48325
48326
48327
48335
48336
48337
48338
48341
48342
48343
48344
48346
48347
48348
48349
48350
48352
48355
48357
48358
48359
48360
48361
48364
48366
48367
48369
48397
48398
48410
48412
48416
48418
48421
48422
48423
48454
48455
48456
48457
48458
48459
48462
48471
48473
48635
48636
48638
48640
48645
48656
48657
48658
48660
48701
48706
48720
48721
48722
48724
48725
48726
48727
48730
48731
48732
48733
48734
48735
48736
48741
48742
48743
48745
48746
48801
48803
48805
48806
48807
48808
48810
48811
48812
48813
48814
48823
48824
48826
48828
48829
48832
48836
48837
48838
48839
48859
48861
48863
48864
48865
48867
48868
48869
48870
48872
48873
48874
48875
48876
48877
48883
48884
48885
48888
48890
48891
48892
48893
48894
48895
48896
48897
48899
48900
48901
48902
48903
48918
48934
48935
48936
48938
48940
48942
48943
48946
48947
48949
48951
48952
48971
48976
48981
48982
48983
48984
48985
48986
48987
48988
48989
48990
48991
49017
49018
49023
49026
49027
49028
49029
49030
49031
49034
49035
49042
49043
49044
49047
49048
49050
49052
49053
49054
49060
49061
49062
49063
49064
49066
49067
49069
49070
49071
49072
49073
49098
49109
49111
49113
49116
49117
49118
49124
49125
49128
49133
49136
49138
49140
49141
49143
49155
49159
49165
49219
49220
49224
49225
49226
49227
49228
49229
49230
49233
49239
49240
49241
49244
49247
49248
49249
49250
49251
49254
49262
49263
49264
49266
49267
49268
49269
49270
49306
49307
49308
49309
49310
49312
49313
49314
49315
49316
49317
49324
49325
49327
49328
49329
49330
49331
49332
49333
49336
49337
49339
49340
49345
49346
49347
49348
49349
49350
49351
49352
49356
49357
49358
49359
49361
49362
49363
49365
49366
49367
49368
49372
49374
49376
49378
49379
49380
49381
49382
49383
49384
49385
49386
49387
49389
49390
49433
49434
49435
49436
49437
49438
49439
49440
49445
49446
49447
49448
49449
49450
49451
49452
49453
49454
49455
49456
49457
49458
49464
49466
49467
49468
49650
49651
49652
49653
49655
49656
49658
49660
49661
49662
49663
49664
49736
49737
49741
49742
49743
49748
49749
49750
49751
49752
49757
49758
49760
49761
49762
49763
