46941
46945
46946
46949
46950
46951
46952
46965
46967
46968
47002
47003
47005
47006
47007
47009
47014
47017
47019
47022
47032
47033
47034
47036
47037
47038
47040
47041
47042
47043
47050
47051
47052
47053
47054
47055
47056
47057
47058
47059
47060
47061
47064
47066
47068
47089
47098
47100
47104
47105
47106
47114
47115
47116
47123
47124
47125
47126
47129
47130
47131
47132
47133
47135
47136
47137
47138
47139
47140
47141
47143
47153
47155
47156
47158
47160
47161
47162
47187
47198
47201
47202
47203
47204
47211
47216
47218
47219
47220
47229
47230
47287
47288
47289
47291
47293
47297
47303
47305
47306
47308
47310
47312
47313
47314
47315
47316
47323
47325
47330
47332
47333
47334
47357
47360
47363
47375
47376
47377
47378
47379
47380
47381
47382
47389
47391
47393
47394
47395
47396
47397
47398
47399
47439
47440
47443
47445
47450
47451
47453
47454
47455
47456
47457
47458
47459
47460
47461
47462
47463
47464
47474
47476
47478
47480
47481
47482
47484
47485
47486
47488
47489
47491
47492
47494
47495
47496
47497
47501
47502
47503
47505
47506
47507
47508
47509
47513
47514
47516
47517
47519
47521
47522
47524
47525
47532
47538
47539
47540
47547
47548
47549
47552
47557
47558
47559
47566
47567
47568
47570
47617
47634
47635
47636
47637
47638
47650
47651
47654
47656
47657
47658
47659
47661
47662
47663
47664
47665
47666
47667
47698
47714
47715
47717
47719
47720
47721
47722
47723
47724
47725
47726
47727
47728
47729
47730
47731
47732
47733
47769
47777
47778
47783
47807
47831
47834
47841
47844
47846
47848
47855
47867
47884
47889
47892
47893
47939
47946
47962
47964
48073
48076
48079
48080
48082
48085
48086
48088
48089
