48173
48295
48325
48327
48337
48338
48342
48347
48358
48418
48421
48422
48423
48454
48455
48456
48458
48459
48462
48635
48636
48638
48640
48645
48656
48657
48658
48660
48701
48706
48720
48721
48722
48724
48725
48726
48727
48730
48731
48732
48733
48734
48735
48736
48741
48742
48743
48745
48746
48801
48803
48805
48806
48807
48808
48810
48811
48812
48813
48814
48823
48824
48826
48828
48829
48832
48836
48837
48838
48839
48859
48861
48863
48864
48865
48867
48868
48869
48870
48872
48873
48874
48875
48876
48877
48883
48884
48885
48888
48890
48891
48892
48893
48894
48895
48896
48897
48899
48900
48901
48902
48903
48918
48934
48935
48936
48938
48940
48942
48943
48946
48947
48949
48951
48952
48971
48976
48981
48982
48983
48984
48985
48986
48987
48988
48989
48990
48991
49017
49023
49026
49027
49028
49029
49030
49031
49034
49035
49042
49043
49044
49047
49048
49050
49052
49053
49054
49060
49061
49062
49063
49064
49066
49067
49069
49070
49071
49072
49073
49098
49117
49125
49128
49133
49138
49219
49220
49224
49225
49226
49227
49228
49229
49230
49233
49239
49240
49241
49244
49247
49248
49249
49250
49251
49254
49262
49263
49264
49266
49267
49268
49269
49270
49306
49307
49308
49309
49310
49312
49313
49314
49315
49316
49317
49324
49325
49327
49328
49329
49330
49331
49332
49333
49336
49337
49339
49340
49345
49346
49347
49348
49349
49350
49351
49352
49356
49357
49358
49359
49361
49362
49363
49365
49366
49367
49368
49372
49374
49376
49378
49379
49380
49381
49382
49383
49384
49385
49386
49387
49389
49390
49433
49434
49435
49436
49437
49438
49439
49440
49445
49446
49447
49448
49449
49450
49451
49452
49453
49454
49455
49456
49457
49458
49464
49466
49467
49468
49650
49651
49652
49653
49655
49656
49658
49660
49661
49662
49663
49664
49736
49737
49741
49742
49743
49748
49749
49750
49751
49752
49757
49758
49760
49761
49762
49763
