47289
47310
47381
47454
47459
47480
47491
47503
47506
47513
47557
47568
47650
47662
47666
47722
47726
47732
47733
47810
47856
47889
47890
47972
47976
48002
48091
48239
48255
48257
48259
48263
48290
48291
48320
48357
48522
48533
48636
48720
48731
48732
48810
48824
48828
48838
48869
48870
48891
48892
48902
48903
48940
48946
48951
48984
49061
49062
49067
49121
49141
49217
49219
49249
49250
49264
49265
49267
49307
49331
49356
49376
49378
49383
49433
49434
49447
49448
49466
49468
49655
49968
49970
50034
50036
50045
50046
50047
50070
50073
50076
50262
50283
50330
50340
50343
50356
50376
50463
50464
50465
50466
50467
50468
50470
50471
50483
50489
50491
50492
50496
50497
50500
50501
50520
50521
50522
50526
50527
50528
50529
50531
50535
50536
50548
50549
50550
50551
50554
50569
50600
50602
50606
50655
50658
50981
50992
50996
51154
51202
51208
51212
51220
51237
51297
51511
51520
51576
51607
51827
51908
51909
52015
52266
52278
52286
52302
52462
52575
52611
52649
52661
53046
53860
