47289
47290
47291
47292
47293
47294
47295
47296
47297
47298
47299
47300
47301
47302
47303
47304
47305
47306
47307
47308
47309
47310
47311
47312
47313
47314
47315
47316
47323
47324
47325
47329
47330
47331
47332
47333
47334
47335
47336
47337
47338
47339
47342
47343
47344
47345
47346
47347
47349
47350
47351
47352
47353
47354
47355
47356
47357
47358
47359
47360
47361
47362
47363
47372
47373
47375
47376
47377
47378
47379
47380
47381
47382
47386
47387
47388
47389
47390
47391
47392
47393
47394
47395
47396
47397
47398
47399
47400
47401
47402
47403
47404
47405
47418
47419
47420
47422
47438
47439
47440
47441
47442
47443
47444
47445
47446
47447
47448
47449
47450
47451
47452
47453
47454
47455
47456
47457
47458
47459
47460
47461
47462
47463
47464
47474
47475
47476
47477
47478
47479
47480
47481
47482
47483
47484
47485
47486
47487
47488
47489
47490
47491
47492
47493
47494
47495
47496
47497
47501
47502
47503
47504
47505
47506
47507
47508
47509
47513
47514
47515
47516
47517
47518
47519
47520
47521
47522
47523
47524
47525
47526
47527
47529
47531
47532
47533
47534
47535
47536
47537
47538
47539
47540
47541
47542
47543
47544
47545
47546
47547
47548
47549
47550
47551
47552
47557
47558
47559
47560
47561
47562
47563
47564
47565
47566
47567
47568
47569
47570
47571
47582
47583
47584
47585
47586
47587
47588
47589
47590
47591
47592
47593
47594
47595
47596
47597
47598
47599
47600
47601
47602
47603
47604
47605
47606
47607
47608
47609
47610
47611
47612
47613
47614
47615
47616
47617
47618
47619
47620
47621
47622
47623
47624
47625
47626
47627
47628
47629
47630
47631
47632
47633
47634
47635
47636
47637
47638
47639
47640
47641
47647
47648
47649
47650
47651
47652
47653
47654
47655
47656
47657
47658
47659
47660
47661
47662
47663
47664
47665
47666
47667
47668
47669
47670
47671
47672
47673
47674
47675
47676
47677
47679
47680
47681
47682
47683
47684
47685
47686
47687
47714
47715
47716
47717
47718
47719
47720
47721
47722
47723
47724
47725
47726
47727
47728
47729
47730
47731
47732
47733
47747
47748
47749
47750
47751
47752
47753
47754
47755
47756
47757
47758
47769
47770
47771
47772
47773
47774
47775
47776
47777
47778
47779
47780
47781
47783
47784
47785
47786
47787
47788
47790
47791
47792
47793
47794
47795
47796
47797
47798
47799
47800
47801
47802
47803
47804
47806
47807
47808
47809
47810
47811
47812
47813
47814
47815
47816
47817
47818
47819
47820
47821
47822
47823
47824
47825
47826
47827
47828
47829
47830
47831
47832
47833
47834
47835
47836
47837
47838
47839
47840
47841
47842
47843
47844
47845
47846
47847
47848
47849
47850
47851
47852
47853
47854
47855
47856
47857
47858
47859
47860
47861
47862
47863
47864
47865
47866
47867
47868
47869
47870
47871
47872
47873
47874
47875
47876
47877
47878
47879
47880
47883
47884
47885
47886
47887
47888
47889
47890
47891
47892
47893
47894
47895
47896
47898
47940
47941
47943
47944
47946
47947
47948
47949
47950
47952
47953
47954
47955
47956
47959
47960
47961
47962
47963
47964
47965
47966
47967
47968
47969
47970
47971
47972
47973
47974
47975
47976
47977
47978
47979
47980
47981
47982
47983
47985
47986
47988
47989
47990
47991
47992
47993
47994
47996
47997
47998
47999
48000
48001
48002
48003
48004
48005
48006
48007
48008
48009
48011
48014
48015
48017
48019
48020
48021
48022
48023
48024
48025
48026
48027
48060
48061
48062
48063
48064
48065
48066
48067
48068
48069
48070
48072
48073
48076
48077
48078
48079
48080
48081
48082
48083
48084
48085
48086
48088
48089
48090
48091
48094
48095
48096
48097
48098
48099
48100
48173
48176
48177
48178
48179
48180
48181
48185
48186
48187
48188
48189
48190
48200
48229
48230
48232
48233
48234
48235
48236
48237
48238
48239
48240
48241
48242
48245
48246
48247
48253
48254
48255
48256
48257
48258
48259
48260
48261
48262
48263
48264
48265
48266
48287
48288
48290
48291
48292
48293
48294
48295
48307
48308
48309
48310
48311
48312
48313
48314
48315
48316
48317
48318
48319
48320
48321
48322
48323
48324
48325
48326
48327
48328
48329
48330
48331
48332
48336
48337
48338
48339
48340
48341
48342
48343
48344
48345
48346
48347
48348
48349
48350
48352
48355
48356
48357
48358
48359
48360
48361
48362
48363
48364
48365
48366
48367
48368
48369
48372
48398
48399
48400
48401
48402
48403
48404
48405
48406
48407
48408
48409
48410
48412
48416
48417
48418
48419
48420
48421
48422
48423
48454
48455
48456
48457
48458
48459
48460
48461
48462
48463
48466
48467
48468
48469
48471
48472
48473
48474
48481
48482
48483
48500
48501
48507
48508
48509
48510
48511
48512
48513
48514
48515
48516
48517
48518
48519
48520
48521
48522
48523
48524
48525
48526
48527
48528
48529
48530
48531
48532
48533
48534
48535
48536
48633
48634
48635
48636
48637
48638
48639
48640
48641
48642
48643
48644
48645
48646
48647
48648
48649
48650
48651
48652
48653
48654
48655
48656
48657
48658
48659
48660
48700
48701
48706
48707
48708
48709
48712
48713
48714
48715
48716
48717
48718
48719
48720
48721
48722
48723
48724
48725
48726
48727
48730
48731
48732
48733
48734
48735
48736
48737
48738
48739
48740
48741
48742
48743
48744
48745
48746
48747
48748
48749
48750
48801
48802
48803
48804
48805
48806
48807
48808
48809
48810
48811
48812
48813
48814
48815
48816
48823
48824
48825
48826
48827
48828
48829
48830
48831
48832
48833
48834
48835
48836
48837
48838
48839
48855
48856
48857
48859
48860
48861
48862
48863
48864
48865
48866
48867
48868
48869
48870
48871
48872
48873
48874
48875
48876
48877
48878
48883
48884
48885
48886
48887
48888
48889
48890
48891
48892
48893
48894
48895
48896
48897
48898
48899
48900
48901
48902
48903
48918
48925
48926
48927
48934
48935
48936
48937
48938
48939
48940
48941
48942
48943
48944
48945
48946
48947
48948
48949
48950
48951
48952
48971
48972
48973
48974
48975
48976
48978
48979
48980
48981
48982
48983
48984
48985
48986
48987
48988
48989
48990
48991
49017
49018
49019
49023
49024
49026
49027
49028
49029
49030
49031
49032
49033
49034
49035
49038
49039
49040
49041
49042
49043
49044
49045
49046
49047
49048
49049
49050
49051
49052
49053
49054
49057
49058
49059
49060
49061
49062
49063
49064
49065
49066
49067
49068
49069
49070
49071
49072
49073
49098
49099
49100
49101
49102
49103
49104
49106
49107
49108
49109
49110
49111
49112
49113
49114
49115
49116
49117
49118
49121
49122
49124
49125
49126
49127
49128
49129
49130
49131
49132
49133
49134
49135
49136
49137
49138
49139
49140
49141
49142
49143
49144
49148
49149
49150
49151
49155
49157
49158
49159
49164
49165
49168
49216
49217
49218
49219
49220
49224
49225
49226
49227
49228
49229
49230
49231
49232
49233
49238
49239
49240
49241
49242
49243
49244
49245
49246
49247
49248
49249
49250
49251
49252
49253
49254
49255
49261
49262
49263
49264
49265
49266
49267
49268
49269
49270
49272
49273
49274
49275
49276
49277
49306
49307
49308
49309
49310
49311
49312
49313
49314
49315
49316
49317
49318
49323
49324
49325
49326
49327
49328
49329
49330
49331
49332
49333
49336
49337
49338
49339
49340
49341
49342
49343
49344
49345
49346
49347
49348
49349
49350
49351
49352
49353
49356
49357
49358
49359
49360
49361
49362
49363
49364
49365
49366
49367
49368
49369
49372
49373
49374
49375
49376
49377
49378
49379
49380
49381
49382
49383
49384
49385
49386
49387
49389
49390
49396
49397
49398
49399
49400
49401
49402
49403
49404
49405
49406
49423
49424
49428
49429
49430
49432
49433
49434
49435
49436
49437
49438
49439
49440
49441
49444
49445
49446
49447
49448
49449
49450
49451
49452
49453
49454
49455
49456
49457
49458
49461
49462
49463
49464
49465
49466
49467
49468
49650
49651
49652
49653
49654
49655
49656
49657
49658
49659
49660
49661
49662
49663
49664
49665
49666
49736
49737
49738
49739
49740
49741
49742
49743
49744
49745
49746
49747
49748
49749
49750
49751
49752
49755
49756
49757
49758
49759
49760
49761
49762
49763
49764
49765
49766
49768
49772
49773
49774
49775
49776
49777
49778
49779
49851
49852
49853
49854
49855
49856
49857
49858
49859
49860
49910
49911
49914
49915
49916
49917
49918
49919
49920
49921
49922
49923
49925
49926
49928
49929
49930
49931
49932
49934
49936
49939
49941
49945
49947
49948
49949
49950
49954
49955
49956
49957
49958
49959
49960
49961
49962
49964
49965
49966
49967
49968
49969
49970
49971
49972
49973
49974
49975
49976
50031
50032
50033
50034
50035
50036
50038
50039
50040
50041
50042
50043
50044
50045
50046
50047
50048
50050
50051
50052
50067
50068
50069
50070
50071
50073
50074
50075
50076
50077
50079
50080
50081
50082
50083
50084
50085
50086
50229
50230
50231
50232
50233
50234
50235
50236
50237
50238
50239
50240
50241
50242
50243
50244
50245
50246
50247
50248
50249
50250
50251
50252
50253
50254
50255
50256
50257
50258
50259
50260
50261
50262
50263
50264
50265
50266
50267
50268
50269
50270
50271
50272
50273
50274
50275
50276
50277
50278
50279
50280
50281
50282
50283
50284
50285
50286
50287
50288
50289
50290
50291
50292
50293
50294
50295
50296
50297
50298
50299
50300
50301
50302
50303
50305
50306
50307
50308
50309
50310
50311
50312
50313
50314
50315
50316
50317
50318
50319
50320
50321
50322
50323
50324
50325
50326
50327
50328
50329
50330
50331
50332
50333
50334
50335
50336
50337
50338
50339
50340
50341
50342
50343
50344
50345
50346
50347
50348
50349
50350
50351
50352
50353
50354
50355
50356
50357
50358
50359
50360
50361
50362
50363
50365
50366
50367
50368
50369
50370
50371
50372
50373
50374
50375
50376
50377
50379
50380
50381
50382
50383
50384
50385
50386
50387
50388
50389
50390
50391
50392
50393
50394
50395
50396
50397
50398
50399
50400
50401
50402
50403
50404
50405
50406
50417
50418
50419
50420
50421
50422
50423
50424
50425
50426
50427
50428
50429
50430
50431
50432
50433
50434
50435
50442
50443
50463
50464
50465
50466
50467
50468
50469
50470
50471
50473
50474
50475
50476
50477
50478
50479
50480
50481
50482
50483
50486
50487
50488
50489
50490
50491
50492
50493
50494
50495
50496
50497
50499
50500
50501
50506
50507
50508
50509
50510
50511
50512
50513
50514
50515
50516
50517
50518
50519
50520
50521
50522
50523
50524
50525
50526
50527
50528
50529
50530
50531
50532
50533
50534
50535
50536
50545
50546
50547
50548
50549
50550
50551
50552
50553
50554
50558
50559
50560
50561
50562
50563
50564
50565
50566
50567
50568
50569
50570
50571
50595
50596
50597
50598
50599
50600
50601
50602
50603
50604
50605
50606
50607
50612
50613
50614
50615
50616
50617
50620
50650
50651
50652
50653
50654
50655
50656
50657
50658
50659
50660
50661
50662
50663
50664
50665
50666
50667
50668
50669
50670
50671
50672
50673
50674
50675
50676
50677
50678
50679
50853
50854
50856
50857
50858
50860
50861
50862
50863
50868
50869
50872
50873
50874
50875
50876
50885
50886
50887
50888
50889
50890
50897
50899
50900
50901
50939
50940
50941
50942
50943
50944
50945
50946
50947
50950
50951
50952
50953
50954
50955
50956
50958
50959
50960
50961
50962
50963
50964
50965
50966
50968
50969
50970
50971
50972
50973
50974
50975
50976
50977
50978
50979
50980
50981
50982
50983
50984
50985
50986
50987
50988
50989
50990
50991
50992
50993
50994
50995
50996
50997
50998
50999
51001
51002
51003
51004
51005
51006
51007
51008
51009
51010
51012
51013
51014
51015
51016
51017
51018
51019
51025
51026
51092
51093
51094
51095
51096
51106
51107
51109
51111
51139
51148
51152
51153
51154
51155
51156
51157
51158
51159
51160
51161
51162
51163
51164
51165
51166
51167
51171
51172
51173
51174
51175
51176
51177
51178
51179
51180
51181
51182
51183
51184
51185
51186
51187
51188
51200
51201
51202
51203
51204
51205
51206
51207
51208
51209
51210
51211
51212
51213
51214
51215
51216
51217
51220
51221
51222
51223
51224
51225
51226
51227
51228
51229
51230
51231
51234
51235
51236
51237
51238
51239
51274
51275
51277
51278
51279
51280
51281
51282
51283
51284
51285
51286
51290
51291
51292
51293
51294
51295
51296
51297
51298
51299
51300
51301
51302
51303
51304
51305
51333
51334
51335
51336
51337
51338
51339
51340
51367
51368
51369
51370
51371
51372
51373
51374
51375
51376
51377
51378
51394
51395
51396
51427
51428
51429
51430
51431
51432
51433
51434
51436
51440
51441
51442
51443
51444
51445
51446
51447
51448
51450
51451
51452
51453
51454
51457
51458
51459
51460
51461
51462
51463
51464
51465
51466
51467
51468
51469
51470
51471
51475
51476
51477
51478
51479
51480
51481
51487
51488
51489
51490
51491
51492
51493
51494
51495
51499
51501
51502
51503
51504
51505
51506
51507
51508
51509
51510
51511
51512
51515
51516
51517
51518
51519
51520
51523
51524
51525
51526
51527
51528
51529
51530
51531
51532
51533
51534
51535
51536
51537
51538
51539
51540
51541
51543
51544
51545
51546
51547
51559
51560
51561
51562
51563
51564
51565
51569
51570
51571
51572
51573
51574
51575
51576
51603
51604
51605
51625
53693
53694
53695
53696
