47303
47312
47325
47330
47332
47445
47450
47486
47532
47566
47663
47717
47777
47778
47803
47848
47967
47981
48080
48091
48100
48180
48231
48287
48335
48338
48459
48474
48526
48724
48918
49017
49047
49052
49109
49238
49333
49336
49338
49350
49357
49458
49650
49651
49748
49750
49920
49931
49971
50069
50260
50340
50489
50507
50509
50519
50521
50595
50858
50959
51139
51153
51158
51499
51877
51936
51980
52033
52051
52149
52293
52305
52307
52316
52322
52416
52487
52571
52578
52727
53072
53075
53288
53295
53535
53545
53549
53602
53815
