47289
47290
47291
47292
47293
47294
47295
47299
47306
47310
47313
47314
47315
47316
47317
47318
47322
47333
47334
47336
47341
47342
47344
47346
47347
47349
47350
47352
47353
47355
47356
47357
47360
47363
47368
47369
47370
47373
47376
47377
47378
47379
47380
47381
47382
47385
47391
47393
47394
47395
47396
47397
47399
47407
47435
47436
47437
47440
47443
47451
47454
47455
47457
47458
47459
47461
47462
47463
47464
47468
47469
47470
47471
47473
47474
47476
47478
47480
47481
47482
47484
47485
47489
47491
47492
47494
47495
47497
47499
47500
47501
47502
47503
47505
47506
47507
47509
47513
47514
47516
47517
47519
47521
47522
47524
47525
47530
47538
47539
47540
47541
47542
47543
47547
47548
47549
47552
47554
47557
47558
47568
47581
47582
47584
47586
47587
47588
47590
47592
47596
47597
47601
47619
47627
47628
47634
47635
47636
47637
47638
47646
47650
47657
47658
47659
47661
47662
47664
47666
47667
47674
47684
47687
47690
47691
47696
47697
47698
47710
47713
47714
47715
47716
47719
47720
47721
47722
47723
47724
47725
47726
47727
47729
47730
47732
47733
47741
47742
47743
47744
47745
47746
47747
47748
47749
47750
47751
47754
47756
47757
47758
47762
47763
47764
47767
47768
47770
47772
47783
47791
47802
47804
47808
47810
47811
47815
47821
47822
47824
47828
47831
47832
47834
47835
47836
47838
47849
47852
47854
47856
47869
47873
47878
47881
47882
47889
47890
47892
47893
47910
47928
47931
47940
47944
47946
47958
47966
47969
47972
47973
47975
47976
47977
47978
47979
47982
47990
47998
47999
48001
48002
48003
48008
48011
48017
48019
48023
48024
48025
48029
48038
48042
48046
48048
48053
48059
48073
48076
48079
48082
48084
48085
48086
48087
48088
48089
48097
48099
48105
48120
48134
48139
48141
48144
48158
48160
48161
48162
48164
48166
48172
48176
48177
48179
48181
48185
48186
48187
48188
48189
48190
48228
48230
48232
48233
48234
48236
48237
48238
48239
48240
48244
48245
48246
48247
48248
48249
48250
48251
48253
48255
48256
48257
48258
48259
48260
48261
48262
48263
48265
48267
48280
48281
48284
48290
48291
48293
48294
48295
48299
48301
48307
48310
48312
48313
48318
48320
48323
48324
48325
48326
48327
48330
48336
48337
48341
48342
48343
48346
48347
48348
48349
48352
48353
48356
48357
48358
48359
48360
48364
48366
48367
48368
48369
48372
48381
48390
48391
48392
48394
48395
48398
48399
48409
48410
48412
48415
48416
48417
48418
48421
48423
48425
48427
48430
48432
48433
48434
48438
48440
48445
48446
48447
48448
48455
48456
48461
48462
48463
48469
48471
48475
48483
48485
48486
48488
48495
48496
48498
48499
48501
48510
48511
48512
48513
48514
48516
48518
48519
48520
48521
48522
48524
48527
48529
48530
48531
48532
48533
48535
48536
48543
48544
48547
48550
48556
48558
48559
48564
48570
48572
48573
48581
48583
48586
48594
48595
48597
48612
48614
48615
48633
48635
48636
48638
48639
48640
48643
48645
48656
48657
48658
48660
48664
48666
48669
48670
48686
48689
48698
48699
48701
48705
48706
48720
48721
48722
48725
48726
48727
48729
48730
48731
48732
48734
48735
48736
48739
48742
48743
48744
48745
48746
48747
48748
48750
48757
48758
48762
48764
48766
48769
48770
48773
48775
48778
48796
48797
48800
48801
48803
48805
48806
48807
48810
48811
48812
48813
48814
48815
48824
48826
48828
48829
48830
48832
48836
48838
48839
48843
48847
48849
48853
48859
48863
48864
48865
48867
48868
48869
48870
48872
48873
48874
48875
48876
48877
48882
48883
48884
48885
48888
48889
48891
48892
48893
48894
48895
48897
48899
48900
48901
48902
48903
48928
48933
48935
48938
48940
48943
48946
48947
48949
48951
48952
48971
48976
48982
48983
48984
48985
48986
48987
48988
48989
48990
48991
49015
49019
49023
49026
49027
49029
49030
49031
49033
49034
49035
49038
49042
49043
49044
49045
49048
49050
49053
49054
49056
49057
49058
49059
49060
49061
49062
49063
49064
49065
49066
49067
49068
49069
49070
49071
49072
49073
49078
49080
49081
49082
49086
49087
49088
49097
49098
49099
49100
49110
49111
49113
49114
49116
49117
49118
49120
49121
49125
49126
49127
49128
49132
49133
49134
49135
49136
49137
49138
49139
49140
49141
49142
49143
49144
49148
49155
49157
49158
49159
49165
49168
49170
49171
49172
49176
49177
49178
49179
49180
49181
49182
49183
49186
49187
49195
49198
49199
49201
49203
49204
49213
49215
49217
49218
49219
49220
49224
49226
49227
49228
49229
49230
49232
49233
49235
49237
49240
49241
49244
49245
49246
49247
49248
49249
49250
49251
49253
49254
49255
49261
49262
49263
49264
49265
49266
49267
49268
49270
49281
49302
49303
49307
49308
49309
49310
49311
49312
49313
49314
49316
49317
49320
49324
49325
49326
49327
49329
49330
49331
49332
49335
49337
49339
49340
49341
49342
49345
49346
49347
49348
49349
49351
49352
49353
49355
49356
49358
49359
49360
49361
49362
49363
49365
49366
49367
49368
49369
49371
49373
49374
49376
49377
49378
49379
49380
49381
49382
49383
49384
49385
49386
49389
49390
49392
49394
49397
49398
49399
49400
49401
49404
49405
49406
49407
49408
49410
49411
49432
49433
49434
49435
49437
49438
49439
49440
49443
49445
49446
49447
49448
49449
49451
49452
49453
49454
49455
49456
49457
49460
49464
49466
49467
49468
49478
49479
49488
49489
49490
49491
49492
49493
49494
49496
49498
49505
49506
49507
49508
49510
49517
49518
49540
49546
49571
49578
49588
49594
49598
49604
49612
49630
49635
49641
49646
49649
49652
49653
49655
49656
49657
49658
49659
49660
49661
49662
49664
49665
49666
49667
49669
49672
49673
49674
49676
49678
49679
49681
49682
49684
49685
49691
49705
49706
49707
49708
49709
49710
49711
49712
49713
49714
49715
49716
49717
49718
49719
49720
49721
49722
49730
49735
49736
49737
49742
49743
49744
49745
49746
49747
49749
49751
49752
49754
49756
49758
49760
49761
49762
49763
49777
49778
49780
49782
49787
49788
49791
49792
49798
49799
49802
49804
49805
49812
49815
49829
49833
49855
49856
49866
49878
49884
49885
49897
49898
49899
49910
49914
49919
49921
49922
49923
49925
49926
49928
49929
49930
49931
49932
49934
49948
49952
49953
49954
49955
49959
49960
49961
49962
49964
49965
49966
49967
49968
49969
49970
49974
49975
49984
49990
49994
49995
49997
49998
50000
50001
50002
50003
50004
50007
50008
50009
50010
50011
50012
50013
50014
50015
50017
50018
50019
50020
50022
50023
50024
50025
50026
50028
50030
50031
50032
50033
50034
50036
50045
50046
50047
50048
50067
50068
50070
50073
50074
50075
50076
50077
50088
50089
50090
50093
50102
50103
50121
50122
50124
50126
50127
50130
50131
50133
50134
50135
50136
50138
50140
50141
50149
50174
50206
50232
50253
50262
50283
50313
50330
50343
50356
50374
50376
50377
50380
50408
50417
50424
50436
50437
50438
50439
50440
50444
50445
50447
50448
50449
50450
50451
50452
50454
50455
50456
50457
50458
50459
50460
50462
50463
50464
50465
50466
50467
50468
50470
50471
50483
50485
50491
50492
50493
50496
50497
50500
50501
50505
50517
50520
50522
50526
50527
50528
50529
50530
50531
50535
50536
50539
50544
50545
50546
50548
50549
50550
50551
50552
50553
50554
50557
50558
50560
50561
50562
50563
50564
50565
50569
50570
50572
50573
50575
50583
50584
50585
50586
50587
50588
50589
50590
50594
50596
50597
50598
50599
50600
50601
50602
50603
50604
50605
50606
50607
50608
50609
50611
50613
50614
50615
50616
50617
50621
50622
50624
50625
50626
50627
50628
50629
50634
50635
50636
50639
50641
50649
50650
50653
50654
50655
50656
50658
50660
50661
50662
50663
50664
50665
50666
50667
50668
50669
50670
50671
50672
50673
50674
50675
50676
50677
50678
50679
50684
50687
50689
50691
50695
50705
50717
50723
50728
50743
50759
50760
50761
50762
50763
50821
50852
50853
50854
50857
50862
50863
50872
50873
50874
50875
50876
50877
50878
50879
50880
50881
50885
50886
50887
50889
50892
50897
50905
50906
50909
50910
50913
50914
50915
50916
50920
50924
50927
50928
50929
50930
50932
50937
50942
50947
50950
50958
50962
50963
50965
50966
50969
50971
50973
50975
50977
50981
50987
50988
50992
50996
50997
51002
51006
51008
51012
51015
51020
51021
51025
51027
51028
51030
51031
51032
51033
51034
51035
51036
51037
51038
51039
51040
51041
51042
51043
51044
51045
51048
51052
51054
51056
51058
51064
51069
51070
51072
51074
51075
51081
51083
51084
51085
51086
51087
51088
51089
51091
51093
51094
51095
51099
51100
51101
51102
51103
51104
51105
51106
51107
51109
51119
51124
51136
51152
51154
51155
51159
51160
51161
51162
51163
51165
51166
51167
51169
51171
51172
51175
51176
51177
51178
51179
51180
51181
51182
51183
51187
51188
51189
51190
51191
51192
51193
51195
51199
51200
51201
51202
51203
51204
51206
51207
51208
51209
51210
51211
51212
51213
51214
51215
51216
51217
51219
51220
51221
51222
51225
51226
51228
51229
51230
51233
51234
51236
51237
51240
51241
51242
51243
51244
51245
51246
51247
51248
51249
51250
51251
51252
51253
51254
51257
51259
51261
51263
51273
51274
51276
51277
51279
51281
51282
51283
51284
51285
51286
51289
51295
51296
51297
51298
51300
51301
51308
51310
51311
51313
51314
51316
51319
51320
51321
51324
51329
51330
51332
51334
51335
51336
51337
51338
51339
51344
51346
51358
51368
51370
51371
51374
51375
51378
51380
51381
51383
51384
51385
51387
51388
51392
51395
51396
51420
51421
51426
51428
51429
51430
51431
51432
51433
51434
51439
51440
51442
51444
51446
51447
51448
51449
51450
51451
51452
51453
51454
51455
51456
51457
51481
51483
51485
51486
51487
51488
51489
51490
51491
51492
51493
51494
51495
51497
51502
51503
51504
51505
51506
51508
51509
51510
51511
51512
51514
51516
51517
51518
51519
51520
51522
51524
51546
51551
51560
51561
51562
51563
51564
51565
51567
51570
51571
51572
51573
51574
51575
51576
51577
51578
51579
51581
51586
51587
51601
51605
51606
51607
51614
51615
51616
51617
51618
51619
51628
51634
51640
51641
51642
51643
51644
51645
51662
51663
51687
51688
51694
51695
51697
51699
51700
51701
51702
51704
51705
51707
51709
51710
51711
51712
51713
51714
51715
51716
51717
51718
51719
51721
51725
51730
51735
51736
51738
51740
51741
51742
51753
51754
51761
51762
51766
51768
51770
51771
51772
51777
51778
51779
51780
51781
51783
51790
51794
51796
51801
51804
51805
51807
51810
51811
51813
51815
51816
51822
51824
51825
51826
51827
51828
51829
51830
51831
51833
51837
51838
51839
51840
51841
51842
51843
51849
51851
51852
51854
51858
51859
51860
51864
51865
51874
51878
51881
51886
51900
51901
51902
51904
51905
51906
51907
51908
51909
51911
51914
51915
51921
51922
51924
51925
51927
51928
51929
51931
51933
51934
51940
51941
51942
51943
51944
51945
51946
51947
51948
51949
51950
51952
51953
51954
51955
51958
51960
51964
51977
51978
51982
51983
51985
51986
51987
51988
51990
51992
51994
51995
51997
51998
51999
52005
52015
52018
52019
52022
52024
52025
52026
52027
52030
52032
52034
52035
52036
52037
52038
52040
52043
52044
52045
52046
52047
52048
52049
52050
52052
52059
52060
52062
52064
52065
52067
52068
52069
52070
52071
52072
52076
52077
52078
52083
52084
52093
52097
52099
52101
52102
52103
52104
52105
52107
52108
52109
52110
52111
52112
52122
52124
52137
52144
52145
52146
52158
52175
52176
52182
52191
52194
52196
52198
52199
52200
52201
52202
52203
52204
52205
52206
52213
52214
52217
52219
52223
52226
52227
52228
52229
52253
52254
52255
52256
52257
52259
52261
52265
52266
52268
52269
52270
52271
52272
52276
52278
52282
52283
52286
52287
52288
52289
52290
52291
52292
52294
52295
52296
52300
52302
52303
52304
52308
52309
52314
52317
52318
52319
52323
52324
52325
52326
52327
52333
52341
52343
52344
52345
52346
52347
52348
52349
52357
52359
52360
52361
52363
52365
52366
52367
52368
52369
52370
52371
52372
52378
52380
52381
52382
52384
52391
52392
52393
52394
52395
52396
52397
52401
52402
52403
52405
52406
52408
52410
52411
52412
52413
52414
52415
52417
52418
52419
52420
52421
52422
52423
52424
52427
52431
52432
52433
52434
52436
52437
52438
52440
52441
52442
52443
52444
52446
52447
52448
52449
52451
52452
52453
52454
52455
52456
52457
52458
52459
52460
52461
52462
52463
52465
52466
52467
52468
52469
52470
52471
52472
52474
52475
52478
52479
52481
52482
52484
52485
52486
52491
52492
52493
52494
52495
52497
52498
52504
52506
52508
52509
52518
52519
52520
52521
52522
52538
52539
52540
52552
52555
52558
52564
52567
52568
52569
52575
52576
52579
52580
52581
52583
52584
52585
52586
52592
52593
52594
52595
52596
52600
52601
52603
52604
52605
52608
52610
52611
52613
52614
52615
52616
52617
52618
52619
52621
52622
52623
52624
52625
52626
52627
52628
52629
52632
52634
52635
52637
52638
52639
52640
52641
52642
52643
52647
52649
52650
52651
52652
52653
52656
52658
52659
52660
52661
52662
52664
52665
52667
52673
52677
52678
52679
52680
52682
52684
52685
52690
52691
52692
52702
52703
52704
52705
52706
52707
52711
52714
52717
52718
52719
52720
52721
52724
52725
52726
52728
52747
52749
52751
52752
52753
52754
52755
52756
52758
52760
52761
52766
52767
52770
52771
52772
52773
52776
52777
52778
52779
52780
52781
52782
52783
52784
52785
52786
52788
52789
52790
52805
52806
52809
52810
52811
52813
52814
52815
52816
52819
52822
52823
52824
52828
52844
52845
52846
52847
52848
52849
52850
52851
52855
52857
52858
52859
52869
52873
52874
52875
52876
52877
52878
52879
52880
52881
52885
52887
52888
52889
52890
52892
52894
52895
52896
52897
52898
52900
52901
52902
52904
52905
52910
52911
52912
52917
52925
52927
52929
52930
52931
52933
52943
52944
52948
52951
52998
52999
53006
53007
53008
53009
53010
53011
53017
53018
53019
53020
53021
53022
53023
53024
53025
53026
53027
53028
53029
53046
53047
53048
53049
53050
53052
53053
53054
53055
53056
53057
53058
53059
53061
53062
53064
53065
53066
53067
53068
53069
53070
53071
53073
53074
53076
53078
53079
53080
53081
53082
53083
53089
53095
53096
53097
53098
53099
53159
53161
53164
53165
53166
53167
53168
53169
53170
53171
53172
53173
53174
53190
53194
53195
53196
53197
53198
53199
53200
53201
53202
53203
53204
53205
53210
53211
53212
53213
53216
53217
53218
53219
53220
53221
53223
53224
53225
53226
53227
53234
53236
53237
53239
53240
53241
53242
53243
53244
53246
53247
53248
53249
53251
53252
53253
53254
53256
53257
53258
53259
53260
53261
53269
53271
53272
53273
53274
53281
53282
53284
53285
53287
53289
53290
53291
53292
53293
53296
53297
53299
53300
53301
53303
53304
53305
53306
53307
53308
53309
53310
53311
53312
53313
53314
53315
53319
53320
53321
53322
53323
53325
53326
53328
53329
53330
53331
53332
53333
53334
53335
53336
53337
53338
53339
53340
53341
53342
53343
53345
53346
53347
53348
53349
53350
53362
53364
53365
53366
53367
53368
53369
53370
53373
53374
53375
53376
53377
53378
53379
53381
53383
53385
53386
53387
53388
53389
53390
53391
53392
53393
53394
53397
53398
53400
53401
53403
53404
53405
53406
53407
53408
53409
53410
53411
53412
53421
53423
53424
53425
53426
53427
53428
53429
53435
53436
53438
53439
53445
53446
53449
53450
53451
53452
53453
53454
53455
53456
53457
53462
53464
53465
53466
53467
53468
53469
53470
53471
53472
53473
53474
53475
53477
53478
53482
53483
53488
53489
53490
53491
53492
53493
53494
53504
53505
53510
53511
53512
53513
53514
53515
53516
53517
53518
53519
53520
53525
53530
53531
53532
53533
53534
53536
53537
53538
53539
53540
53544
53547
53550
53551
53552
53553
53554
53555
53556
53557
53558
53559
53571
53573
53577
53578
53579
53580
53581
53582
53583
53584
53585
53586
53587
53589
53590
53591
53592
53593
53594
53595
53596
53600
53601
53603
53616
53617
53618
53619
53620
53622
53623
53624
53625
53629
53630
53631
53632
53634
53636
53637
53638
53639
53640
53642
53646
53647
53648
53649
53650
53651
53652
53654
53667
53668
53669
53670
53671
53672
53673
53674
53677
53679
53680
53681
53684
53685
53686
53687
53692
53694
53699
53701
53704
53705
53706
53707
53708
53709
53710
53711
53712
53713
53714
53716
53717
53719
53720
53722
53723
53724
53733
53735
53736
53737
53738
53739
53740
53741
53742
53743
53744
53750
53752
53753
53754
53755
53756
53757
53758
53759
53760
53761
53765
53767
53768
53769
53770
53771
53772
53773
53774
53775
53776
53777
53779
53780
53781
53782
53783
53784
53785
53786
53787
53788
53789
53790
53791
53793
53794
53795
53812
53813
53817
53818
53819
53820
53821
53822
53823
53824
53826
53827
53828
53829
53830
53831
53832
53833
53834
53835
53836
53838
53848
53852
53853
53854
53855
53856
53857
53860
53861
53862
53864
53870
53871
53872
53873
53875
53876
53877
53878
53879
53880
53884
53889
53901
53915
53930
53931
53932
53933
53934
53935
53936
53937
53938
53939
53940
53942
53943
53944
53945
53946
53947
53948
53949
53950
53952
53953
53957
53961
53962
53963
53964
53966
53968
53969
53970
53971
53972
53973
53974
53976
53978
53981
53983
53984
53985
53986
53987
53988
53992
53994
53995
53996
54003
54004
54005
54006
54007
54009
54010
54011
54014
54015
54016
54017
54018
54019
54020
54021
54023
54024
54025
54027
54028
54029
54031
54037
54038
54039
54040
54041
54043
54044
54045
54046
54047
54048
54049
54050
54051
54052
54053
54054
54055
54057
54061
54069
54072
54073
54074
54075
54076
54079
54099
54100
54101
54102
54110
54111
54115
54118
54119
54120
54121
54122
54123
54124
54127
54128
54132
54138
54139
54140
54141
54142
54144
54145
54147
54148
54149
54151
54152
54154
54155
54156
54157
54158
54160
54162
54164
54165
54166
54167
54168
54169
54170
54171
54172
54173
54175
54177
54178
54179
54182
54183
54184
54185
54186
54193
54194
54195
54199
54200
54201
54204
54211
54212
54213
54215
54216
54222
54223
54224
54225
54226
54227
54228
54229
54230
54239
54240
54242
54243
54244
54245
54248
54249
54250
54251
54252
54253
54254
54255
54256
54261
54263
54264
54266
54268
54269
54270
54271
54272
54276
54277
54279
54280
54281
54352
54353
54354
54360
54361
54362
54364
54365
54366
54373
54374
54376
54377
54379
54383
54384
54388
54390
54391
54392
54393
54395
54397
54398
54399
54401
54404
54405
54406
54408
54409
54410
54412
54413
54414
54415
54416
54422
54423
54424
54425
54431
54432
54433
54435
54436
54437
54438
54439
54440
54442
54443
54444
54445
54446
54451
54452
54454
54457
54461
54463
54465
54466
54467
54468
54469
54470
54471
54476
54479
54481
54482
54483
54484
54485
54486
54487
54488
54489
54490
54491
54493
54494
54495
54496
54497
54498
54502
54503
54504
54506
54509
54510
54513
54514
54515
54516
54517
54518
54527
54528
54529
54530
54531
54532
54533
54534
54535
54543
54544
54545
54546
54547
54548
54549
54550
54553
54555
54559
54560
54561
54564
54565
54567
54570
54571
54572
54574
54584
54587
54588
54589
54590
54591
54592
54593
54594
54595
54596
54597
54598
54599
54600
54602
54603
54604
54608
54619
54634
54641
54643
54646
54647
54648
54651
54652
54653
54654
54660
54661
54662
54663
54664
54667
54674
54676
54677
54679
54681
54682
54683
54684
54685
54686
54687
54688
54689
54692
54693
54694
54695
54696
54697
54698
54699
54700
54707
54708
54711
54714
54725
54726
54727
54728
54729
54732
54733
54739
54741
54744
54747
54748
54749
54753
54754
54768
54781
54787
54794
54798
54803
54804
54806
54815
54817
54818
54820
54821
54822
54824
54825
54826
54828
54829
54830
54831
54832
54833
54834
54836
54837
54838
54842
54849
54850
54853
54858
54859
54860
54861
54862
54863
54865
54866
54867
54870
54871
54872
54873
54881
54882
54883
54896
54897
54899
54900
54903
54906
54907
54908
54909
54910
54911
54912
54913
54914
54915
54916
54917
54918
54919
54920
54921
54922
54923
54924
54925
54929
54930
54931
54932
54933
54934
54935
54936
54937
54938
54944
54945
54947
54948
54949
54951
54952
54953
54955
54956
54963
54965
54966
54967
54968
54969
54970
54971
54972
54973
54974
54975
54976
54977
54978
54979
54980
54981
54982
54986
54987
54988
54989
55015
55016
55017
55018
55019
55020
55021
55022
55028
55048
55049
55051
55052
55054
55055
55057
55060
55061
55062
55063
55064
55065
55073
55074
55081
55082
55083
55084
55085
55086
55087
55088
55089
55090
55091
55092
55093
55094
55095
55098
55109
55110
55117
55118
55121
55123
55124
55125
55126
55131
55132
55133
55134
55135
55136
55137
55138
55139
55140
55141
55142
55143
55144
55145
55147
55148
55153
55161
55167
55172
55173
55174
55175
55176
55177
55178
55179
55180
55181
55182
55183
55190
55191
55193
55194
55195
55196
55197
55198
55199
55200
55201
55202
55203
55204
55205
55206
55207
55208
55217
55218
55219
55220
55221
55225
55227
55235
55236
55237
55238
55239
55240
55241
55242
55243
55244
55245
55246
55247
55248
55249
55250
55251
55252
55253
55254
55255
55256
55257
55258
55260
55261
55262
55263
55264
55265
55266
55267
55268
55269
55270
55271
55272
55273
55277
55278
55280
55281
55282
55283
55288
55289
55290
55291
55292
55293
55294
55295
55296
55297
55298
55299
55300
55301
55302
55317
55319
55320
55322
55323
55326
55327
55328
55330
55331
55332
55333
55334
55337
55338
55339
55340
55341
55343
55349
55355
55358
55360
55365
55366
55367
55368
55369
55370
55371
55372
55373
55374
55375
55376
55377
55378
55379
55380
55381
55387
55391
55399
55400
55401
55402
55404
55407
55408
55410
55417
55418
55419
55422
55425
55429
55434
55452
55453
55454
55455
55456
55457
55458
55459
55460
55461
55462
55463
55464
55467
55470
55472
55484
55487
55491
55497
55498
55499
55513
55515
55518
55525
55528
55529
55531
55534
55543
55546
55548
55549
55550
55553
55565
55566
55567
55568
55569
55570
55571
55572
55573
55577
55586
55596
55602
55603
55605
55606
55607
55608
55609
55610
55611
55612
55613
55614
55615
55616
55618
55619
55620
55623
55627
55636
55637
55639
55640
55641
55645
55646
55648
55649
55650
55651
55655
55656
55658
55659
55660
55661
55662
55668
55670
55671
55724
56055
56065
56067
56071
56072
56075
56279
56283
56289
56292
56293
56294
56295
56297
56300
56323
56352
56355
56364
56365
56366
56367
56394
56410
56411
56413
56414
56417
56419
56420
56432
56437
56438
56440
56442
56443
56444
56445
56446
56447
56450
56451
56452
56453
56457
56459
56460
56461
56464
56470
56471
56472
56473
56475
56484
56485
56487
56488
56489
56490
56491
56493
56496
56497
56498
56499
56500
56508
56509
56512
