47289
47290
47291
47292
47293
47294
47295
47296
47297
47298
47299
47300
47301
47302
47303
47304
47305
47306
47307
47308
47309
47310
47311
47312
47313
47314
47315
47316
47317
47321
47325
47330
47332
47333
47334
47342
47344
47345
47346
47347
47349
47350
47351
47352
47353
47354
47355
47356
47357
47358
47359
47360
47361
47362
47363
47368
47369
47376
47377
47378
47379
47380
47381
47382
47390
47391
47392
47393
47394
47395
47396
47406
47415
47416
47417
47432
47436
47437
47439
47440
47441
47442
47444
47445
47450
47452
47453
47454
47457
47458
47459
47461
47462
47463
47464
47469
47473
47474
47477
47478
47479
47480
47481
47482
47483
47484
47485
47486
47487
47488
47489
47490
47491
47492
47493
47494
47495
47496
47497
47498
47499
47500
47501
47502
47503
47504
47506
47507
47509
47512
47513
47514
47515
47516
47517
47518
47519
47520
47521
47522
47523
47524
47525
47526
47527
47530
47532
47539
47540
47541
47542
47543
47547
47549
47550
47551
47552
47553
47554
47555
47556
47557
47559
47566
47568
47569
47570
47581
47582
47583
47584
47585
47586
47587
47588
47589
47590
47591
47592
47593
47594
47595
47596
47601
47602
47603
47604
47605
47606
47607
47608
47609
47610
47611
47612
47613
47614
47616
47618
47619
47620
47621
47622
47623
47624
47625
47626
47627
47628
47629
47630
47631
47632
47633
47634
47635
47636
47637
47638
47639
47640
47641
47643
47644
47645
47649
47650
47651
47652
47653
47656
47657
47658
47659
47660
47661
47662
47663
47664
47665
47666
47667
47668
47669
47670
47671
47672
47673
47674
47675
47676
47677
47697
47698
47699
47700
47701
47703
47710
47713
47714
47715
47716
47717
47719
47720
47721
47722
47723
47724
47725
47726
47727
47728
47730
47732
47733
47734
47735
47736
47740
47741
47742
47743
47744
47745
47746
47747
47751
47752
47755
47756
47757
47758
47767
47768
47777
47778
47779
47780
47781
47783
47784
47785
47786
47787
47788
47789
47790
47791
47792
47793
47794
47795
47796
47797
47798
47799
47800
47801
47802
47803
47804
47806
47808
47809
47810
47811
47812
47813
47814
47815
47816
47817
47818
47819
47820
47821
47822
47823
47824
47825
47826
47827
47828
47829
47830
47831
47833
47834
47835
47836
47837
47838
47847
47848
47849
47851
47852
47853
47854
47855
47856
47857
47858
47859
47860
47861
47862
47863
47864
47865
47868
47869
47870
47871
47872
47873
47874
47875
47876
47877
47882
47883
47884
47886
47888
47889
47890
47892
47893
47894
47895
47896
47910
47936
47937
47940
47941
47942
47943
47944
47946
47947
47948
47949
47950
47957
47958
47959
47960
47961
47967
47968
47971
47972
47973
47975
47976
47977
47978
47979
47980
47981
47982
47983
47994
47995
47996
47997
47999
48000
48001
48002
48003
48004
48006
48008
48009
48011
48014
48015
48017
48019
48020
48021
48022
48023
48024
48026
48027
48053
48054
48055
48056
48059
48064
48065
48066
48067
48068
48069
48073
48076
48077
48078
48079
48080
48081
48082
48083
48084
48085
48086
48087
48088
48089
48090
48091
48095
48096
48097
48098
48099
48100
48163
48164
48165
48166
48167
48168
48169
48172
48173
48179
48180
48181
48185
48186
48187
48188
48189
48190
48228
48229
48230
48231
48232
48233
48235
48236
48237
48238
48239
48240
48241
48242
48243
48244
48245
48246
48251
48252
48253
48254
48255
48256
48257
48258
48259
48260
48261
48262
48263
48264
48265
48266
48267
48269
48278
48280
48281
48282
48284
48285
48286
48287
48288
48289
48290
48291
48292
48293
48294
48295
48296
48305
48306
48307
48309
48312
48313
48314
48315
48317
48318
48319
48320
48321
48322
48323
48324
48325
48326
48327
48329
48335
48336
48337
48338
48341
48342
48343
48344
48345
48346
48347
48348
48349
48350
48352
48353
48354
48355
48356
48357
48358
48359
48360
48361
48363
48364
48365
48366
48367
48368
48369
48390
48392
48393
48394
48396
48397
48398
48399
48408
48409
48410
48412
48416
48417
48418
48421
48423
48425
48426
48427
48429
48430
48431
48432
48433
48448
48449
48450
48455
48456
48457
48458
48459
48460
48461
48462
48463
48466
48467
48469
48471
48472
48474
48481
48482
48483
48504
48506
48509
48510
48511
48512
48513
48514
48516
48517
48518
48519
48520
48521
48522
48523
48525
48526
48527
48528
48529
48530
48531
48532
48533
48534
48535
48564
48614
48625
48627
48631
48632
48633
48635
48636
48639
48640
48641
48645
48646
48655
48656
48657
48658
48660
48696
48697
48698
48699
48700
48701
48704
48705
48706
48711
48715
48716
48717
48719
48720
48721
48722
48723
48724
48725
48726
48727
48728
48729
48731
48732
48733
48734
48735
48737
48738
48739
48740
48741
48742
48743
48744
48745
48746
48747
48748
48749
48750
48778
48787
48798
48799
48800
48801
48802
48803
48804
48805
48806
48807
48810
48812
48813
48814
48817
48818
48819
48820
48821
48823
48824
48826
48827
48828
48829
48831
48832
48835
48836
48837
48838
48839
48848
48849
48852
48853
48854
48857
48860
48862
48863
48864
48865
48866
48867
48868
48869
48870
48871
48872
48873
48874
48875
48876
48877
48878
48879
48880
48882
48883
48885
48887
48888
48889
48891
48892
48893
48894
48895
48897
48898
48899
48900
48901
48902
48903
48918
48932
48933
48934
48935
48937
48938
48939
48940
48941
48942
48943
48944
48946
48947
48949
48950
48951
48952
48969
48970
48971
48972
48973
48974
48975
48977
48980
48982
48983
48984
48985
48986
48987
48988
48989
48990
48991
49010
49015
49016
49017
49019
49023
49024
49026
49027
49029
49030
49031
49032
49033
49034
49035
49038
49039
49040
49041
49042
49043
49045
49046
49047
49048
49049
49052
49053
49054
49055
49056
49057
49058
49059
49060
49061
49062
49063
49064
49065
49066
49067
49068
49069
49070
49071
49072
49073
49091
49098
49099
49100
49101
49102
49103
49104
49106
49107
49108
49109
49110
49111
49113
49114
49115
49116
49117
49118
49119
49120
49121
49122
49123
49124
49125
49126
49127
49128
49131
49132
49133
49134
49135
49136
49137
49138
49139
49140
49141
49142
49143
49148
49149
49150
49151
49157
49158
49159
49165
49168
49172
49173
49174
49175
49214
49215
49217
49218
49219
49220
49221
49222
49223
49224
49225
49226
49227
49228
49229
49230
49232
49233
49234
49235
49236
49237
49238
49240
49241
49242
49243
49244
49245
49247
49248
49249
49250
49251
49252
49253
49254
49255
49260
49261
49262
49263
49264
49265
49266
49267
49268
49270
49278
49279
49280
49281
49282
49283
49284
49285
49286
49287
49288
49289
49291
49292
49293
49297
49298
49301
49302
49303
49305
49306
49307
49308
49309
49310
49311
49312
49313
49314
49315
49316
49317
49318
49319
49320
49321
49322
49324
49325
49327
49328
49329
49330
49331
49333
49334
49335
49336
49337
49338
49339
49340
49341
49342
49345
49346
49347
49348
49349
49350
49351
49352
49353
49354
49355
49356
49357
49358
49359
49360
49361
49362
49365
49366
49367
49368
49369
49370
49371
49373
49374
49375
49376
49377
49378
49379
49380
49381
49382
49383
49384
49385
49387
49390
49391
49392
49393
49394
49395
49396
49397
49398
49399
49400
49401
49404
49405
49406
49407
49408
49409
49416
49417
49418
49419
49420
49421
49422
49427
49428
49429
49432
49433
49434
49435
49437
49438
49439
49440
49441
49442
49443
49444
49445
49446
49447
49448
49449
49451
49452
49453
49454
49455
49456
49457
49458
49459
49460
49463
49464
49466
49468
49474
49475
49476
49646
49648
49649
49650
49651
49652
49653
49654
49655
49656
49657
49658
49659
49660
49661
49662
49664
49665
49666
49674
49675
49733
49734
49735
49736
49737
49740
49741
49742
49743
49744
49745
49746
49747
49748
49749
49750
49751
49752
49753
49754
49755
49756
49757
49758
49760
49761
49762
49763
49764
49765
49766
49773
49774
49776
49863
49864
49899
49902
49908
49909
49910
49911
49914
49915
49916
49917
49918
49919
49920
49921
49922
49923
49925
49926
49928
49930
49931
49932
49934
49951
49952
49953
49954
49956
49957
49958
49959
49960
49961
49962
49964
49965
49966
49967
49968
49969
49970
49971
49972
49973
49974
49976
50026
50027
50028
50029
50030
50031
50032
50033
50034
50035
50036
50044
50045
50046
50047
50048
50065
50066
50067
50068
50069
50070
50073
50074
50075
50076
50080
50081
50082
50083
50086
50087
50090
50093
50102
50103
50104
50109
50110
50111
50112
50115
50118
50119
50122
50123
50124
50126
50127
50128
50133
50134
50140
50141
50142
50143
50144
50145
50146
50147
50149
50150
50151
50152
50153
50154
50155
50156
50157
50158
50159
50171
50172
50173
50174
50175
50176
50177
50178
50179
50180
50181
50182
50183
50184
50185
50186
50187
50188
50189
50190
50191
50192
50193
50194
50195
50196
50197
50198
50199
50200
50201
50202
50203
50204
50205
50206
50207
50208
50209
50210
50211
50212
50213
50214
50215
50216
50217
50218
50219
50220
50221
50222
50223
50224
50225
50226
50227
50228
50229
50230
50231
50232
50233
50234
50235
50236
50237
50238
50239
50240
50241
50242
50243
50244
50245
50246
50247
50248
50249
50250
50251
50252
50253
50254
50255
50256
50259
50260
50261
50262
50263
50264
50265
50266
50267
50268
50269
50270
50271
50272
50273
50274
50275
50276
50277
50278
50279
50280
50281
50282
50283
50284
50285
50286
50287
50288
50289
50290
50291
50292
50293
50294
50295
50296
50297
50298
50299
50300
50301
50302
50303
50311
50312
50313
50314
50315
50316
50317
50318
50319
50320
50321
50322
50323
50324
50325
50326
50327
50328
50329
50330
50331
50332
50333
50334
50335
50336
50337
50338
50339
50340
50341
50342
50343
50344
50345
50346
50347
50348
50349
50350
50351
50352
50353
50354
50355
50356
50357
50358
50359
50360
50361
50362
50363
50368
50374
50376
50377
50379
50380
50381
50382
50383
50384
50385
50386
50387
50388
50389
50390
50391
50392
50393
50394
50395
50396
50397
50398
50399
50400
50401
50402
50403
50404
50405
50406
50407
50408
50409
50410
50411
50412
50413
50414
50415
50416
50417
50418
50419
50420
50421
50422
50423
50424
50425
50426
50427
50428
50429
50430
50431
50432
50433
50434
50435
50460
50461
50462
50463
50464
50465
50466
50467
50468
50469
50470
50471
50474
50475
50482
50483
50484
50485
50486
50487
50489
50490
50491
50492
50493
50494
50495
50496
50497
50499
50500
50501
50504
50505
50506
50507
50508
50509
50512
50513
50518
50519
50520
50521
50522
50525
50526
50527
50528
50529
50530
50531
50534
50535
50536
50538
50539
50540
50543
50544
50545
50546
50548
50549
50550
50551
50552
50553
50554
50556
50557
50558
50559
50560
50561
50562
50563
50564
50565
50567
50568
50569
50570
50571
50590
50591
50593
50594
50595
50596
50597
50598
50599
50600
50601
50602
50603
50604
50605
50606
50607
50610
50611
50612
50613
50614
50615
50616
50617
50648
50649
50650
50651
50652
50654
50655
50656
50658
50659
50660
50661
50662
50663
50664
50665
50666
50667
50668
50669
50670
50671
50672
50673
50674
50675
50676
50677
50679
50717
50718
50719
50720
50721
50722
50821
50849
50851
50852
50853
50854
50856
50857
50858
50862
50863
50866
50867
50870
50871
50872
50873
50874
50875
50876
50882
50883
50884
50885
50886
50887
50888
50889
50890
50894
50897
50898
50899
50900
50948
50949
50957
50958
50959
50960
50961
50962
50963
50964
50965
50966
50968
50969
50970
50971
50972
50973
50974
50975
50976
50977
50978
50979
50980
50981
50982
50983
50984
50985
50986
50987
50988
50989
50990
50991
50992
50993
50994
50995
50996
50997
50998
50999
51001
51002
51003
51004
51005
51007
51008
51009
51010
51012
51013
51014
51015
51016
51017
51018
51021
51022
51023
51024
51025
51026
51051
51056
51090
51091
51093
51094
51095
51096
51097
51098
51102
51103
51104
51105
51109
51111
51118
51119
51136
51137
51138
51139
51140
51141
51142
51143
51145
51147
51148
51149
51150
51151
51152
51153
51154
51155
51156
51158
51159
51160
51161
51162
51163
51164
51165
51166
51167
51168
51169
51170
51171
51172
51173
51174
51175
51176
51177
51178
51179
51181
51182
51183
51185
51186
51188
51189
51190
51191
51199
51200
51201
51202
51203
51204
51206
51207
51208
51209
51210
51211
51212
51213
51214
51215
51216
51217
51218
51219
51220
51221
51222
51224
51225
51226
51228
51229
51230
51231
51232
51233
51234
51236
51237
51239
51264
51273
51274
51275
51276
51277
51278
51279
51280
51281
51282
51283
51284
51285
51286
51287
51288
51289
51291
51292
51294
51295
51296
51297
51298
51299
51300
51301
51302
51303
51304
51305
51330
51331
51332
51333
51334
51335
51336
51337
51338
51339
51357
51358
51359
51360
51361
51362
51363
51364
51368
51369
51370
51373
51374
51375
51376
51377
51378
51394
51395
51396
51418
51420
51421
51422
51423
51424
51425
51427
51428
51429
51430
51431
51432
51433
51434
51435
51436
51437
51439
51442
51443
51444
51446
51447
51448
51449
51450
51451
51452
51453
51454
51457
51458
51459
51460
51461
51462
51463
51464
51465
51466
51467
51468
51482
51483
51487
51488
51489
51490
51491
51492
51493
51494
51495
51496
51497
51498
51499
51500
51501
51502
51503
51504
51505
51506
51507
51508
51509
51510
51511
51512
51513
51514
51515
51516
51517
51518
51519
51520
51521
51522
51523
51524
51525
51526
51527
51528
51529
51547
51549
51550
51551
51552
51553
51554
51555
51556
51557
51558
51559
51561
51562
51563
51564
51565
51566
51567
51568
51569
51570
51571
51572
51573
51574
51575
51576
51591
51592
51600
51601
51602
51603
51604
51605
51606
51607
51612
51613
51614
51615
51616
51617
51618
51619
51620
51621
51622
51623
51665
51666
51672
51673
51678
51679
51680
51681
51682
51683
51684
51685
51686
51687
51688
51689
51690
51691
51693
51694
51695
51696
51697
51698
51699
51700
51701
51702
51704
51705
51707
51708
51709
51710
51711
51713
51715
51716
51717
51718
51719
51720
51721
51725
51729
51730
51731
51732
51733
51734
51735
51736
51740
51741
51742
51751
51752
51753
51754
51755
51760
51761
51762
51763
51764
51765
51766
51768
51769
51770
51771
51772
51775
51776
51777
51778
51821
51822
51823
51824
51825
51826
51827
51828
51829
51830
51831
51832
51833
51836
51837
51838
51839
51840
51841
51843
51848
51851
51852
51853
51854
51856
51858
51860
51862
51863
51864
51865
51869
51874
51877
51878
51880
51881
51886
51887
51888
51889
51890
51891
51892
51893
51899
51900
51901
51902
51903
51904
51905
51906
51907
51908
51909
51910
51911
51914
51915
51921
51922
51923
51924
51925
51926
51927
51928
51929
51930
51931
51932
51933
51934
51935
51936
51937
51939
51940
51941
51942
51943
51945
51946
51947
51949
51950
51951
51952
51953
51954
51955
51956
51957
51958
51960
51963
51964
51965
51966
51967
51968
51977
51978
51979
51980
51981
51982
51983
51985
51986
51987
51988
51989
51990
51991
51992
51993
51994
51995
51996
51997
51998
51999
52005
52015
52018
52019
52021
52022
52023
52024
52025
52026
52027
52028
52029
52030
52031
52032
52033
52034
52035
52036
52037
52038
52039
52040
52041
52042
52043
52044
52045
52046
52047
52048
52049
52050
52051
52052
52055
52058
52059
52060
52061
52062
52063
52064
52065
52066
52067
52068
52069
52074
52076
52077
52078
52093
52094
52095
52096
52097
52098
52099
52100
52101
52102
52103
52104
52105
52106
52107
52108
52110
52111
52112
52113
52114
52115
52116
52117
52118
52119
52120
52121
52122
52123
52124
52126
52127
52129
52130
52138
52140
52141
52143
52144
52145
52146
52147
52148
52149
52150
52151
52152
52153
52154
52155
52156
52157
52158
52159
52160
52161
52162
52164
52165
52169
52175
52176
52177
52178
52179
52180
52181
52182
52183
52184
52185
52186
52187
52188
52189
52190
52191
52192
52193
52194
52195
52196
52197
52198
52199
52200
52201
52202
52204
52205
52206
52207
52208
52209
52210
52216
52217
52219
52223
52226
52228
52229
52233
52253
52254
52259
52260
52261
52262
52263
52264
52265
52266
52267
52268
52269
52270
52271
52274
52275
52276
52277
52278
52281
52282
52283
52284
52285
52286
52287
52288
52289
52290
52291
52292
52293
52294
52295
52296
52299
52300
52301
52302
52303
52304
52305
52306
52307
52308
52309
52312
52313
52314
52316
52317
52318
52319
52321
52322
52323
52324
52325
52326
52327
52330
52331
52332
52333
52338
52339
52340
52341
52342
52343
52344
52345
52346
52347
52348
52349
52350
52351
52352
52354
52355
52356
52357
52359
52360
52361
52362
52363
52364
52365
52366
52367
52368
52369
52370
52371
52372
52375
52377
52378
52380
52381
52382
52383
52384
52389
52390
52391
52392
52393
52394
52395
52400
52401
52402
52403
52405
52406
52407
52408
52409
52410
52411
52412
52413
52414
52415
52416
52417
52418
52419
52420
52421
52422
52423
52424
52426
52427
52428
52429
52430
52431
52432
52433
52434
52436
52437
52438
52440
52441
52443
52444
52446
52447
52448
52449
52450
52451
52452
52453
52454
52455
52456
52458
52459
52460
52461
52462
52463
52464
52465
52466
52467
52468
52469
52470
52471
52472
52474
52475
52476
52477
52478
52479
52480
52481
52482
52484
52485
52486
52487
52490
52491
52492
52493
52494
52495
52498
52502
52503
52504
52505
52506
52507
52508
52517
52518
52519
52520
52521
52522
52536
52537
52538
52539
52540
52557
52558
52559
52560
52561
52565
52567
52568
52569
52570
52571
52572
52573
52574
52575
52576
52578
52579
52580
52581
52582
52583
52584
52585
52586
52591
52592
52593
52594
52595
52596
52607
52608
52609
52610
52611
52612
52613
52614
52615
52616
52617
52618
52619
52620
52621
52622
52623
52624
52625
52626
52627
52628
52629
52630
52631
52632
52633
52634
52635
52636
52637
52638
52639
52640
52641
52642
52643
52644
52645
52646
52647
52648
52649
52650
52651
52652
52653
52654
52655
52656
52657
52658
52659
52660
52661
52662
52663
52664
52665
52666
52667
52673
52674
52676
52677
52678
52679
52680
52681
52682
52683
52684
52685
52687
52688
52689
52690
52691
52692
52693
52694
52697
52700
52701
52702
52703
52704
52705
52706
52707
52708
52709
52710
52713
52714
52715
52716
52717
52718
52719
52721
52722
52723
52724
52725
52726
52727
52728
52729
52730
52731
52732
52733
52735
52736
52737
52738
52739
52742
52743
52744
52745
52746
52747
52748
52749
52750
52751
52752
52753
52754
52755
52756
52757
52758
52759
52760
52761
52762
52763
52764
52775
52776
52777
52778
52779
52780
52781
52782
52783
52784
52785
52786
52787
52788
52789
52790
52791
52804
52805
52806
52808
52809
52810
52811
52813
52814
52815
52816
52817
52818
52819
52821
52822
52823
52824
52825
52826
52827
52828
52836
52839
52840
52841
52843
52844
52845
52846
52847
52848
52849
52850
52851
52854
52855
52856
52857
52858
52859
52863
52864
52865
52866
52867
52868
52869
52870
52871
52872
52873
52874
52875
52876
52877
52878
52879
52880
52881
52882
52883
52884
52885
52886
52887
52888
52889
52890
52891
52892
52894
52895
52896
52897
52898
52899
52900
52901
52902
52903
52904
52905
52906
52907
52908
52909
52910
52911
52912
52916
52917
52937
52943
52944
52945
52946
52948
52998
53004
53006
53012
53016
53017
53018
53019
53020
53021
53022
53023
53024
53025
53026
53027
53028
53029
53030
53031
53032
53044
53045
53046
53047
53048
53049
53050
53053
53054
53055
53056
53057
53058
53059
53060
53061
53062
53063
53064
53065
53066
53067
53068
53069
53070
53071
53072
53073
53074
53075
53076
53077
53078
53079
53080
53081
53082
53083
53084
53085
53086
53103
53104
53105
53106
53107
53108
53109
53110
53111
53112
53113
53114
53159
53160
53163
53164
53165
53166
53167
53168
53169
53170
53171
53172
53174
53175
53176
53177
53178
53179
53191
53192
53193
53194
53195
53196
53197
53198
53199
53200
53201
53202
53203
53204
53205
53206
53207
53210
53211
53212
53213
53215
53216
53217
53218
53219
53220
53221
53222
53223
53224
53225
53226
53227
53228
53229
53230
53232
53233
53234
53235
53236
53237
53238
53239
53240
53241
53242
53243
53244
53246
53247
53248
53249
53251
53252
53253
53254
53255
53256
53257
53258
53259
53260
53261
53262
53263
53264
53267
53278
53279
53280
53281
53282
53283
53284
53285
53286
53287
53288
53289
53290
53291
53292
53293
53295
53296
53297
53298
53299
53300
53301
53302
53303
53304
53305
53306
53307
53308
53309
53310
53311
53312
53313
53314
53315
53316
53317
53318
53327
53328
53329
53330
53331
53332
53333
53334
53335
53336
53337
53338
53339
53340
53341
53342
53343
53344
53345
53346
53347
53348
53349
53350
53359
53360
53361
53362
53363
53364
53365
53366
53367
53368
53369
53370
53371
53373
53374
53375
53376
53377
53378
53379
53380
53381
53382
53383
53385
53386
53387
53388
53389
53390
53391
53392
53393
53394
53397
53398
53399
53400
53401
53402
53403
53404
53405
53406
53407
53408
53409
53410
53411
53412
53413
53414
53415
53420
53421
53422
53423
53424
53425
53426
53427
53428
53429
53430
53431
53432
53433
53434
53435
53436
53437
53438
53439
53440
53441
53444
53445
53446
53447
53448
53449
53450
53451
53452
53453
53454
53455
53456
53457
53458
53459
53460
53461
53462
53463
53464
53465
53466
53467
53468
53469
53470
53471
53472
53473
53474
53475
53476
53477
53478
53479
53480
53481
53482
53483
53487
53488
53489
53490
53491
53492
53493
53494
53503
53504
53505
53509
53510
53511
53512
53513
53514
53515
53516
53517
53518
53519
53520
53521
53522
53523
53524
53525
53528
53529
53530
53531
53532
53533
53534
53535
53536
53537
53538
53539
53540
53543
53544
53545
53546
53547
53548
53549
53550
53551
53552
53553
53554
53555
53556
53557
53558
53559
53560
53561
53562
53563
53564
53566
53569
53570
53571
53573
53576
53577
53578
53579
53580
53581
53582
53583
53584
53585
53586
53587
53588
53589
53590
53591
53592
53593
53594
53595
53596
53600
53601
53602
53603
53604
53605
53606
53609
53610
53614
53615
53616
53617
53618
53619
53620
53622
53623
53624
53625
53626
53627
53628
53629
53630
53631
53632
53634
53635
53636
53637
53638
53639
53640
53641
53642
53643
53646
53647
53648
53649
53650
53651
53652
53653
53654
53658
53661
53662
53665
53666
53667
53668
53669
53670
53671
53672
53673
53678
53679
53680
53681
53683
53684
53685
53686
53689
53690
53691
53692
53693
53694
53695
53696
53700
53702
53704
53705
53706
53707
53708
53709
53710
53711
53712
53713
53714
53716
53717
53719
53720
53721
53722
53723
53724
53732
53733
53735
53736
53737
53738
53739
53740
53741
53742
53743
53744
53745
53746
53747
53749
53750
53751
53752
53753
53754
53755
53756
53757
53758
53759
53760
53761
53762
53763
53764
53765
53766
53767
53768
53769
53770
53771
53772
53773
53774
53775
53776
53777
53778
53779
53780
53781
53782
53783
53784
53785
53786
53787
53788
53789
53790
53791
53792
53793
53794
53795
53796
53797
53798
53799
53810
53811
53812
53813
53814
53815
53817
53818
53819
53820
53821
53822
53823
53824
53825
53826
53827
53828
53829
53830
53831
53832
53833
53834
53835
53836
53837
53838
53847
53848
53852
53853
53854
53855
53856
53857
53858
53859
53860
53861
53862
53863
53864
53865
53866
53867
53870
53871
53872
53873
53874
53875
53876
53877
53878
53879
53880
53881
53882
53884
53886
53889
53901
53915
53927
53928
53944
53947
54079
54084
54085
54089
54093
54094
54098
54099
54100
54101
54102
54106
54110
54111
54112
54115
54116
54117
54118
54119
54120
54121
54122
54123
54124
54125
54126
54127
54128
54129
54130
54131
54132
54133
54134
54137
54138
54139
54140
54141
54142
54143
54144
54145
54146
54147
54148
54149
54150
54151
54152
54153
54154
54155
54156
54157
54158
54159
54160
54161
54162
54163
54164
54170
54171
54172
54173
54174
54175
54176
54177
54178
54179
54180
54181
54182
54183
54184
54185
54186
54188
54189
54190
54191
54192
54193
54194
54195
54196
54197
54198
54199
54200
54201
54202
54203
54204
54207
54208
54209
54210
54212
54213
54214
54215
54216
54217
54218
54220
54221
54222
54223
54224
54225
54226
54227
54228
54229
54230
54238
54239
54240
54241
54242
54243
54244
54245
54246
54260
54261
54262
54263
54264
54265
54266
54267
54268
54269
54271
54272
54273
54274
54275
54276
54277
54278
54279
54280
54281
54282
54283
54284
54285
54286
54287
54359
54360
54361
54362
54363
54364
54365
54366
54367
54368
54369
54370
54371
54372
54373
54374
54375
54376
54377
54379
54380
54381
54382
54383
54384
54385
54386
54387
54388
54389
54390
54391
54392
54402
54404
54405
54406
54407
54408
54409
54410
54411
54412
54413
54414
54415
54416
54417
54418
54419
54420
54421
54422
54423
54424
54425
54428
54429
54430
54431
54432
54433
54434
54435
54436
54437
54438
54439
54440
54441
54442
54443
54444
54445
54446
54447
54448
54449
54450
54451
54452
54453
54454
54455
54456
54457
54458
54459
54460
54461
54462
54463
54464
54465
54466
54467
54468
54469
54470
54471
54472
54473
54474
54475
54476
54477
54478
54479
54480
54481
54482
54483
54484
54485
54486
54487
54488
54489
54490
54491
54492
54493
54494
54495
54496
54497
54498
54499
54500
54501
54502
54503
54504
54505
54506
54507
54508
54509
54510
54511
54512
54513
54514
54515
54516
54517
54518
54519
54520
54521
54522
54523
54524
54525
54526
54527
54528
54529
54530
54531
54532
54533
54534
54535
54536
54537
54538
54539
54540
54541
54542
54543
54544
54545
54546
54547
54548
54549
54550
54551
54552
54553
54554
54555
54556
54557
54558
54559
54560
54561
54562
54563
54564
54565
54566
54567
54568
54569
54570
54571
54572
54573
54574
54575
54576
54577
54578
54579
54580
54581
54582
54583
54584
54585
54586
54587
54588
54589
54590
54591
54592
54593
54594
54595
54596
54597
54598
54599
54600
54601
54602
54603
54604
54605
54606
54607
54608
54612
54613
54614
54615
54616
54617
54619
54625
54627
54643
54644
54645
54646
54647
54648
54649
54650
54651
54652
54653
54654
54655
54656
54657
54658
54659
54660
54661
54662
54663
54664
54665
54666
54667
54668
54669
54670
54671
54672
54673
54675
54676
54677
54678
54679
54681
54682
54683
54684
54685
54686
54687
54688
54689
54690
54691
54692
54693
54694
54695
54696
54697
54698
54699
54700
54707
54708
54722
54723
54724
54725
54726
54727
54728
54729
54730
54731
54739
54740
54741
54742
54743
54744
54745
54746
54747
54748
54753
54754
54755
54756
54757
54758
54759
54760
54761
54762
54763
54764
54765
54766
54767
54768
54769
54770
54771
54772
54773
54774
54775
54776
54777
54778
54779
54780
54781
54782
54783
54784
54785
54786
54787
54788
54789
54790
54791
54792
54793
54794
54795
54796
54797
54798
54799
54800
54801
54803
54804
54805
54806
54816
54817
54818
54819
54820
54821
54822
54823
54824
54825
54826
54827
54828
54829
54830
54831
54832
54833
54834
54835
54836
54837
54838
54839
54840
54841
54842
54843
54844
54846
54847
54848
54849
54850
54851
54852
54853
54856
54857
54858
54859
54860
54861
54862
54863
54864
54865
54866
54867
54868
54869
54870
54871
54872
54873
54874
54875
54876
54880
54881
54882
54883
54884
54890
54891
54892
54893
54894
54895
54896
54897
54899
54900
54901
54902
54903
54904
54905
54906
54907
54908
54909
54910
54911
54912
54913
54914
54915
54916
54917
54918
54919
54920
54921
54922
54923
54924
54925
54928
54929
54930
54931
54932
54933
54934
54935
54936
54937
54938
54940
54941
54942
54943
54944
54945
54946
54947
54948
54949
54950
54951
54952
54953
54954
54955
54956
54957
54958
54959
54961
54962
54963
54965
54966
54967
54968
54969
54970
54971
54972
54973
54974
54978
54989
55015
55051
55055
55057
55060
55061
55062
55063
55064
55065
55104
55294
55492
55498
55499
55508
55513
56347
56348
56349
56350
56351
56352
56353
56354
56355
56356
56357
56358
56359
56360
56361
56362
56363
56364
56365
56366
56367
56388
56389
56390
56391
56392
56393
56394
56395
56396
56400
56401
56402
56403
56404
56405
56406
56407
56408
56409
56410
56411
56412
56413
56414
56432
56433
56434
56435
56436
56437
56438
56439
56440
56441
56442
56443
56444
56445
56446
56447
56450
56451
56452
56479
