52343
52344
52345
52346
52347
52348
52349
52357
52358
52359
52360
52361
52365
52366
52367
52368
52369
52370
52371
52372
52378
52379
52380
52381
52382
52391
52392
52393
52394
52395
52396
52397
52401
52402
52403
52404
52405
52406
52410
52411
52412
52414
52415
52416
52417
52418
52419
52420
52421
52422
52423
52424
52431
52432
52433
52434
52435
52436
52437
52438
52439
52440
52441
52442
52443
52444
52446
52447
52448
52449
52452
52453
52454
52455
52456
52457
52458
52459
52460
52461
52462
52463
52466
52467
52468
52469
52470
52471
52472
52473
52474
52475
52481
52482
52483
52484
52485
52486
52487
52491
52492
52493
52494
52495
52508
52518
52519
52520
52521
52522
52538
52539
52540
52558
52570
52571
52572
52573
52574
52575
52576
52577
52578
52579
52580
52581
52584
52585
52586
52592
52593
52594
52595
52596
52609
52610
52611
52612
52613
52614
52615
52616
52617
52618
52619
52622
52623
52624
52625
52626
52627
52628
52629
52637
52638
52639
52640
52641
52642
52643
52649
52650
52651
52652
52653
52656
52657
52658
52659
52660
52661
52662
52664
52665
52677
52678
52679
52680
52682
52683
52684
52685
52686
52690
52691
52692
52702
52703
52704
52705
52706
52707
52716
52718
52720
52721
52724
52726
52727
52747
52749
52751
52752
52753
52754
52755
52756
52760
52761
52777
52778
52779
52780
52781
52782
52783
52784
52785
52786
52811
52814
52815
52816
52819
52844
52845
52846
52847
52848
52849
52850
52851
52856
52857
52858
52859
52872
52879
52887
52888
52893
52897
52902
52909
52911
52912
52917
53018
53019
53020
53021
53022
53023
53024
53025
53026
53027
53028
53029
53046
53047
53048
53049
53050
53051
53052
53053
53054
53055
53056
53057
53058
53059
53062
53063
53064
53065
53066
53067
53068
53069
53070
53071
53072
53073
53074
53075
53076
53079
53080
53081
53082
53083
53165
53166
53167
53168
53169
53170
53171
53172
53173
53174
53194
53195
53196
53197
53198
53199
53200
53201
53202
53203
53204
53205
53208
53209
53210
53211
53212
53213
53216
53217
53218
53219
53220
53221
53222
53223
53224
53225
53226
53227
53236
53237
53239
53240
53241
53243
53244
53245
53247
53248
53249
53252
53253
53254
53256
53257
53258
53259
53260
53261
53282
53287
53288
53289
53290
53291
53292
53293
53294
53295
53296
53312
53370
53376
