47289
47291
47293
47296
47297
47298
47300
47301
47303
47305
47306
47308
47309
47310
47311
47312
47313
47314
47315
47316
47323
47325
47329
47330
47332
47333
47334
47352
47357
47359
47360
47361
47362
47363
47375
47376
47377
47378
47379
47380
47381
47382
47389
47391
47392
47393
47394
47395
47396
47397
47398
47399
47403
47406
47439
47440
47441
47442
47443
47444
47445
47450
47451
47452
47453
47454
47455
47456
47457
47458
47459
47460
47461
47462
47463
47464
47474
47475
47476
47477
47478
47479
47480
47481
47482
47483
47484
47485
47486
47487
47488
47489
47490
47491
47492
47493
47494
47495
47496
47497
47501
47502
47503
47505
47506
47507
47508
47509
47513
47514
47515
47516
47517
47519
47520
47521
47522
47523
47524
47525
47531
47532
47538
47539
47540
47541
47542
47543
47547
47548
47549
47550
47551
47552
47557
47566
47567
47568
47582
47588
47601
47611
47617
47628
47634
47635
47636
47637
47638
47647
47649
47650
47651
47652
47653
47654
47656
47657
47658
47659
47660
47661
47662
47663
47664
47665
47666
47667
47698
47714
47715
47716
47717
47718
47719
47720
47721
47722
47723
47724
47725
47726
47727
47728
47729
47730
47731
47732
47733
47769
47771
47777
47778
47780
47783
47787
47790
47791
47803
47807
47809
47810
47824
47831
47834
47836
47840
47841
47844
47846
47848
47852
47855
47856
47864
47865
47867
47869
47873
47884
47886
47889
47890
47891
47892
47893
47939
47940
47944
47946
47961
47962
47963
47964
47966
47967
47968
47972
47974
47975
47976
47977
47978
47979
47980
47981
47982
47992
47993
47994
47998
47999
48001
48002
48003
48004
48006
48007
48008
48009
48011
48022
48073
48076
48077
48078
48079
48080
48082
48084
48085
48086
48088
48089
48090
48091
48097
48099
48100
48166
48167
48173
48177
48178
48180
48181
48185
48186
48187
48188
48229
48230
48231
48232
48233
48234
48236
48237
48238
48239
48240
48241
48244
48245
48246
48252
48253
48255
48256
48257
48258
48259
48260
48261
48262
48263
48265
48286
48287
48288
48290
48291
48293
48294
48295
48296
48307
48309
48310
48312
48313
48315
48317
48318
48319
48320
48322
48323
48325
48326
48327
48335
48336
48337
48338
48341
48342
48343
48344
48346
48347
48348
48349
48350
48352
48355
48356
48357
48358
48359
48361
48364
48366
48367
48368
48369
48397
48398
48409
48410
48412
48416
48417
48418
48421
48422
48423
48454
48455
48456
48457
48459
48461
48462
48469
48471
48472
48473
48474
48510
48511
48512
48513
48514
48516
48518
48519
48520
48521
48522
48526
48529
48530
48531
48532
48533
48536
48634
48635
48636
48638
48640
48645
48656
48657
48658
48660
48701
48706
48717
48720
48721
48722
48724
48725
48726
48727
48730
48731
48732
48733
48734
48735
48736
48742
48743
48745
48746
48801
48803
48805
48806
48807
48808
48810
48811
48812
48813
48814
48824
48825
48826
48828
48829
48830
48832
48836
48837
48838
48839
48859
48861
48862
48863
48864
48865
48867
48868
48869
48870
48872
48873
48874
48875
48876
48877
48878
48883
48884
48885
48887
48888
48890
48891
48892
48893
48894
48895
48896
48897
48899
48900
48901
48902
48903
48918
48934
48935
48936
48938
48940
48942
48943
48945
48946
48949
48951
48952
48971
48975
48976
48981
48982
48983
48984
48985
48986
48987
48988
48990
48991
49017
49018
49023
49024
49026
49027
49028
49029
49030
49031
49034
49035
49038
49042
49043
49044
49045
49046
49047
49048
49049
49050
49052
49053
49054
49060
49061
49062
49063
49064
49065
49066
49067
49069
49070
49071
49072
49073
49098
49099
49100
49109
49111
49113
49116
49117
49118
49121
49124
49125
49127
49128
49133
49136
49138
49140
49141
49143
49148
49155
49157
49159
49164
49165
49217
49218
49219
49224
49226
49227
49228
49229
49230
49231
49233
49238
49239
49240
49241
49244
49245
49247
49248
49249
49250
49251
49254
49262
49263
49264
49265
49266
49267
49268
49269
49270
49307
49308
49309
49310
49311
49312
49313
49314
49315
49316
49317
49323
49324
49329
49330
49331
49332
49333
49336
49337
49338
49339
49340
49341
49343
49345
49346
49347
49348
49349
49350
49351
49352
49356
49357
49358
49359
49360
49361
49362
49363
49365
49366
49367
49368
49369
49372
49374
49376
49377
49378
49379
49380
49381
49382
49383
49384
49385
49386
49387
49389
49390
49432
49433
49434
49435
49436
49437
49438
49439
49440
49445
49446
49447
49448
49449
49450
49451
49452
49453
49454
49455
49456
49457
49458
49464
49465
49466
49467
49468
49650
49651
49652
49653
49655
49656
49658
49659
49660
49661
49662
49663
49664
49736
49737
49741
49742
49743
49748
49749
49750
49751
49752
49756
49757
49758
49760
49761
49762
49919
49920
49922
49923
49925
49926
49928
49929
49930
49931
49934
49959
49962
49964
49966
49967
49968
49969
49970
49971
50033
50034
50036
50045
50046
50047
50068
50069
50070
50073
50076
50077
50253
50260
50262
50283
50330
50340
50343
50356
50376
50442
50463
50464
50465
50466
50467
50468
50470
50471
50483
50489
50491
50492
50496
50497
50500
50501
50507
50508
50509
50517
50519
50520
50521
50522
50526
50527
50528
50529
50531
50535
50536
50546
50548
50549
50550
50551
50554
50561
50563
50564
50569
50595
50599
50600
50601
50602
50603
50605
50606
50607
50613
50615
50650
50655
50658
50660
50661
50662
50663
50664
50666
50668
50670
50671
50673
50674
50676
50677
50678
50853
50857
50858
50874
50875
50885
50886
50887
50889
50891
50897
50910
50950
50959
50961
50962
50965
50969
50981
50987
50992
50996
51012
51015
51092
51093
51095
51106
51139
51152
51153
51154
51156
51158
51160
51161
51162
51163
51166
51167
51171
51172
51173
51174
51175
51176
51177
51179
51180
51183
51188
51200
51201
51202
51205
51208
51209
51210
51211
51212
51213
51214
51215
51220
51221
51222
51225
51227
51228
51229
51230
51231
51234
51235
51236
51237
51274
51277
51279
51281
51282
51283
51285
51292
51297
51300
51301
51335
51337
51340
51369
51370
51374
51394
51487
51488
51489
51490
51491
51492
51493
51494
51495
51499
51502
51504
51506
51507
51508
51509
51510
51511
51516
51517
51518
51519
51520
51562
51565
51569
51570
51571
51572
51573
51574
51575
51576
51603
51605
51607
51614
51619
51709
51710
51711
51713
51714
51715
51716
51718
51721
51725
51735
51736
51740
51742
51752
51764
51768
51777
51824
51827
51829
51830
51831
51837
51839
51840
51841
51843
51854
51855
51858
51860
51874
51877
51881
51886
51900
51901
51902
51905
51907
51908
51909
51914
51915
51922
51924
51927
51928
51933
51934
51936
51940
51944
51945
51946
51949
51952
51953
51954
51958
51977
51978
51980
51982
51985
51986
51987
51990
51997
51998
51999
52005
52015
52018
52020
52022
52026
52030
52032
52033
52035
52036
52037
52044
52046
52047
52048
52049
52051
52052
52060
52062
52066
52067
52068
52069
52077
52078
52096
52097
52099
52101
52102
52103
52107
52108
52109
52110
52111
52112
52140
52145
52146
52149
52262
52265
52266
52269
52270
52271
52272
52273
52278
52286
52288
52289
52290
52291
52292
52293
52294
52296
52302
52303
52304
52305
52306
52307
52308
52309
52314
52315
52316
52318
52320
52322
52323
52324
52325
52326
52327
52343
52344
52346
52347
52348
52349
52357
52359
52360
52361
52365
52367
52368
52369
52371
52379
52380
52382
52391
52392
52393
52394
52395
52396
52397
52401
52402
52404
52405
52406
52410
52411
52412
52413
52414
52415
52416
52417
52419
52421
52422
52423
52424
52431
52432
52433
52434
52435
52436
52437
52438
52439
52440
52443
52444
52446
52447
52449
52452
52453
52454
52455
52457
52458
52459
52460
52461
52462
52463
52466
52468
52469
52470
52471
52472
52473
52475
52481
52482
52483
52484
52486
52487
52491
52492
52493
52494
52495
52508
52518
52519
52520
52521
52522
52538
52539
52540
52558
52570
52571
52573
52575
52576
52577
52578
52579
52580
52581
52584
52585
52586
52592
52593
52594
52595
52596
52609
52611
52612
52613
52614
52615
52617
52622
52623
52624
52625
52626
52628
52638
52639
52640
52641
52642
52643
52649
52650
52651
52653
52654
52655
52657
52658
52659
52660
52661
52662
52663
52664
52665
52678
52679
52681
52682
52683
52684
52690
52691
52692
52702
52703
52704
52705
52706
52707
52716
52717
52718
52719
52720
52721
52722
52723
52724
52725
52726
52727
52728
52745
52746
52747
52748
52751
52752
52753
52755
52760
52761
52777
52780
52781
52785
52786
52805
52811
52814
52815
52816
52819
52845
52846
52847
52848
52850
52851
52856
52858
52859
52872
52873
52876
52878
52879
52887
52888
52894
52909
52912
52917
53046
53047
53048
53049
53051
53053
53054
53055
53057
53058
53059
53062
53063
53064
53066
53067
53069
53070
53072
53073
53075
53076
53079
53081
53083
53165
53167
53168
53169
53170
53171
53172
53173
53174
53195
53198
53199
53200
53201
53202
53203
53204
53205
53208
53209
53210
53211
53212
53213
53216
53217
53219
53220
53221
53222
53223
53224
53225
53226
53236
53237
53238
53239
53240
53241
53243
53245
53248
53249
53282
53284
53287
53288
53289
53291
53292
53293
53294
53295
53296
53312
53370
53376
53407
53452
53468
53492
53493
53494
53505
53510
53511
53513
53515
53517
53518
53519
53520
53530
53531
53532
53533
53534
53535
53536
53538
53539
53540
53545
53547
53549
53550
53552
53555
53556
53557
53558
53571
53578
53579
53580
53581
53590
53591
53592
53593
53594
53595
53596
53600
53601
53602
53603
53616
53618
53619
53620
53623
53624
53630
53631
53632
53634
53636
53638
53639
53640
53646
53647
53648
53649
53650
53651
53652
53668
53669
53670
53671
53672
53673
53674
53681
53685
53686
53687
53706
53707
53708
53709
53712
53713
53714
53715
53716
53742
53744
53753
53754
53761
53768
53769
53772
53780
53782
53793
53794
53812
53815
53817
53818
53820
53822
53828
53830
53833
53834
53836
53852
53856
53860
53861
53862
54360
54361
54404
54408
54412
54414
54423
54465
54495
54497
54533
54544
54588
54591
54595
54597
54600
54601
54674
54749
54754
54768
54794
54798
54850
54865
54866
54867
54870
54873
54897
54899
54912
54914
54918
54919
54921
54929
54932
54933
54934
54936
54937
54938
54943
54944
54945
54948
54949
54951
54952
54953
54962
54963
54965
54966
54967
54968
54969
54971
54972
54973
54974
