0.914968 0.921675 0.915381 0.919544 0.923342 0.93027 0.941132 0.926066 0.923671 0.850523 0.770328 0.714947 0.724131 0.781007 0.862444 0.934017 
0.945842 0.92812 0.917411 0.918875 0.922234 0.939072 0.947461 0.95462 0.942454 0.859925 0.784647 0.734142 0.744753 0.786611 0.878552 0.955721 
0.945339 0.925964 0.915814 0.920753 0.922776 0.932631 0.946659 0.957399 0.944752 0.859379 0.78363 0.746141 0.735978 0.782677 0.879593 0.955128 
0.947639 0.928915 0.921747 0.921816 0.921984 0.934171 0.951001 0.957243 0.947286 0.865002 0.794016 0.737759 0.739157 0.791212 0.883589 0.956461 
0.957917 0.932691 0.928134 0.930693 0.936744 0.94175 0.956157 0.964349 0.956421 0.868217 0.790405 0.744112 0.746632 0.793821 0.890456 0.96619 
0.967661 0.95074 0.941779 0.944433 0.949267 0.953365 0.969359 0.974511 0.966393 0.881007 0.800172 0.75525 0.751486 0.805933 0.895247 0.976259 
0.978093 0.967286 0.961684 0.963288 0.972592 0.974946 0.986757 0.985935 0.979139 0.897217 0.816388 0.763842 0.758412 0.826176 0.914665 0.988199 
0.954124 0.955836 0.948767 0.953641 0.955975 0.961849 0.972172 0.959227 0.959134 0.880623 0.806577 0.75045 0.749295 0.807323 0.896197 0.968927 
0.882562 0.874085 0.867248 0.865771 0.876369 0.885895 0.895898 0.888657 0.884172 0.80845 0.737205 0.68001 0.683069 0.735366 0.825038 0.893588 
0.8182 0.803556 0.790526 0.792733 0.800504 0.807178 0.818615 0.825948 0.818046 0.742968 0.672117 0.638705 0.631796 0.686595 0.75886 0.82862 
0.818144 0.796547 0.790013 0.7907 0.796436 0.806987 0.821547 0.824388 0.815586 0.739811 0.684584 0.637653 0.635531 0.691766 0.764369 0.827689 
0.826143 0.807807 0.793613 0.79255 0.805637 0.814211 0.828116 0.834959 0.823396 0.752563 0.683388 0.632158 0.640438 0.686756 0.767976 0.8327 
0.841999 0.824935 0.815823 0.817691 0.822352 0.83425 0.842357 0.850359 0.841695 0.762661 0.687435 0.64959 0.651906 0.705376 0.774156 0.851543 
0.867139 0.846236 0.839933 0.842771 0.855215 0.862885 0.866454 0.871034 0.863319 0.792486 0.717615 0.675905 0.669105 0.713725 0.80295 0.872779 
0.901879 0.886487 0.885609 0.878909 0.891163 0.894227 0.902642 0.905378 0.900301 0.823679 0.748757 0.698046 0.699896 0.755472 0.835006 0.910084 
0.944894 0.939211 0.935386 0.93562 0.942455 0.950044 0.955559 0.950552 0.945554 0.873117 0.796607 0.735712 0.73027 0.793769 0.883372 0.955901 
