0.96854 0.967359 0.962807 0.968673 0.973993 0.976594 0.985137 0.974615 0.977203 0.90729 0.838172 0.769689 0.775487 0.836381 0.918892 0.985523 
0.971019 0.958409 0.951601 0.953147 0.959895 0.968669 0.975742 0.977465 0.969273 0.893899 0.809239 0.742815 0.748097 0.818467 0.912805 0.978152 
0.963535 0.942913 0.936276 0.941178 0.949452 0.949887 0.967866 0.97044 0.961206 0.882071 0.80049 0.736617 0.734245 0.814481 0.901665 0.972914 
0.959095 0.935126 0.930392 0.929788 0.938546 0.944561 0.958734 0.967897 0.955236 0.873101 0.789897 0.732671 0.735281 0.797434 0.893438 0.966734 
0.957462 0.935352 0.921403 0.922954 0.932978 0.943421 0.958731 0.965775 0.955999 0.870866 0.78523 0.731264 0.721868 0.803623 0.885921 0.967787 
0.96158 0.937886 0.925112 0.926786 0.935388 0.941716 0.957496 0.968466 0.956507 0.875479 0.793914 0.73992 0.735246 0.793423 0.897171 0.968884 
0.965787 0.94688 0.936556 0.941641 0.939993 0.956467 0.968753 0.973429 0.96391 0.879363 0.797361 0.741663 0.73532 0.803165 0.900838 0.976718 
0.98644 0.971151 0.96341 0.965335 0.971016 0.979593 0.990702 0.992516 0.985253 0.906292 0.822176 0.749546 0.752063 0.825655 0.92094 0.993639 
0.990414 0.980545 0.976004 0.981709 0.986465 0.991934 1.00024 0.995488 0.989023 0.915662 0.833004 0.76237 0.759812 0.835296 0.930778 0.998915 
0.96752 0.954946 0.948282 0.947813 0.956677 0.960578 0.970302 0.974989 0.965069 0.885883 0.807879 0.735784 0.728325 0.804455 0.901817 0.974355 
0.94816 0.931595 0.920648 0.92503 0.934532 0.938527 0.95151 0.95539 0.944814 0.869647 0.786314 0.716085 0.714429 0.792922 0.887606 0.955557 
0.934916 0.918571 0.907132 0.904435 0.914725 0.926131 0.942136 0.943092 0.932734 0.857503 0.783224 0.727407 0.722767 0.786224 0.876926 0.944746 
0.927586 0.915981 0.903013 0.91024 0.910674 0.922297 0.931564 0.938475 0.927998 0.857792 0.785977 0.740823 0.743301 0.797924 0.879016 0.939286 
0.933587 0.918731 0.910518 0.913553 0.920929 0.930725 0.940297 0.936392 0.933067 0.870057 0.789237 0.753382 0.739269 0.795105 0.883618 0.943767 
0.944828 0.937087 0.932062 0.934901 0.943456 0.942421 0.950772 0.949407 0.945008 0.889179 0.809306 0.770686 0.768029 0.827744 0.899719 0.952226 
0.961568 0.95856 0.953962 0.954445 0.962144 0.96527 0.975502 0.966953 0.965569 0.898839 0.834948 0.787913 0.778769 0.837517 0.920484 0.974068 
