1.08469 1.02694 1.01273 1.01864 1.00985 0.999608 0.997446 1.06488 1.04757 0.9109 0.900085 4.06615 -1.6051 0.818237 0.856909 0.98703 
1.03559 0.983104 0.980799 0.998682 0.992641 0.980948 0.972744 1.02168 1.00474 0.861198 4.71959 0.777836 -0.430136 0.786389 0.849986 0.947977 
1.00797 0.968382 0.964129 0.984123 0.971759 0.967093 0.946698 0.99147 0.979779 3.48645 0.795061 0.856558 -0.0948892 -0.857741 0.839599 0.921141 
1.00197 0.958379 0.953557 0.961289 0.998158 0.955873 0.956548 0.9876 0.971205 0.855243 -1.16132 0.844284 0.928981 0.827479 0.820245 0.922103 
1.01065 0.976731 0.959529 0.960882 0.949031 0.958085 0.956791 0.989478 0.980458 0.872081 0.875794 1.09798 -1.30955 1.13579 0.844171 0.931944 
1.01888 0.973085 0.96171 0.964867 0.938856 0.948601 0.950969 0.999743 0.977429 0.855686 0.909922 0.770202 0.891484 0.885576 0.879298 0.94615 
1.02731 0.985466 0.958487 0.960693 0.950998 0.939732 0.96624 1.00765 0.985851 1.50473 0.899766 0.939375 0.859499 0.905096 0.892573 0.959231 
1.06249 0.999285 1.0075 1.00402 0.991948 0.966803 0.977061 1.0386 1.02236 0.958866 0.784718 -2.92278 -3.8459 0.81383 0.902403 1.00554 
1.07757 1.00327 0.997352 1.00878 1.00568 0.993478 0.989663 1.06222 1.07471 0.962194 0.944444 0.889778 0.807796 0.799396 0.938657 1.05292 
1.03021 0.96505 0.967619 0.980377 0.967976 0.948077 0.9689 1.01432 1.03219 0.986117 0.800311 2.99752 0.776364 0.938467 0.920076 1.00793 
1.0109 0.951392 0.960337 0.954334 0.954844 0.940241 0.969195 0.997424 1.0128 0.933311 0.881277 -0.0540401 0.446359 -1.68816 0.919705 0.987662 
0.998894 0.949682 0.947156 0.953142 0.950756 0.91646 0.937535 0.975562 0.990812 0.988787 0.926359 0.885769 0.21458 0.806115 0.885447 0.960463 
0.9876 0.946453 0.949282 0.926757 0.962508 0.938218 0.934133 0.977839 0.990171 0.873233 2.54892 0.901415 0.993826 0.835391 0.917558 0.952356 
1.01078 0.974016 0.939795 0.9408 0.948598 0.933132 0.947801 0.985949 0.987557 0.938338 -0.523793 2.57807 1.02428 0.846964 0.874973 0.958681 
1.02617 0.992847 0.977004 0.985483 0.96531 0.956858 0.981362 1.00058 1.00413 2.95269 0.785528 0.910865 0.69285 4.1124 0.898479 0.961545 
1.06789 1.02913 1.0153 1.00384 1.0027 0.986285 0.997447 1.0465 1.03384 2.10164 0.44771 0.509624 0.792019 0.903855 0.883908 0.989833 
