0.858931 0.814445 0.805156 0.829051 0.813317 0.803485 0.783425 0.83246 0.815029 0.697712 -1.07139 0.747273 -0.960535 -0.594648 0.614364 0.763385 
0.807121 0.777748 0.797502 0.789169 0.990953 0.700265 0.79237 0.795106 0.808669 0.696477 -1.43036 0.652234 0.542805 2.58304 0.530721 0.735273 
0.809615 0.838128 0.804208 0.782873 0.793879 0.748187 0.768984 0.815654 0.793861 0.664007 0.579075 -2.78065 0.651841 -1.08797 0.652 0.72819 
0.823302 0.77581 0.780975 0.726725 0.996016 0.770627 1.98454 0.808 0.809361 0.645941 0.660412 0.791685 0.777701 0.516632 -0.0527 0.740064 
0.831514 0.804352 0.747458 0.790131 0.536985 0.951068 0.74513 0.810088 0.815888 0.86904 0.3713 -1.89649 -2.32743 0.20478 -1.92665 0.687889 
0.816577 0.800544 0.781915 0.0744485 0.865052 0.743284 0.789771 0.818578 0.811205 3.06108 0.662256 -0.360589 0.754113 2.4223 -0.996914 0.767882 
0.851457 0.797868 0.799605 0.794967 0.836239 0.76813 0.793463 0.818835 0.810215 0.436154 0.689524 -0.0357337 0.67925 -1.03735 0.585207 0.767651 
0.884852 0.832817 0.818688 0.852663 0.827363 0.815146 0.807906 0.850745 0.834755 0.766853 -1.27606 0.733174 0.701806 0.470989 0.662463 0.814206 
0.784592 0.749566 2.37295 0.728895 0.672781 0.756265 0.734069 0.807546 0.775444 0.698529 -0.312861 0.677061 0.261228 0.611267 2.15758 0.725707 
0.69616 0.638427 0.664104 -1.84885 -1.40097 0.560466 0.682284 0.650622 0.72076 0.502972 0.687463 0.656406 -0.698953 0.603849 -1.52001 0.656635 
0.614409 -1.27827 0.686397 0.568391 -0.457141 0.744319 0.42895 0.644466 0.249602 -0.446333 0.721014 0.699041 0.74923 -2.38237 0.576741 0.108266 
0.640578 0.241393 0.676919 0.655193 0.616805 0.731787 0.515406 0.540014 -0.831483 0.624584 0.664245 0.726945 0.609773 0.673949 0.234003 0.606044 
0.623539 0.636337 0.694224 0.632615 0.264418 0.665288 2.1849 -1.33521 0.648472 0.0467595 0.72653 0.703648 0.632342 0.638113 0.593453 0.566613 
0.677796 0.634453 0.70966 0.789182 -0.329992 0.57809 0.611036 0.688137 0.684138 0.725821 0.665269 0.659996 0.677723 0.179515 1.40169 0.653275 
0.711294 0.722501 0.698629 0.713047 0.662158 0.68289 0.694555 0.697956 0.704915 0.618532 -0.334053 -0.616545 0.628795 0.664962 0.601788 0.684122 
0.833264 0.799758 0.798266 0.803693 0.813972 0.800447 0.766742 0.810635 0.799175 0.634774 1.04918 -1.13006 -0.838671 -2.59034 -0.157577 0.735367 
