0.913988 0.929777 0.924794 0.926801 0.93127 0.939922 0.948719 0.924602 0.933115 0.864385 0.78369 0.727005 0.729863 0.794337 0.876156 0.941687 
0.953281 0.93886 0.926592 0.929903 0.932306 0.949333 0.958128 0.961416 0.956874 0.878632 0.797429 0.746971 0.755277 0.803118 0.892901 0.967358 
0.95343 0.936244 0.926123 0.932192 0.929523 0.945891 0.955466 0.965658 0.957264 0.87948 0.793606 0.761291 0.744655 0.799634 0.898837 0.968497 
0.954428 0.940914 0.93428 0.929681 0.935645 0.942428 0.961324 0.963773 0.96112 0.884393 0.803822 0.754489 0.751391 0.807989 0.902763 0.97001 
0.966027 0.945367 0.938319 0.943762 0.946909 0.950448 0.967977 0.97321 0.969176 0.886101 0.808601 0.763425 0.759925 0.808147 0.908189 0.979796 
0.976984 0.961335 0.953555 0.953933 0.956556 0.964284 0.981546 0.983381 0.981337 0.903085 0.818683 0.771646 0.769346 0.822695 0.917681 0.990008 
0.98706 0.978624 0.971088 0.973349 0.980752 0.985071 0.997195 0.994252 0.993422 0.917195 0.832778 0.776738 0.773334 0.841833 0.931489 1.00138 
0.961248 0.968794 0.962636 0.964676 0.969822 0.973194 0.985425 0.965724 0.975716 0.904266 0.82655 0.766837 0.764841 0.82308 0.916693 0.983642 
0.900737 0.896727 0.888227 0.8888 0.897297 0.907447 0.916667 0.906349 0.908961 0.837625 0.762834 0.70368 0.707673 0.761668 0.855603 0.917957 
0.828272 0.814978 0.803222 0.804018 0.813561 0.815998 0.832281 0.836289 0.832165 0.763682 0.691775 0.65135 0.640976 0.699087 0.779348 0.841391 
0.827245 0.80801 0.801721 0.804949 0.807954 0.820016 0.830083 0.832864 0.830659 0.756369 0.689947 0.653876 0.643887 0.703714 0.780233 0.843249 
0.835439 0.819114 0.801467 0.804527 0.813393 0.826329 0.838213 0.842955 0.837518 0.771018 0.70212 0.64692 0.651519 0.712793 0.786712 0.847088 
0.850876 0.834984 0.827328 0.82975 0.830282 0.843348 0.853509 0.860866 0.856649 0.783937 0.702218 0.674172 0.660742 0.731859 0.793442 0.865439 
0.878174 0.860641 0.855719 0.849438 0.863078 0.869751 0.88024 0.882682 0.880708 0.810811 0.732866 0.690039 0.69172 0.729717 0.826643 0.888709 
0.914865 0.903693 0.898215 0.895712 0.902865 0.908521 0.919796 0.918067 0.918453 0.846345 0.769563 0.714219 0.71875 0.775444 0.857515 0.92767 
0.954826 0.951253 0.946763 0.946811 0.95526 0.960638 0.968521 0.960389 0.961664 0.892555 0.812666 0.757894 0.74982 0.813346 0.904709 0.970825 
