0.879649 0.839185 0.823152 0.848835 0.848664 0.814698 0.810876 0.847179 0.852571 0.730393 -1.11474 -2.15304 -4.56504 -1.67318 0.627691 0.791311 
0.829682 0.799002 0.821366 0.808501 0.839227 0.805045 0.794407 0.811826 0.837936 0.751479 0.461636 0.702069 0.512688 0.456562 0.617338 0.748703 
0.83224 0.834517 0.80045 0.824188 0.73996 0.801541 0.814184 0.809113 0.857093 1.15325 0.68479 2.89832 -1.39024 0.655302 0.711695 0.773788 
0.83405 0.796697 0.802698 0.646948 0.70684 0.729125 0.808641 0.837635 0.834827 -0.3856 0.600311 -1.05543 0.207507 0.51835 0.600231 0.766282 
0.858706 0.789427 0.772014 0.785573 0.0226145 0.775105 0.78524 0.821911 0.84068 0.681955 0.659797 0.72996 0.214987 -1.5298 0.716567 0.723589 
0.844382 0.810899 0.814516 0.856054 -0.361324 0.801856 0.809078 0.827652 0.837124 1.41746 0.446274 0.189849 -1.53486 1.36598 0.679866 0.788046 
0.877935 0.828207 0.828947 0.839755 0.800603 0.810006 0.811817 0.837232 0.84098 0.717523 0.281518 0.235921 0.699206 -2.97043 0.644516 0.816843 
0.901561 0.847588 0.846475 0.844293 0.829025 0.829506 0.831532 0.87429 0.862385 0.80679 0.623505 0.734485 0.0444489 0.452671 0.696054 0.841099 
0.845104 0.841665 2.18511 0.877308 0.318727 0.869276 0.81772 0.846826 0.844086 0.805231 0.708705 0.669723 1.82916 -0.403541 0.793932 0.893174 
0.738552 0.69846 0.692685 0.736143 0.678491 0.657171 0.67004 0.72194 0.754635 0.688509 0.686728 0.542866 0.673322 -0.937232 0.419799 0.692876 
0.662603 0.636543 0.706042 0.726072 0.465594 0.586018 0.212299 0.67284 0.709425 0.0699389 0.493427 0.754136 2.60839 0.575562 -2.00083 0.615519 
0.64589 -0.892534 0.697915 -2.54093 0.118887 0.387082 0.598128 0.636991 0.718836 0.494208 0.68531 0.74171 0.778421 0.708462 -0.809204 0.642656 
0.678094 0.577842 0.713999 1.64911 -1.19213 -2.9398 0.620116 -1.01479 0.681032 0.711513 -1.96384 -0.123229 0.734117 0.592198 -1.0832 0.681957 
0.707339 0.690772 0.688847 0.806357 0.679681 3.21366 0.680138 0.62444 0.719145 0.639077 0.673945 -0.498534 0.704293 -0.917542 -0.60088 0.665987 
0.747275 0.742367 0.659984 0.747912 0.727173 0.743263 0.730538 0.741293 0.777803 0.649505 0.11052 0.669419 -0.731043 0.0937047 0.645789 0.716484 
0.853668 0.828347 0.829666 0.857245 0.811965 0.802682 0.783106 0.835382 0.844326 0.730822 -2.46187 -1.68964 -1.76169 2.53827 0.630224 0.768235 
