0.975081 0.979193 0.976942 0.981323 0.986217 0.990246 0.997629 0.979802 0.992864 0.930495 0.856957 0.792809 0.7989 0.858451 0.94149 1.00056 
0.981694 0.971703 0.964327 0.966181 0.974161 0.98076 0.988836 0.988323 0.986167 0.915954 0.832151 0.762735 0.762112 0.841781 0.934678 0.994791 
0.974486 0.957483 0.949434 0.951714 0.960315 0.964728 0.97999 0.981373 0.97842 0.904238 0.815923 0.746413 0.755027 0.826531 0.923707 0.987185 
0.970283 0.950009 0.943888 0.936813 0.946922 0.958601 0.971651 0.977754 0.971728 0.894286 0.816298 0.750921 0.752345 0.823754 0.913515 0.984276 
0.968011 0.947209 0.935809 0.931805 0.945485 0.955855 0.971183 0.976074 0.973648 0.893628 0.80497 0.752478 0.73475 0.81794 0.912336 0.981962 
0.971577 0.952281 0.936047 0.941778 0.949113 0.952413 0.971593 0.97882 0.973972 0.89541 0.817776 0.757152 0.752969 0.818009 0.917311 0.984552 
0.976263 0.961804 0.949964 0.954023 0.952418 0.969807 0.981753 0.984079 0.979911 0.900553 0.817986 0.755599 0.751025 0.817734 0.924663 0.993161 
0.996571 0.983476 0.975353 0.977224 0.983231 0.990399 1.00353 1.00149 1.00245 0.930517 0.839955 0.770097 0.767199 0.844493 0.942937 1.00967 
1.00476 0.998035 0.9932 0.996609 1.00074 1.00812 1.01677 1.00996 1.01001 0.943011 0.858554 0.778129 0.782033 0.860079 0.957369 1.01864 
0.985611 0.97414 0.971119 0.969347 0.977533 0.982515 0.991462 0.993187 0.98976 0.91927 0.834309 0.758854 0.758765 0.835358 0.93405 0.998055 
0.963355 0.948937 0.936141 0.9393 0.951839 0.955618 0.969921 0.970784 0.967328 0.900575 0.812976 0.744144 0.743078 0.82324 0.915425 0.977498 
0.949649 0.937561 0.926209 0.924862 0.932329 0.940644 0.958866 0.957013 0.954567 0.884359 0.806165 0.73984 0.745383 0.824053 0.905647 0.96544 
0.941118 0.933664 0.918753 0.929207 0.930005 0.938159 0.949224 0.95169 0.94932 0.883741 0.810619 0.74978 0.767017 0.817965 0.904325 0.959054 
0.946139 0.940175 0.925952 0.929634 0.936114 0.94954 0.953267 0.952421 0.952465 0.896892 0.815329 0.776828 0.775023 0.820979 0.912736 0.963226 
0.957515 0.953832 0.9467 0.945161 0.961148 0.95712 0.965992 0.96127 0.963713 0.913628 0.830985 0.798903 0.79248 0.843316 0.92743 0.971056 
0.974118 0.972589 0.963191 0.966597 0.971982 0.978899 0.987792 0.978311 0.982517 0.92154 0.860135 0.799615 0.795011 0.856915 0.947246 0.9894 
