1.11154 1.06055 1.04772 1.0541 1.04282 1.02964 1.0315 1.09094 1.08251 1.01999 0.969737 -1.02219 1.00368 1.54298 0.905384 1.02478 
1.06798 1.01731 1.01615 1.03699 1.028 1.00827 1.00555 1.05285 1.04317 0.88217 1.05256 0.920373 -0.167272 0.881444 0.91029 0.985382 
1.03638 1.00391 0.999452 1.00427 1.00815 0.996027 0.978645 1.02036 1.01856 0.924239 0.773467 1.15046 1.92136 6.76127 0.890888 0.959431 
1.02988 1.00066 0.988434 1.00639 1.00515 0.9983 0.98085 1.0141 0.999438 0.797893 1.64331 0.871947 -0.532125 1.06668 0.902081 0.952891 
1.0364 1.00712 0.998593 0.999943 1.00896 1.00225 0.991967 1.01488 1.01067 0.90905 0.822105 0.959995 2.42392 -0.70072 0.862237 0.962631 
1.04549 1.00972 0.995379 0.995586 0.968145 0.975394 0.992825 1.02914 1.00733 0.968958 0.624315 0.983131 0.891001 2.20722 0.859353 0.974361 
1.05512 1.01548 0.995093 0.994155 0.985654 0.974084 1.00087 1.03523 1.0219 0.943839 0.939528 2.95492 0.943478 0.828498 0.915164 0.995529 
1.08207 1.03312 1.03323 1.03609 1.02285 0.995524 1.00531 1.05716 1.04334 0.984294 0.889048 0.904489 0.883831 0.882683 0.925986 1.02567 
1.1121 1.04431 1.04319 1.04138 1.04605 1.02465 1.02956 1.09626 1.11354 0.987284 0.953782 0.858601 0.850653 0.822801 0.981861 1.08793 
1.08361 1.01844 1.01752 1.03038 1.02411 1.01664 1.02465 1.06893 1.09163 1.01074 0.959842 1.92175 0.870334 0.680675 0.986526 1.06196 
1.05481 1.00314 1.00736 1.01053 1.009 0.989145 1.00695 1.03638 1.05839 1.05062 1.01877 0.824595 2.03322 1.09663 0.973782 1.02766 
1.03681 0.997993 0.993038 1.00378 1.00163 0.969581 0.989432 1.01858 1.03737 0.918545 -1.26864 0.847016 2.03824 1.57117 1.05151 0.99751 
1.03689 0.995127 1.00312 0.989574 0.996007 0.990029 0.98637 1.01182 1.0363 1.06154 0.730209 0.992662 1.61029 0.986459 0.921675 0.997708 
1.04538 1.02369 1.01294 0.994295 1.01217 0.996617 1.00452 1.02649 1.0289 1.01132 3.02805 1.9191 1.00796 0.980994 0.955067 1.00487 
1.06281 1.04083 1.01932 2.61984 1.0193 1.00663 1.01993 1.04658 1.04837 1.02073 3.67906 0.884054 0.883648 1.00099 0.956207 1.00446 
1.09766 1.07485 1.04697 1.03889 1.04518 1.0244 1.03902 1.07306 1.07322 0.958236 0.782816 1.09721 0.874952 0.894193 0.92954 1.0266 
