2
6067
6068
6071
6072
6075
6076
6079
6080
6083
6084
6087
6088
6091
6092
6095
6096
2
6067
6068
6071
6072
6075
6076
6079
6080
6083
6084
6087
6088
6091
6092
6095
6096
2
6067
6068
6071
6072
6075
6076
6079
6080
6083
6084
6087
6088
6091
6092
6095
6096
2
6067
6068
6071
6072
6075
6076
6079
6080
6083
6084
6087
6088
6091
6092
6095
6096
2
6067
6068
6071
6072
6075
6076
6079
6080
6083
6084
6087
6088
6091
6092
6095
6096
2
6067
6068
6071
6072
6075
6076
6079
6080
6083
6084
6087
6088
6091
6092
6095
6096
2
6067
6068
6071
6072
6075
6076
6079
6080
6083
6084
6087
6088
6091
6092
6095
6096
2
6067
6068
6071
6072
6075
6076
6079
6080
6083
6084
6087
6088
6091
6092
6095
6096
