2
6067
6068
6071
6072
6075
6076
6079
6080
6083
6084
6087
6088
6091
6092
6095
6096
2
6099
6100
6103
6104
6107
6108
6111
6112
6115
6116
6119
6120
6123
6124
6127
6128
2
6035
6036
6039
6040
6043
6044
6047
6048
6051
6052
6055
6056
6059
6060
6063
6064
2
6003
6004
6007
6008
6011
6012
6015
6016
6019
6020
6023
6024
6027
6028
6031
6032
2
6065
6066
6069
6070
6073
6074
6077
6078
6081
6082
6085
6086
6089
6090
6093
6094
2
6121
6122
6125
6126
6113
6114
6117
6118
6105
6106
6109
6110
6097
6098
6101
6102
2
6033
6034
6037
6038
6041
6042
6045
6046
6049
6050
6053
6054
6057
6058
6061
6062
input
