
Processing get_luminosity_182630.C("listrunnumber.txt",0,1,2)...
RN   Bit10Corr  Bit10UC   Bit18Corr  Bit18UC   Bit22Corr  Bit22UC   Bit30Corr  Bit30UC (units pb^-1)

47352 0.0002710 0.0002488 0.0355045 0.0325959 0.0355045 0.0325959 0.0355045 0.0325959
47582 0.0000903 0.0000749 0.0556250 0.0461233 0.0556250 0.0461233 0.0556250 0.0461233
47588 0.0001632 0.0001386 0.0940319 0.0798171 0.0940319 0.0798171 0.0940319 0.0798171
47601 0.0000506 0.0000441 0.0117497 0.0102216 0.0117497 0.0102216 0.0117497 0.0102216
47619 0.0000331 0.0000293 0.0403032 0.0356142 0.0403032 0.0356142 0.0403032 0.0356142
47628 0.0000064 0.0000056 0.0077292 0.0068594 0.0077292 0.0068594 0.0077292 0.0068594
47791 0.0000280 0.0000248 0.0365946 0.0323833 0.0365946 0.0323833 0.0365946 0.0323833
47810 0.0000465 0.0000410 0.0569015 0.0501754 0.0569015 0.0501754 0.0569015 0.0501754
47824 0.0000290 0.0000258 0.0330520 0.0293545 0.0330520 0.0293545 0.0330520 0.0293545
47836 0.0000123 0.0000110 0.0128461 0.0115080 0.0128461 0.0115080 0.0128461 0.0115080
47852 0.0000070 0.0000063 0.0071152 0.0064060 0.0071152 0.0064060 0.0071152 0.0064060
47856 0.0000090 0.0000081 0.0090671 0.0081733 0.0090671 0.0081733 0.0090671 0.0081733
47869 0.0000095 0.0000086 0.0092043 0.0083199 0.0092043 0.0083199 0.0092043 0.0083199
47873 0.0000273 0.0000248 0.0264459 0.0239500 0.0264459 0.0239500 0.0264459 0.0239500
48011 0.0000264 0.0000235 0.0292373 0.0260471 0.0292373 0.0260471 0.0292373 0.0260471
48023 0.0000014 0.0000013 0.0015487 0.0013874 0.0015487 0.0013874 0.0015487 0.0013874
49033 0.0000030 0.0000029 0.0036687 0.0035033 0.0036687 0.0035033 0.0036687 0.0035033
49034 0.0000180 0.0000174 0.0062905 0.0060693 0.0062905 0.0060693 0.0062905 0.0060693
49035 0.0000224 0.0000216 0.0075024 0.0072493 0.0075024 0.0072493 0.0075024 0.0072493
49038 0.0000313 0.0000303 0.0102695 0.0099326 0.0102695 0.0099326 0.0102695 0.0099326
49042 0.0000366 0.0000354 0.0116248 0.0112523 0.0116248 0.0112523 0.0116248 0.0112523
49043 0.0000225 0.0000218 0.0068754 0.0066640 0.0068754 0.0066640 0.0068754 0.0066640
49045 0.0000454 0.0000440 0.0131069 0.0127282 0.0131069 0.0127282 0.0131069 0.0127282
49048 0.0000091 0.0000089 0.0026363 0.0025624 0.0026363 0.0025624 0.0026363 0.0025624
49050 0.0000081 0.0000078 0.0023276 0.0022630 0.0023276 0.0022630 0.0023276 0.0022630
49053 0.0000486 0.0000473 0.0125890 0.0122607 0.0125890 0.0122607 0.0125890 0.0122607
49054 0.0000426 0.0000415 0.0110274 0.0107468 0.0110274 0.0107468 0.0110274 0.0107468
49148 0.0000110 0.0000103 0.0071482 0.0066899 0.0071482 0.0066899 0.0071482 0.0066899
50232 0.0000222 0.0000191 0.0320119 0.0275365 0.0320119 0.0275365 0.0320119 0.0275365
50253 0.0000094 0.0000082 0.0120085 0.0104878 0.0120085 0.0104878 0.0120085 0.0104878
50262 0.0000459 0.0000404 0.0587118 0.0516245 0.0587118 0.0516245 0.0587118 0.0516245
50283 0.0000597 0.0000532 0.0689351 0.0614409 0.0689351 0.0614409 0.0689351 0.0614409
50313 0.0000406 0.0000365 0.0426350 0.0382830 0.0426350 0.0382830 0.0426350 0.0382830
50330 0.0000280 0.0000252 0.0278086 0.0250631 0.0278086 0.0250631 0.0278086 0.0250631
50356 0.0000170 0.0000154 0.0159681 0.0144719 0.0159681 0.0144719 0.0159681 0.0144719
50417 0.0000114 0.0000107 0.0076811 0.0071749 0.0076811 0.0071749 0.0076811 0.0071749
50424 0.0000335 0.0000315 0.0225119 0.0211820 0.0225119 0.0211820 0.0225119 0.0211820
50962 0.0000146 0.0000126 0.0219161 0.0189284 0.0219161 0.0189284 0.0219161 0.0189284
50965 0.0000122 0.0000106 0.0183637 0.0159511 0.0183637 0.0159511 0.0183637 0.0159511
50969 0.0000205 0.0000179 0.0264153 0.0230780 0.0264153 0.0230780 0.0264153 0.0230780
50973 0.0000171 0.0000150 0.0220534 0.0193673 0.0220534 0.0193673 0.0220534 0.0193673
50981 0.0000336 0.0000298 0.0433253 0.0384531 0.0433253 0.0384531 0.0433253 0.0384531
50987 0.0000244 0.0000218 0.0266193 0.0238002 0.0266193 0.0238002 0.0266193 0.0238002
50992 0.0000201 0.0000180 0.0219280 0.0196818 0.0219280 0.0196818 0.0219280 0.0196818
50996 0.0000214 0.0000193 0.0233946 0.0210672 0.0233946 0.0210672 0.0233946 0.0210672
51002 0.0000072 0.0000065 0.0078296 0.0070699 0.0078296 0.0070699 0.0078296 0.0070699
51008 0.0000094 0.0000085 0.0089789 0.0081303 0.0089789 0.0081303 0.0089789 0.0081303
51012 0.0000210 0.0000191 0.0201820 0.0183173 0.0201820 0.0183173 0.0201820 0.0183173
51095 0.0000029 0.0000028 0.0056565 0.0053638 0.0056565 0.0053638 0.0056565 0.0053638
51107 0.0000100 0.0000096 0.0034678 0.0033474 0.0034678 0.0033474 0.0034678 0.0033474
51109 0.0000244 0.0000235 0.0084815 0.0081900 0.0084815 0.0081900 0.0084815 0.0081900
51274 0.0000319 0.0000302 0.0186703 0.0176455 0.0186703 0.0176455 0.0186703 0.0176455
51277 0.0000069 0.0000066 0.0402409 0.0383546 0 0 0.0201205 0.0191773
51279 0.0000056 0.0000053 0.0325199 0.0311426 0.0325199 0.0311426 0.0325199 0.0311426
51281 0.0000050 0.0000048 0.0289836 0.0278283 0.0289836 0.0278283 0.0289836 0.0278283
51282 0.0000122 0.0000117 0.0487310 0.0469267 0.0487310 0.0469267 0.0487310 0.0469267
51283 0.0000078 0.0000076 0.0313355 0.0302471 0.0313355 0.0302471 0.0313355 0.0302471
51284 0.0000108 0.0000104 0.0430517 0.0416371 0.0430517 0.0416371 0.0430517 0.0416371
51285 0.0000043 0.0000042 0.0085998 0.0083271 0.0085998 0.0083271 0.0085998 0.0083271
51286 0.0000039 0.0000038 0.0078120 0.0075675 0.0078120 0.0075675 0.0078120 0.0075675
51297 0.0000083 0.0000079 0.0481936 0.0459671 0.0481936 0.0459671 0.0240967 0.0229835
51298 0.0000094 0.0000090 0.0548631 0.0525757 0.0548631 0.0525757 0.0274315 0.0262878
51300 0.0000069 0.0000066 0.0402481 0.0387164 0.0402481 0.0387164 0.0402481 0.0387164
51301 0.0000084 0.0000081 0.0487879 0.0470466 0.0487879 0.0470466 0.0487879 0.0470466
51334 0.0000035 0.0000033 0.0177531 0.0166940 0.0177531 0.0166940 0.0177531 0.0166940
51335 0.0000083 0.0000079 0.0415837 0.0393227 0.0415837 0.0393227 0.0415837 0.0393227
51336 0.0000017 0.0000016 0.0084596 0.0080371 0.0084596 0.0080371 0.0084596 0.0080371
51337 0.0000123 0.0000118 0.0617474 0.0588816 0.0617474 0.0588816 0.0617474 0.0588816
51338 0.0000111 0.0000106 0.0552630 0.0529406 0.0552630 0.0529406 0.0552630 0.0529406
51339 0.0000101 0.0000097 0.0506358 0.0486773 0.0506358 0.0486773 0.0506358 0.0486773
51370 0.0000072 0.0000072 0.0011591 0.0011533 0.0011591 0.0011533 0.0011591 0.0011533
51374 0.0000083 0.0000082 0.0013209 0.0013128 0.0013209 0.0013128 0.0013209 0.0013128
51395 0.0000166 0.0000161 0.0062062 0.0060026 0.0062062 0.0060026 0.0062062 0.0060026
51396 0.0001020 0.0000987 0.0222391 0.0215263 0.0222391 0.0215263 0.0222391 0.0215263
51487 0.0000346 0.0000329 0.0201452 0.0191954 0 0 0 0
51490 0.0000055 0.0000053 0.0277441 0.0266093 0.0277441 0.0266093 0.0277441 0.0266093
51491 0.0000148 0.0000143 0.0455980 0.0438759 0.0455980 0.0438759 0.0455980 0.0438759
51492 0.0000032 0.0000031 0.0057152 0.0055110 0.0057152 0.0055110 0.0057152 0.0055110
51493 0.0000350 0.0000338 0.0322875 0.0311747 0.0322875 0.0311747 0.0322875 0.0311747
51494 0.0000470 0.0000455 0.0374801 0.0362685 0.0374801 0.0362685 0.0374801 0.0362685
51495 0.0000254 0.0000246 0.0183613 0.0177954 0.0183613 0.0177954 0.0183613 0.0177954
51502 0.0000047 0.0000044 0.0060319 0.0057318 0 0 0 0
51504 0.0000082 0.0000078 0.0186973 0.0178549 0 0 0 0
51505 0.0000212 0.0000203 0.0371161 0.0356146 0 0 0 0
51506 0.0000058 0.0000055 0.0080978 0.0077929 0 0 0 0
51508 0.0000251 0.0000242 0.0345219 0.0333011 0 0 0 0
51509 0.0000184 0.0000178 0.0214363 0.0207226 0 0 0 0
51510 0.0000247 0.0000239 0.0271355 0.0262729 0 0 0 0
51511 0.0000279 0.0000271 0.0284243 0.0275633 0 0 0 0
51512 0.0000172 0.0000167 0.0164075 0.0159276 0 0 0 0
51517 0.0000046 0.0000043 0.0194860 0.0184218 0 0 0 0
51518 0.0000141 0.0000134 0.0600028 0.0570927 0 0 0 0
51520 0.0000077 0.0000074 0.0462870 0.0443961 0 0 0 0
51562 0.0000045 0.0000043 0.0322266 0.0308878 0 0 0 0
51563 0.0000030 0.0000029 0.0151122 0.0145161 0 0 0 0
51564 0.0000102 0.0000098 0.0486534 0.0468614 0 0 0 0
51565 0.0000055 0.0000053 0.0243576 0.0235132 0 0 0 0
51570 0.0000076 0.0000072 0.0143720 0.0135919 0 0 0 0
51572 0.0000020 0.0000019 0.0172401 0.0163984 0 0 0 0
51573 0.0000091 0.0000087 0.0580797 0.0554516 0 0 0 0
51574 0.0000093 0.0000089 0.0532848 0.0510925 0 0 0 0
51575 0.0000040 0.0000038 0.0176099 0.0169234 0 0 0 0
51576 0.0000024 0.0000024 0.0104480 0.0100592 0 0 0 0
51605 0.0000011 0.0000010 0.0107586 0.0101675 0 0 0 0
51607 0.0000013 0.0000013 0 0 0.0263999 0.0251340 0 0
51615 0.0000017 0.0000016 0 0 0.0324579 0.0311069 0 0
51616 0.0000022 0.0000021 0 0 0.0437092 0.0420271 0 0
51618 0.0000022 0.0000021 0 0 0.0432490 0.0418140 0 0
51619 0.0000011 0.0000011 0 0 0.0216520 0.0209666 0 0
51709 0.0000065 0.0000062 0 0 0.0495668 0.0477118 0.0495668 0.0477118
51710 0.0000035 0.0000033 0 0 0.0243726 0.0235103 0.0243726 0.0235103
51711 0.0000034 0.0000033 0 0 0.0231508 0.0223594 0.0231508 0.0223594
51713 0.0000006 0.0000006 0 0 0.0038374 0.0037153 0.0038374 0.0037153
51714 0.0000015 0.0000014 0 0 0.0092131 0.0089234 0.0092131 0.0089234
51715 0.0000011 0.0000011 0 0 0.0067894 0.0065788 0.0067894 0.0065788
51716 0.0000009 0.0000009 0 0 0.0054581 0.0052905 0.0054581 0.0052905
51718 0.0000007 0.0000007 0 0 0.0044307 0.0042964 0.0044307 0.0042964
51719 0.0000006 0.0000006 0 0 0.0034368 0.0033342 0.0034368 0.0033342
51735 0.0000011 0.0000011 0 0 0 0 0 0
51736 0.0000027 0.0000026 0 0 0 0 0 0
51740 0.0000014 0.0000013 0 0 0 0 0 0
51741 0.0000052 0.0000051 0 0 0 0 0 0
51742 0.0000020 0.0000019 0 0 0.0126337 0.0122358 0.0126337 0.0122358
51753 0.0000029 0.0000028 0 0 0.0169356 0.0164392 0.0169356 0.0164392
51754 0.0000033 0.0000032 0 0 0.0184291 0.0179074 0.0184291 0.0179074
51777 0.0000022 0.0000021 0 0 0.0211390 0.0201342 0 0
51778 0.0000005 0.0000005 0 0 0.0048538 0.0046338 0 0
51824 0.0000014 0.0000013 0 0 0.0140116 0.0133188 0 0
51825 0.0000062 0.0000059 0 0 0.0575708 0.0550349 0 0
51826 0.0000032 0.0000031 0 0 0.0261231 0.0250727 0.0261231 0.0250727
51827 0.0000063 0.0000061 0 0 0.0462817 0.0446224 0.0462817 0.0446224
51830 0.0000058 0.0000056 0 0 0.0342526 0.0332379 0.0342526 0.0332379
51837 0.0000057 0.0000055 0 0 0.0583209 0.0556257 0 0
51838 0.0000007 0.0000007 0 0 0.0058580 0.0056133 0.0058580 0.0056133
51839 0.0000042 0.0000040 0 0 0.0339854 0.0326497 0.0339854 0.0326497
51841 0.0000005 0.0000004 0 0 0.0032702 0.0031501 0.0032702 0.0031501
51842 0.0000011 0.0000010 0 0 0.0075445 0.0072722 0.0075445 0.0072722
51843 0.0000009 0.0000009 0 0 0.0064278 0.0062002 0.0064278 0.0062002
51854 0.0000015 0.0000014 0 0 0.0085476 0.0082936 0.0085476 0.0082936
51858 0.0000006 0.0000006 0 0 0.0033758 0.0032795 0.0033758 0.0032795
51860 0.0000013 0.0000013 0 0 0.0069273 0.0067414 0.0069273 0.0067414
51865 0.0000006 0.0000005 0 0 0.0062957 0.0059578 0.0062957 0.0059578
51874 0.0000037 0.0000035 0 0 0.0338671 0.0323848 0.0338671 0.0323848
51878 0.0000011 0.0000011 0 0 0.0089937 0.0086384 0.0089937 0.0086384
51881 0.0000063 0.0000060 0 0 0.0479674 0.0462061 0.0479674 0.0462061
51886 0.0000012 0.0000012 0 0 0.0082147 0.0079337 0.0082147 0.0079337
51900 0.0000047 0.0000046 0 0 0.0248292 0.0241860 0.0248292 0.0241860
51901 0.0000006 0.0000006 0 0 0.0028327 0.0027617 0.0028327 0.0027617
51902 0.0000023 0.0000023 0 0 0.0112985 0.0110187 0.0112985 0.0110187
51905 0.0000040 0.0000038 0 0 0.0520187 0.0490187 0 0
51906 0.0000031 0.0000029 0 0 0.0321523 0.0305315 0.0321523 0.0305315
51907 0.0000031 0.0000029 0 0 0.0276040 0.0263796 0.0276040 0.0263796
51908 0.0000013 0.0000013 0 0 0.0114052 0.0109180 0.0114052 0.0109180
51909 0.0000033 0.0000031 0 0 0.0255584 0.0245618 0.0255584 0.0245618
51914 0.0000017 0.0000016 0 0 0.0200770 0.0189088 0 0
51915 0.0000060 0.0000057 0 0 0.0626642 0.0597061 0 0
51921 0.0000039 0.0000037 0 0 0.0330095 0.0316365 0.0330095 0.0316365
51922 0.0000026 0.0000025 0 0 0.0195211 0.0187966 0.0195211 0.0187966
51924 0.0000034 0.0000032 0 0 0.0231321 0.0223367 0.0231321 0.0223367
51925 0.0000026 0.0000025 0 0 0.0170736 0.0165119 0.0170736 0.0165119
51927 0.0000012 0.0000012 0 0 0.0074643 0.0072287 0.0074643 0.0072287
51928 0.0000064 0.0000062 0 0 0.0356692 0.0346643 0.0356692 0.0346643
51929 0.0000024 0.0000024 0 0 0.0132337 0.0128718 0.0132337 0.0128718
51933 0.0000009 0.0000008 0 0 0.0106772 0.0100551 0 0
51934 0.0000006 0.0000005 0 0 0.0067328 0.0063615 0 0
51940 0.0000010 0.0000009 0 0 0.0097388 0.0093049 0.0097388 0.0093049
51941 0.0000020 0.0000019 0 0 0.0169669 0.0162324 0.0169669 0.0162324
51942 0.0000056 0.0000054 0 0 0.0471355 0.0452195 0.0471355 0.0452195
51943 0.0000014 0.0000013 0 0 0.0103819 0.0099841 0.0103819 0.0099841
51944 0.0000005 0.0000005 0 0 0.0037423 0.0036005 0.0037423 0.0036005
51945 0.0000027 0.0000026 0 0 0.0202760 0.0195231 0.0202760 0.0195231
51946 0.0000031 0.0000030 0 0 0.0219709 0.0211788 0.0219709 0.0211788
51949 0.0000018 0.0000018 0 0 0.0117224 0.0113472 0.0117224 0.0113472
51950 0 0 0 0 0 0 0 0
51952 0.0000008 0.0000008 0 0 0.0049580 0.0048036 0.0049580 0.0048036
51953 0 0 0 0 0 0
51954 0.0000051 0.0000049 0 0 0.0306908 0.0297667 0.0306908 0.0297667
51955 0.0000014 0.0000013 0 0 0.0079619 0.0077280 0.0079619 0.0077280
51958 0.0000005 0.0000005 0 0 0.0030240 0.0029362 0.0030240 0.0029362
51960 0.0000028 0.0000027 0 0 0.0156749 0.0152265 0.0156749 0.0152265
51977 0.0000009 0.0000009 0 0 0.0067906 0.0065438 0.0067906 0.0065438
51978 0.0000009 0.0000009 0 0 0.0062736 0.0060520 0.0062736 0.0060520
51982 0.0000007 0.0000007 0 0 0.0049500 0.0047991 0.0049500 0.0047991
51983 0.0000007 0.0000007 0 0 0.0043650 0.0042357 0.0043650 0.0042357
51985 0.0000037 0.0000036 0 0 0.0210750 0.0204714 0.0210750 0.0204714
51986 0.0000015 0.0000015 0 0 0.0081917 0.0079683 0.0081917 0.0079683
51987 0.0000021 0.0000021 0 0 0.0110704 0.0107798 0.0110704 0.0107798
51988 0.0000044 0.0000043 0 0 0.0224498 0.0218813 0.0224498 0.0218813
51990 0.0000018 0.0000017 0 0 0.0088204 0.0086019 0.0088204 0.0086019
51997 0.0000012 0.0000011 0 0 0.0133754 0.0126343 0 0
51998 0.0000029 0.0000027 0 0 0.0277761 0.0264636 0 0
51999 0.0000012 0.0000012 0 0 0.0106721 0.0102043 0.0106721 0.0102043
52005 0.0000024 0.0000023 0 0 0.0196270 0.0188348 0.0196270 0.0188348
52015 0.0000046 0.0000044 0 0 0.0349017 0.0335870 0.0349017 0.0335870
52018 0.0000053 0.0000052 0 0 0.0379195 0.0365875 0.0379195 0.0365875
52019 0.0000019 0.0000018 0 0 0.0124760 0.0120557 0.0124760 0.0120557
52022 0.0000042 0.0000041 0 0 0.0257750 0.0249934 0.0257750 0.0249934
52025 0.0000011 0.0000010 0 0 0.0135003 0.0126921 0 0
52026 0.0000038 0.0000036 0 0 0.0427092 0.0404225 0 0
52027 0.0000063 0.0000060 0 0 0.0621949 0.0592632 0.0621949 0.0592632
52030 0.0000036 0.0000034 0 0 0.0282683 0.0271455 0.0282683 0.0271455
52032 0.0000013 0.0000012 0 0 0.0089536 0.0086338 0.0089536 0.0086338
52034 0.0000006 0.0000005 0 0 0.0037278 0.0036006 0.0037278 0.0036006
52035 0.0000015 0.0000014 0 0 0.0099929 0.0096554 0.0099929 0.0096554
52036 0.0000008 0.0000007 0 0 0.0051550 0.0049832 0.0051550 0.0049832
52037 0.0000026 0.0000026 0 0 0.0172179 0.0166532 0.0172179 0.0166532
52038 0.0000008 0.0000008 0 0 0.0051243 0.0049631 0.0051243 0.0049631
52043 0.0000030 0.0000029 0 0 0.0289812 0.0276818 0 0
52044 0.0000007 0.0000006 0 0 0.0055385 0.0053043 0.0055385 0.0053043
52045 0.0000062 0.0000059 0 0 0.0503781 0.0484155 0.0503781 0.0484155
52046 0.0000227 0.0000219 0 0 0.0326259 0.0314782 0.0326259 0.0314782
52047 0.0000239 0.0000232 0 0 0.0312478 0.0302370 0.0312478 0.0302370
52048 0.0000313 0.0000304 0 0 0.0379728 0.0368367 0.0379728 0.0368367
52049 0.0000313 0.0000304 0 0 0.0355032 0.0345096 0.0355032 0.0345096
52050 0.0000117 0.0000114 0 0 0.0124441 0.0121103 0.0124441 0.0121103
52052 0.0000086 0.0000084 0 0 0.0087484 0.0085245 0.0087484 0.0085245
52060 0.0000159 0.0000151 0 0 0.0363400 0.0343593 0 0
52062 0.0000091 0.0000086 0 0 0.0175242 0.0166908 0.0175242 0.0166908
52065 0.0000060 0.0000056 0 0 0.0167021 0.0155849 0 0
52067 0.0000313 0.0000296 0 0 0.0748502 0.0707082 0 0
52068 0.0000079 0.0000075 0 0 0.0158220 0.0150334 0.0158220 0.0150334
52069 0.0000205 0.0000195 0 0 0.0396042 0.0377268 0.0396042 0.0377268
52097 0.0000653 0.0000616 0 0 0 0 0 0
52099 0.0000068 0.0000065 0 0 0.0144559 0.0137186 0 0
52101 0.0000050 0.0000048 0 0 0.0096707 0.0092088 0 0
52102 0.0000162 0.0000155 0 0 0.0311872 0.0297840 0 0
52103 0.0000050 0.0000048 0 0 0.0085945 0.0082259 0.0085945 0.0082259
52104 0.0000045 0.0000043 0 0 0.0073430 0.0070392 0.0073430 0.0070392
52107 0.0000318 0.0000307 0 0 0.0440429 0.0425410 0.0440429 0.0425410
52108 0.0000147 0.0000142 0 0 0.0190961 0.0184732 0.0190961 0.0184732
52110 0.0000032 0.0000031 0 0 0.0039388 0.0038165 0.0039388 0.0038165
52111 0.0000150 0.0000146 0 0 0.0182426 0.0176849 0.0182426 0.0176849
52112 0.0000028 0.0000027 0 0 0.0032753 0.0031792 0.0032753 0.0031792
52144 0.0000028 0.0000027 0 0 0.0043739 0.0042087 0.0043739 0.0042087
52145 0.0000071 0.0000069 0 0 0.0105126 0.0101262 0.0105126 0.0101262
52146 0.0000087 0.0000084 0 0 0.0127972 0.0123437 0.0127972 0.0123437
52265 0.0000090 0.0000085 0 0 0.0213071 0.0200797 0 0
52266 0.0000107 0.0000101 0 0 0.0235082 0.0222371 0.0235082 0.0222371
52268 0.0000193 0.0000183 0 0 0.0396001 0.0376328 0.0396001 0.0376328
52269 0.0000320 0.0000306 0 0 0.0588008 0.0561883 0.0294004 0.0280941
52270 0.0000345 0.0000331 0 0 0.0577352 0.0554049 0.0577352 0.0554049
52271 0.0000318 0.0000306 0 0 0.0483101 0.0465007 0.0483101 0.0465007
52276 0.0000189 0.0000182 0 0 0.0255925 0.0247264 0.0255925 0.0247264
52278 0.0000080 0.0000078 0 0 0.0102940 0.0099606 0.0102940 0.0099606
52286 0.0000296 0.0000281 0 0 0.0652950 0.0620976 0 0
52287 0.0000315 0.0000302 0 0 0.0554620 0.0531372 0.0554620 0.0531372
52288 0.0000270 0.0000260 0 0 0.0418833 0.0403118 0.0418833 0.0403118
52289 0.0000082 0.0000079 0 0 0.0114930 0.0110871 0.0114930 0.0110871
52290 0.0000032 0.0000031 0 0 0.0044434 0.0042891 0.0044434 0.0042891
52291 0.0000081 0.0000078 0 0 0.0110049 0.0106296 0.0110049 0.0106296
52292 0.0000131 0.0000127 0 0 0.0174089 0.0168295 0.0174089 0.0168295
52294 0.0000033 0.0000032 0 0 0.0041795 0.0040444 0.0041795 0.0040444
52295 0.0000046 0.0000044 0 0 0.0058239 0.0056373 0.0058239 0.0056373
52296 0.0000028 0.0000027 0 0 0.0034458 0.0033370 0.0034458 0.0033370
52302 0.0000083 0.0000078 0 0 0.0204453 0.0192515 0 0
52303 0.0000028 0.0000026 0 0 0.0060713 0.0057428 0.0060713 0.0057428
52304 0.0000047 0.0000045 0 0 0.0099477 0.0094265 0.0099477 0.0094265
52308 0.0000028 0.0000027 0 0 0.0053670 0.0051109 0.0053670 0.0051109
52309 0.0000051 0.0000049 0 0 0.0095435 0.0090985 0.0095435 0.0090985
52314 0.0000116 0.0000111 0 0 0.0204373 0.0195430 0.0204373 0.0195430
52317 0.0000031 0.0000029 0 0 0.0051162 0.0049179 0.0051162 0.0049179
52318 0.0000091 0.0000088 0 0 0.0137915 0.0132658 0.0137915 0.0132658
52319 0.0000062 0.0000060 0 0 0.0091916 0.0088486 0.0091916 0.0088486
52323 0.0000279 0.0000269 0 0 0.0383789 0.0370834 0.0383789 0.0370834
52324 0.0000067 0.0000065 0 0 0.0087015 0.0084171 0.0087015 0.0084171
52325 0.0000205 0.0000199 0 0 0.0258102 0.0249968 0.0258102 0.0249968
52326 0.0000101 0.0000098 0 0 0.0122554 0.0118786 0.0122554 0.0118786
52327 0.0000038 0.0000037 0 0 0.0044344 0.0043021 0.0044344 0.0043021
52343 0.0000043 0.0000040 0 0 0.0101508 0.0095800 0.0050754 0.0047900
52344 0.0000080 0.0000076 0 0 0.0190508 0.0180540 0.0095254 0.0090270
52345 0.0000260 0.0000248 0 0 0.0616408 0.0587932 0.0308204 0.0293966
52346 0.0000266 0.0000255 0 0 0.0447992 0.0429708 0.0447992 0.0429708
52347 0.0000044 0.0000042 0 0 0.0067807 0.0065170 0.0067807 0.0065170
52348 0.0000191 0.0000184 0 0 0.0284410 0.0273929 0.0284410 0.0273929
52349 0.0000279 0.0000269 0 0 0.0392123 0.0378501 0.0392123 0.0378501
52357 0.0000034 0.0000033 0 0 0.0042845 0.0041465 0.0042845 0.0041465
52359 0.0000103 0.0000100 0 0 0.0128518 0.0124459 0.0128518 0.0124459
52360 0.0000237 0.0000230 0 0 0.0287031 0.0278336 0.0287031 0.0278336
52361 0.0000314 0.0000305 0 0 0.0366338 0.0355691 0.0366338 0.0355691
52365 0.0000298 0.0000282 0 0 0.0704151 0.0667019 0.0704151 0.0667019
52366 0.0000315 0.0000301 0 0 0.0591614 0.0565253 0.0591614 0.0565253
52367 0.0000046 0.0000044 0 0 0.0076424 0.0073238 0.0076424 0.0073238
52368 0.0000071 0.0000068 0 0 0.0116863 0.0112098 0.0116863 0.0112098
52369 0.0000069 0.0000066 0 0 0.0108503 0.0104187 0.0108503 0.0104187
52370 0.0000326 0.0000314 0 0 0.0493544 0.0475237 0.0493544 0.0475237
52371 0.0000318 0.0000307 0 0 0.0447205 0.0431690 0.0447205 0.0431690
52372 0.0000088 0.0000085 0 0 0.0116909 0.0113016 0.0116909 0.0113016
52378 0.0000038 0.0000036 0 0 0.0046837 0.0045375 0.0046837 0.0045375
52380 0.0000183 0.0000177 0 0 0.0221992 0.0215234 0.0221992 0.0215234
52381 0.0000039 0.0000038 0 0 0.0046967 0.0045564 0.0046967 0.0045564
52382 0.0000130 0.0000126 0 0 0.0151713 0.0147239 0.0151713 0.0147239
52391 0.0000254 0.0000241 0 0 0.0547082 0.0519680 0.0547082 0.0519680
52392 0.0000092 0.0000088 0 0 0.0164638 0.0157280 0.0164638 0.0157280
52393 0.0000076 0.0000073 0 0 0.0128663 0.0123199 0.0128663 0.0123199
52394 0.0000059 0.0000056 0 0 0.0095822 0.0091891 0.0095822 0.0091891
52395 0.0000038 0.0000037 0 0 0.0057676 0.0055484 0.0057676 0.0055484
52396 0.0000040 0.0000039 0 0 0.0060394 0.0058136 0.0060394 0.0058136
52401 0.0000286 0.0000276 0 0 0.0385076 0.0372342 0.0385076 0.0372342
52402 0.0000059 0.0000057 0 0 0.0073240 0.0070940 0.0073240 0.0070940
52403 0.0000141 0.0000137 0 0 0.0175772 0.0170365 0.0175772 0.0170365
52405 0.0000089 0.0000086 0 0 0.0106174 0.0102981 0.0106174 0.0102981
52406 0.0000100 0.0000097 0 0 0.0119452 0.0115915 0.0119452 0.0115915
52410 0.0000081 0.0000077 0 0 0.0186059 0.0175833 0.0186059 0.0175833
52411 0.0000057 0.0000054 0 0 0.0116759 0.0110864 0.0116759 0.0110864
52412 0.0000293 0.0000280 0 0 0.0601976 0.0575019 0.0601976 0.0575019
52413 0.0000321 0.0000308 0 0 0.0524092 0.0503444 0.0524092 0.0503444
52414 0.0000028 0.0000027 0 0 0.0040807 0.0039279 0.0040807 0.0039279
52415 0.0000081 0.0000078 0 0 0.0115070 0.0110947 0.0115070 0.0110947
52417 0 0 0 0 0 0 0 0
52418 0.0000025 0.0000024 0 0 0.0034979 0.0033811 0.0034979 0.0033811
52419 0.0000081 0.0000078 0 0 0.0111923 0.0108243 0.0111923 0.0108243
52420 0.0000201 0.0000195 0 0 0.0278188 0.0269641 0.0278188 0.0269641
52421 0.0000114 0.0000111 0 0 0.0157804 0.0153136 0.0157804 0.0153136
52422 0.0000127 0.0000124 0 0 0.0176246 0.0171142 0.0176246 0.0171142
52423 0.0000077 0.0000075 0 0 0.0107002 0.0103989 0.0107002 0.0103989
52424 0.0000031 0.0000030 0 0 0.0043267 0.0042061 0.0043267 0.0042061
52431 0.0000108 0.0000102 0 0 0.0265844 0.0250698 0.0132922 0.0125349
52432 0.0000028 0.0000026 0 0 0.0068420 0.0064860 0.0034210 0.0032430
52433 0.0000250 0.0000239 0 0 0.0618178 0.0589316 0.0309089 0.0294658
52434 0.0000175 0.0000168 0 0 0.0431557 0.0413665 0.0215779 0.0206833
52436 0.0000014 0.0000013 0 0 0.0034402 0.0033045 0.0017201 0.0016523
52437 0.0000102 0.0000098 0 0 0.0152938 0.0147268 0.0152938 0.0147268
52438 0.0000211 0.0000204 0 0 0.0317331 0.0306045 0.0317331 0.0306045
52440 0.0000033 0.0000032 0 0 0.0044967 0.0043439 0.0044967 0.0043439
52441 0.0000070 0.0000068 0 0 0.0094209 0.0091048 0.0094209 0.0091048
52442 0.0000031 0.0000030 0 0 0.0041738 0.0040355 0.0041738 0.0040355
52443 0.0000074 0.0000071 0 0 0.0095505 0.0092374 0.0095505 0.0092374
52444 0.0000039 0.0000038 0 0 0.0049337 0.0047775 0.0049337 0.0047775
52446 0.0000074 0.0000072 0 0 0.0094017 0.0091081 0.0094017 0.0091081
52447 0.0000026 0.0000025 0 0 0.0033185 0.0032158 0.0033185 0.0032158
52449 0.0000045 0.0000044 0 0 0.0057155 0.0055463 0.0057155 0.0055463
52452 0.0000303 0.0000287 0 0 0.0714619 0.0676739 0 0
52453 0.0000082 0.0000078 0 0 0.0153595 0.0146406 0.0153595 0.0146406
52454 0.0000140 0.0000134 0 0 0.0252502 0.0241278 0.0126252 0.0120640
52455 0.0000055 0.0000053 0 0 0.0098986 0.0094753 0.0049493 0.0047377
52456 0.0000057 0.0000054 0 0 0.0091649 0.0087928 0.0091649 0.0087928
52458 0.0000179 0.0000172 0 0 0.0274228 0.0263799 0.0274228 0.0263799
52459 0.0000087 0.0000084 0 0 0.0123949 0.0119564 0.0123949 0.0119564
52460 0.0000168 0.0000162 0 0 0.0226666 0.0219025 0.0226666 0.0219025
52461 0.0000069 0.0000067 0 0 0.0090287 0.0087314 0.0090287 0.0087314
52462 0.0000119 0.0000115 0 0 0.0150574 0.0145781 0.0150574 0.0145781
52463 0.0000332 0.0000322 0 0 0.0420166 0.0407373 0.0420166 0.0407373
52466 0.0000279 0.0000264 0 0 0.0729792 0.0689470 0 0
52467 0.0000225 0.0000215 0 0 0.0588549 0.0562431 0 0
52468 0.0000150 0.0000144 0 0 0.0391554 0.0375960 0 0
52469 0.0000322 0.0000311 0 0 0.0464747 0.0448313 0.0464747 0.0448313
52470 0.0000179 0.0000173 0 0 0.0257828 0.0249202 0.0257828 0.0249202
52471 0.0000228 0.0000221 0 0 0.0328821 0.0318267 0.0328821 0.0318267
52472 0.0000029 0.0000029 0 0 0.0042434 0.0041127 0.0042434 0.0041127
52474 0.0000320 0.0000310 0 0 0.0379872 0.0368644 0.0379872 0.0368644
52475 0.0000111 0.0000108 0 0 0.0131616 0.0127847 0.0131616 0.0127847
52481 0.0000216 0.0000208 0 0 0.0343624 0.0331287 0 0
52482 0.0000164 0.0000159 0 0 0.0209732 0.0203238 0.0209732 0.0203238
52484 0.0000229 0.0000222 0 0 0.0261895 0.0254617 0.0261895 0.0254617
52485 0.0000125 0.0000121 0 0 0.0129924 0.0126536 0.0129924 0.0126536
52486 0.0000216 0.0000211 0 0 0.0209911 0.0204849 0.0209911 0.0204849
52491 0.0000217 0.0000212 0 0 0.0190129 0.0186015 0.0190129 0.0186015
52492 0.0000077 0.0000076 0 0 0.0064183 0.0062835 0.0064183 0.0062835
52493 0.0000111 0.0000109 0 0 0.0090426 0.0088565 0.0090426 0.0088565
52494 0.0000318 0.0000312 0 0 0.0246833 0.0242075 0.0246833 0.0242075
52495 0.0000193 0.0000189 0 0 0.0142469 0.0139808 0.0142469 0.0139808
52508 0.0000033 0.0000031 0 0 0.0069817 0.0066211 0 0
52518 0.0000310 0.0000295 0 0 0.0635834 0.0605471 0 0
52519 0.0000319 0.0000306 0 0 0.0557541 0.0534105 0 0
52520 0.0000061 0.0000058 0 0 0.0095422 0.0091641 0.0095422 0.0091641
52521 0.0000207 0.0000199 0 0 0.0313931 0.0302102 0.0313931 0.0302102
52522 0.0000263 0.0000253 0 0 0.0380121 0.0366512 0.0380121 0.0366512
52538 0.0000027 0.0000026 0 0 0.0035202 0.0034053 0.0035202 0.0034053
52539 0.0000321 0.0000311 0 0 0.0405744 0.0392996 0.0405744 0.0392996
52540 0.0000255 0.0000248 0 0 0.0306208 0.0297038 0.0306208 0.0297038
52558 0.0000105 0.0000099 0 0 0.0221384 0.0210063 0 0
52575 0.0000251 0.0000242 0 0 0.0454716 0.0438076 0.0454716 0.0438076
52576 0.0000101 0.0000098 0 0 0.0182944 0.0176834 0.0182944 0.0176834
52579 0.0000226 0.0000220 0 0 0.0271247 0.0263466 0.0271247 0.0263466
52580 0.0000131 0.0000127 0 0 0.0156787 0.0152421 0.0156787 0.0152421
52581 0.0000311 0.0000303 0 0 0.0335363 0.0326286 0.0335363 0.0326286
52584 0.0000037 0.0000035 0 0 0.0088765 0.0083685 0 0
52585 0.0000039 0.0000037 0 0 0.0082524 0.0078173 0 0
52586 0.0000314 0.0000300 0 0 0.0590388 0.0564389 0 0
52592 0.0000124 0.0000119 0 0 0.0189304 0.0182091 0 0
52593 0.0000238 0.0000230 0 0 0.0345369 0.0332999 0.0345369 0.0332999
52594 0.0000325 0.0000315 0 0 0.0431947 0.0417711 0.0215972 0.0208854
52595 0.0000066 0.0000064 0 0 0.0082646 0.0080012 0.0082646 0.0080012
52596 0.0000115 0.0000111 0 0 0.0144557 0.0140004 0.0144557 0.0140004
52610 0.0000292 0.0000278 0 0 0.0596544 0.0568384 0 0
52611 0.0000116 0.0000111 0 0 0.0205248 0.0196192 0.0205248 0.0196192
52613 0.0000323 0.0000310 0 0 0.0528733 0.0507530 0 0
52614 0.0000130 0.0000125 0 0 0.0198076 0.0190527 0.0198076 0.0190527
52615 0.0000057 0.0000055 0 0 0.0084296 0.0081155 0.0084296 0.0081155
52616 0.0000159 0.0000153 0 0 0.0227150 0.0218992 0.0227150 0.0218992
52617 0.0000321 0.0000310 0 0 0.0440784 0.0425736 0.0440784 0.0425736
52618 0.0000042 0.0000040 0 0 0.0054434 0.0052629 0.0027217 0.0026314
52619 0.0000122 0.0000118 0 0 0.0156254 0.0151205 0.0156254 0.0151205
52623 0.0000300 0.0000284 0 0 0.0371201 0.0350885 0 0
52624 0.0000251 0.0000240 0 0 0.0310566 0.0296230 0 0
52625 0.0000197 0.0000189 0 0 0.0243775 0.0233697 0 0
52626 0.0000200 0.0000192 0 0 0.0247017 0.0237699 0 0
52627 0.0000184 0.0000178 0 0 0.0228047 0.0220048 0 0
52628 0.0000149 0.0000144 0 0 0.0183671 0.0177624 0 0
52629 0.0000092 0.0000089 0 0 0.0114177 0.0110599 0 0
52637 0.0000308 0.0000293 0 0 0.0630372 0.0600755 0.0630372 0.0600755
52638 0.0000160 0.0000154 0 0 0.0272341 0.0260977 0.0272341 0.0260977
52639 0.0000206 0.0000198 0 0 0.0322051 0.0309598 0.0322051 0.0309598
52640 0.0000320 0.0000308 0 0 0.0463851 0.0447387 0.0231925 0.0223693
52641 0.0000317 0.0000307 0 0 0.0425474 0.0411402 0.0425474 0.0411402
52642 0.0000314 0.0000304 0 0 0.0393439 0.0381236 0.0393439 0.0381236
52643 0.0000274 0.0000266 0 0 0.0309898 0.0301124 0.0309898 0.0301124
52649 0.0000302 0.0000287 0 0 0.0648612 0.0616918 0 0
52650 0.0000315 0.0000302 0 0 0.0554294 0.0530935 0.0554294 0.0530935
52651 0.0000133 0.0000128 0 0 0.0208694 0.0200555 0 0
52652 0.0000317 0.0000305 0 0 0.0465752 0.0448940 0.0465752 0.0448940
52656 0.0000063 0.0000061 0 0 0.0082880 0.0080145 0.0082880 0.0080145
52658 0.0000111 0.0000107 0 0 0.0141296 0.0136743 0.0141296 0.0136743
52659 0.0000319 0.0000309 0 0 0.0390605 0.0378707 0.0390605 0.0378707
52660 0.0000115 0.0000111 0 0 0.0133723 0.0129782 0.0133723 0.0129782
52661 0.0000318 0.0000309 0 0 0.0364197 0.0353800 0.0364197 0.0353800
52662 0.0000111 0.0000108 0 0 0.0121136 0.0117785 0.0121136 0.0117785
52664 0.0000100 0.0000097 0 0 0.0100695 0.0098119 0.0100695 0.0098119
52665 0.0000047 0.0000046 0 0 0.0047043 0.0045850 0.0047043 0.0045850
52677 0.0000145 0.0000139 0 0 0.0272486 0.0260724 0 0
52678 0.0000073 0.0000070 0 0 0.0115019 0.0110524 0 0
52679 0.0000310 0.0000299 0 0 0.0464474 0.0448002 0.0464474 0.0448002
52680 0.0000285 0.0000276 0 0 0.0371289 0.0359498 0.0371289 0.0359498
52682 0.0000032 0.0000031 0 0 0.0035271 0.0034274 0.0035271 0.0034274
52684 0.0000317 0.0000308 0 0 0.0342794 0.0333612 0.0342794 0.0333612
52685 0.0000050 0.0000048 0 0 0.0050573 0.0049265 0.0050573 0.0049265
52690 0.0000158 0.0000154 0 0 0.0151659 0.0148000 0.0151659 0.0148000
52691 0.0000121 0.0000118 0 0 0.0112243 0.0109611 0.0112243 0.0109611
52692 0.0000156 0.0000153 0 0 0.0141925 0.0138667 0.0141925 0.0138667
52702 0.0000281 0.0000267 0 0 0.0637069 0.0605413 0 0
52703 0.0000315 0.0000302 0 0 0.0551387 0.0528376 0.0551387 0.0528376
52704 0.0000037 0.0000035 0 0 0.0056577 0.0054367 0.0056577 0.0054367
52705 0.0000041 0.0000040 0 0 0.0060833 0.0058565 0.0060833 0.0058565
52706 0.0000317 0.0000305 0 0 0.0452317 0.0436420 0.0452317 0.0436420
52707 0.0000070 0.0000068 0 0 0.0093847 0.0090735 0.0093847 0.0090735
52717 0.0000278 0.0000264 0 0 0.0670032 0.0636104 0 0
52718 0.0000038 0.0000036 0 0 0.0070090 0.0066857 0 0
52719 0.0000267 0.0000255 0 0 0.0474386 0.0453998 0.0474386 0.0453998
52721 0.0000323 0.0000311 0 0 0.0495325 0.0476488 0.0495325 0.0476488
52724 0.0000270 0.0000261 0 0 0.0365326 0.0353166 0.0365326 0.0353166
52725 0.0000111 0.0000107 0 0 0.0140334 0.0135835 0.0140334 0.0135835
52726 0.0000069 0.0000067 0 0 0.0085929 0.0083225 0.0085929 0.0083225
52728 0.0000065 0.0000063 0 0 0.0079565 0.0077114 0.0079565 0.0077114
52747 0.0000151 0.0000144 0 0 0.0284432 0.0271423 0.0284432 0.0271423
52749 0.0000316 0.0000303 0 0 0.0530192 0.0508918 0.0530192 0.0508918
52751 0.0000321 0.0000309 0 0 0.0462982 0.0446607 0.0462982 0.0446607
52752 0.0000175 0.0000169 0 0 0.0234591 0.0226729 0.0234591 0.0226729
52753 0.0000053 0.0000051 0 0 0.0068512 0.0066271 0.0068512 0.0066271
52754 0.0000303 0.0000293 0 0 0.0386317 0.0374104 0.0386317 0.0374104
52755 0.0000320 0.0000310 0 0 0.0380019 0.0368782 0.0380019 0.0368782
52756 0.0000232 0.0000226 0 0 0.0263230 0.0255748 0.0263230 0.0255748
52760 0.0000298 0.0000284 0 0 0.0640659 0.0609393 0 0
52761 0.0000164 0.0000157 0 0 0.0280203 0.0268472 0 0
52777 0.0000093 0.0000088 0 0 0.0077852 0.0073338 0 0
52778 0.0000312 0.0000297 0 0 0.0668793 0.0635422 0.0668793 0.0635422
52779 0.0000273 0.0000262 0 0 0.0497127 0.0475418 0.0497127 0.0475418
52780 0.0000103 0.0000099 0 0 0.0167139 0.0160325 0.0167139 0.0160325
52781 0.0000323 0.0000311 0 0 0.0489089 0.0470856 0.0244544 0.0235428
52782 0.0000323 0.0000311 0 0 0.0458560 0.0442384 0.0458560 0.0442384
52783 0.0000051 0.0000049 0 0 0.0068170 0.0065841 0.0068170 0.0065841
52784 0.0000132 0.0000128 0 0 0.0175076 0.0169236 0.0175076 0.0169236
52785 0.0000319 0.0000309 0 0 0.0413685 0.0400354 0.0413685 0.0400354
52786 0.0000103 0.0000100 0 0 0.0127632 0.0123648 0.0127632 0.0123648
52805 0.0000130 0.0000125 0 0 0 0 0 0
52811 0.0000013 0.0000012 0 0 0.0012004 0.0011558 0.0048016 0.0046231
52813 0.0000064 0.0000062 0 0 0 0 0.0128782 0.0124155
52814 0.0000199 0.0000192 0 0 0.0274737 0.0265332 0.0274737 0.0265332
52815 0.0000316 0.0000306 0 0 0.0413360 0.0400100 0.0413360 0.0400100
52816 0.0000149 0.0000145 0 0 0.0180741 0.0175245 0.0180741 0.0175245
52819 0.0000317 0.0000308 0 0 0.0355995 0.0346034 0.0355995 0.0346034
52844 0.0000305 0.0000289 0 0 0.0665986 0.0631487 0 0
52845 0.0000312 0.0000297 0 0 0.0600568 0.0572272 0.0600568 0.0572272
52846 0.0000031 0.0000029 0 0 0.0055139 0.0052642 0.0055139 0.0052642
52847 0.0000312 0.0000299 0 0 0.0546440 0.0522854 0.0546440 0.0522854
52848 0.0000308 0.0000296 0 0 0.0507107 0.0486552 0.0507107 0.0486552
52849 0.0000161 0.0000155 0 0 0.0249188 0.0239539 0.0249188 0.0239539
52850 0.0000311 0.0000299 0 0 0.0463062 0.0445766 0.0463062 0.0445766
52851 0.0000222 0.0000214 0 0 0.0320549 0.0308935 0.0320549 0.0308935
52857 0.0000283 0.0000269 0 0 0.0647531 0.0616077 0 0
52858 0.0000309 0.0000296 0 0 0.0530786 0.0509080 0.0530786 0.0509080
52859 0.0000106 0.0000102 0 0 0.0160910 0.0154873 0.0160910 0.0154873
52873 0.0000297 0.0000284 0 0 0.0576355 0.0551344 0 0
52874 0.0000227 0.0000218 0 0 0.0363414 0.0349241 0.0363414 0.0349241
52875 0.0000127 0.0000123 0 0 0.0187004 0.0180144 0.0093502 0.0090072
52876 0.0000320 0.0000309 0 0 0.0442424 0.0427488 0.0442424 0.0427488
52877 0.0000330 0.0000319 0 0 0.0417332 0.0404296 0.0417332 0.0404296
52878 0.0000197 0.0000191 0 0 0.0235097 0.0228097 0.0235097 0.0228097
52879 0.0000038 0.0000036 0 0 0.0042758 0.0041523 0.0042758 0.0041523
52880 0.0000324 0.0000315 0 0 0.0364781 0.0354550 0.0364781 0.0354550
52881 0.0000155 0.0000151 0 0 0.0167666 0.0163070 0.0167666 0.0163070
52887 0.0000248 0.0000236 0 0 0.0522602 0.0497506 0 0
52888 0.0000302 0.0000290 0 0 0.0527918 0.0505868 0 0
52889 0.0000222 0.0000213 0 0 0.0344740 0.0331451 0.0344740 0.0331451
52890 0.0000235 0.0000227 0 0 0.0340979 0.0328991 0.0340979 0.0328991
52895 0.0000122 0.0000116 0 0 0.0267189 0.0254263 0 0
52896 0.0000109 0.0000105 0 0 0.0239419 0.0229071 0 0
52897 0.0000150 0.0000144 0 0 0.0327886 0.0314832 0 0
52898 0.0000066 0.0000064 0 0 0.0144431 0.0139011 0 0
52900 0.0000061 0.0000059 0 0 0.0087786 0.0084609 0.0087786 0.0084609
52901 0.0000042 0.0000041 0 0 0.0060832 0.0058671 0.0060832 0.0058671
52902 0.0000099 0.0000095 0 0 0.0134339 0.0129721 0.0134339 0.0129721
52905 0.0000033 0.0000031 0 0 0.0082234 0.0077275 0 0
52910 0.0000183 0.0000175 0 0 0.0450770 0.0429239 0 0
52911 0.0000318 0.0000304 0 0 0.0575887 0.0550455 0.0575887 0.0550455
52912 0.0000319 0.0000306 0 0 0.0523547 0.0502329 0.0523547 0.0502329
52917 0.0000128 0.0000123 0 0 0.0210181 0.0202113 0.0210181 0.0202113
53046 0.0000089 0.0000084 0 0 0.0203887 0.0192635 0 0
53047 0.0000312 0.0000297 0 0 0.0649997 0.0618305 0.0649997 0.0618305
53048 0.0000245 0.0000235 0 0 0.0438671 0.0419542 0.0438671 0.0419542
53049 0.0000056 0.0000054 0 0 0.0091377 0.0087622 0.0091377 0.0087622
53050 0.0000328 0.0000315 0 0 0.0515358 0.0495553 0.0515358 0.0495553
53052 0.0000031 0.0000030 0 0 0.0044301 0.0042683 0.0044301 0.0042683
53053 0.0000106 0.0000102 0 0 0.0150689 0.0145286 0.0150689 0.0145286
53054 0.0000263 0.0000254 0 0 0.0365420 0.0352774 0.0365420 0.0352774
53055 0.0000169 0.0000163 0 0 0.0221363 0.0214090 0.0221363 0.0214090
53056 0.0000040 0.0000039 0 0 0.0052580 0.0050883 0.0052580 0.0050883
53057 0.0000057 0.0000055 0 0 0.0074539 0.0072157 0.0074539 0.0072157
53058 0.0000128 0.0000124 0 0 0.0167822 0.0162548 0.0167822 0.0162548
53059 0.0000066 0.0000064 0 0 0.0086624 0.0083969 0.0086624 0.0083969
53062 0.0000054 0.0000051 0 0 0.0114102 0.0107925 0 0
53064 0.0000038 0.0000036 0 0 0.0081112 0.0077273 0 0
53065 0.0000263 0.0000252 0 0 0.0559307 0.0535583 0 0
53066 0.0000226 0.0000217 0 0 0.0480613 0.0462714 0 0
53067 0.0000020 0.0000019 0 0 0.0041880 0.0040454 0 0
53068 0.0000168 0.0000162 0 0 0.0356867 0.0345286 0 0
53069 0.0000093 0.0000090 0 0 0.0114458 0.0110906 0.0114458 0.0110906
53070 0.0000231 0.0000224 0 0 0.0278321 0.0269970 0.0278321 0.0269970
53071 0.0000084 0.0000082 0 0 0.0096764 0.0093955 0.0096764 0.0093955
53073 0.0000051 0.0000050 0 0 0.0056263 0.0054699 0.0056263 0.0054699
53074 0.0000055 0.0000054 0 0 0.0060998 0.0059351 0.0060998 0.0059351
53076 0.0000289 0.0000281 0 0 0.0301526 0.0293665 0.0301526 0.0293665
53079 0.0000277 0.0000264 0 0 0.0611451 0.0583094 0 0
53081 0.0000309 0.0000297 0 0 0.0496509 0.0477850 0.0496509 0.0477850
53082 0.0000081 0.0000078 0 0 0.0110787 0.0106952 0.0110787 0.0106952
53165 0.0000292 0.0000277 0 0 0.0660968 0.0627896 0 0
53166 0.0000184 0.0000176 0 0 0.0331249 0.0316694 0.0331249 0.0316694
53167 0.0000222 0.0000213 0 0 0.0372280 0.0356877 0.0372280 0.0356877
53168 0.0000106 0.0000102 0 0 0.0167113 0.0160523 0.0167113 0.0160523
53169 0.0000308 0.0000297 0 0 0.0486340 0.0468223 0.0486340 0.0468223
53170 0.0000183 0.0000177 0 0 0.0259518 0.0250321 0.0259518 0.0250321
53171 0.0000288 0.0000279 0 0 0.0384889 0.0372067 0.0384889 0.0372067
53172 0.0000204 0.0000197 0 0 0.0259066 0.0250802 0.0259066 0.0250802
53173 0.0000028 0.0000027 0 0 0.0034092 0.0033021 0.0034092 0.0033021
53174 0.0000273 0.0000265 0 0 0.0335556 0.0325250 0.0335556 0.0325250
53194 0.0000294 0.0000283 0 0 0.0472048 0.0453850 0.0472048 0.0453850
53195 0.0000109 0.0000105 0 0 0.0174437 0.0168111 0.0174437 0.0168111
53197 0.0000086 0.0000083 0 0 0.0138425 0.0133789 0.0138425 0.0133789
53198 0.0000033 0.0000032 0 0 0.0052639 0.0050909 0.0052639 0.0050909
53199 0.0000217 0.0000210 0 0 0.0348277 0.0337207 0.0348277 0.0337207
53200 0.0000244 0.0000237 0 0 0.0295406 0.0286623 0.0295406 0.0286623
53201 0.0000030 0.0000030 0 0 0.0034239 0.0033264 0.0034239 0.0033264
53202 0.0000254 0.0000247 0 0 0.0285765 0.0277755 0.0285765 0.0277755
53203 0.0000049 0.0000048 0 0 0.0055049 0.0053539 0.0055049 0.0053539
53204 0.0000080 0.0000078 0 0 0.0086137 0.0083797 0.0086137 0.0083797
53205 0.0000057 0.0000055 0 0 0.0060393 0.0058762 0.0060393 0.0058762
53210 0.0000221 0.0000210 0 0 0.0498644 0.0473334 0 0
53211 0.0000315 0.0000301 0 0 0.0573791 0.0548836 0.0573791 0.0548836
53212 0.0000131 0.0000125 0 0 0.0209918 0.0201504 0.0209918 0.0201504
53213 0.0000205 0.0000197 0 0 0.0313613 0.0301699 0.0313613 0.0301699
53216 0.0000111 0.0000107 0 0 0.0160823 0.0154974 0.0160823 0.0154974
53217 0.0000109 0.0000105 0 0 0.0153625 0.0148170 0.0153625 0.0148170
53218 0.0000127 0.0000122 0 0 0.0178815 0.0172623 0.0178815 0.0172623
53219 0.0000322 0.0000311 0 0 0.0431658 0.0417233 0.0431658 0.0417233
53220 0.0000317 0.0000307 0 0 0.0400686 0.0388100 0.0400686 0.0388100
53221 0.0000059 0.0000057 0 0 0.0070790 0.0068621 0.0070790 0.0068621
53223 0.0000168 0.0000163 0 0 0.0199626 0.0193615 0.0199626 0.0193615
53224 0.0000215 0.0000208 0 0 0.0255522 0.0248025 0.0255522 0.0248025
53225 0.0000070 0.0000068 0 0 0.0078848 0.0076572 0.0078848 0.0076572
53226 0.0000260 0.0000253 0 0 0.0290587 0.0282416 0.0290587 0.0282416
53227 0.0000272 0.0000265 0 0 0.0295016 0.0286989 0.0295016 0.0286989
53236 0.0000052 0.0000049 0 0 0.0115354 0.0109201 0 0
53237 0.0000087 0.0000083 0 0 0.0158712 0.0151659 0.0158712 0.0151659
53239 0.0000122 0.0000117 0 0 0.0222106 0.0212936 0.0222106 0.0212936
53240 0.0000274 0.0000264 0 0 0.0498797 0.0479723 0.0498797 0.0479723
53241 0.0000087 0.0000084 0 0 0.0124326 0.0119860 0.0124326 0.0119860
53242 0.0000313 0.0000303 0 0 0.0428128 0.0413888 0.0428128 0.0413888
53243 0.0000038 0.0000037 0 0 0.0047682 0.0046178 0.0047682 0.0046178
53244 0.0000226 0.0000219 0 0 0.0282752 0.0273990 0.0282752 0.0273990
53246 0.0000169 0.0000164 0 0 0.0201987 0.0195924 0.0201987 0.0195924
53247 0.0000254 0.0000246 0 0 0.0291591 0.0283202 0.0291591 0.0283202
53248 0.0000038 0.0000037 0 0 0.0042114 0.0040937 0.0042114 0.0040937
53249 0.0000100 0.0000098 0 0 0.0110842 0.0107765 0.0110842 0.0107765
53282 0.0000044 0.0000042 0 0 0.0089669 0.0085258 0.0029889 0.0028419
53287 0.0000032 0.0000030 0 0 0.0054400 0.0052051 0.0054400 0.0052051
53289 0.0000143 0.0000137 0 0 0.0246087 0.0236251 0.0246087 0.0236251
53290 0.0000267 0.0000257 0 0 0.0404320 0.0389576 0.0404320 0.0389576
53291 0.0000122 0.0000118 0 0 0.0163261 0.0157787 0.0163261 0.0157787
53292 0.0000025 0.0000025 0 0 0.0034131 0.0033010 0.0034131 0.0033010
53293 0.0000317 0.0000307 0 0 0.0406338 0.0393565 0.0406338 0.0393565
53296 0.0000031 0.0000030 0 0 0.0036251 0.0035167 0.0036251 0.0035167
53297 0.0000265 0.0000257 0 0 0.0312088 0.0303031 0.0312088 0.0303031
53299 0.0000317 0.0000309 0 0 0.0345114 0.0335781 0.0345114 0.0335781
53300 0.0000160 0.0000156 0 0 0.0164872 0.0160589 0.0164872 0.0160589
53301 0.0000070 0.0000068 0 0 0.0070563 0.0068765 0.0070563 0.0068765
53304 0.0000266 0.0000254 0 0 0.0611941 0.0583087 0 0
53305 0.0000303 0.0000292 0 0 0.0478938 0.0461404 0.0478938 0.0461404
53306 0.0000213 0.0000207 0 0 0.0282864 0.0273716 0.0282864 0.0273716
53307 0.0000316 0.0000307 0 0 0.0376805 0.0365836 0.0376805 0.0365836
53308 0.0000144 0.0000140 0 0 0.0157498 0.0153181 0.0157498 0.0153181
53309 0.0000123 0.0000120 0 0 0.0130088 0.0126625 0.0130088 0.0126625
53310 0.0000141 0.0000138 0 0 0.0140391 0.0136867 0.0140391 0.0136867
53311 0.0000055 0.0000054 0 0 0.0052871 0.0051584 0.0052871 0.0051584
53312 0.0000221 0.0000216 0 0 0.0209289 0.0204312 0.0209289 0.0204312
53313 0.0000259 0.0000253 0 0 0.0236802 0.0231347 0.0236802 0.0231347
53314 0.0000297 0.0000290 0 0 0.0263819 0.0257914 0.0263819 0.0257914
53315 0.0000067 0.0000065 0 0 0.0057646 0.0056378 0.0057646 0.0056378
53329 0.0000029 0.0000028 0 0 0.0034215 0.0032341 0 0
53330 0.0000027 0.0000026 0 0 0.0031608 0.0030006 0 0
53331 0.0000051 0.0000049 0 0 0.0060007 0.0057120 0 0
53332 0.0000237 0.0000227 0 0 0.0276694 0.0265154 0 0
53333 0.0000303 0.0000292 0 0 0.0453810 0.0437374 0.0453810 0.0437374
53334 0.0000032 0.0000031 0 0 0.0042944 0.0041467 0.0042944 0.0041467
53335 0.0000040 0.0000039 0 0 0.0054938 0.0053070 0.0054938 0.0053070
53336 0.0000322 0.0000312 0 0 0.0420385 0.0406848 0.0420385 0.0406848
53337 0.0000135 0.0000131 0 0 0.0165409 0.0160312 0.0165409 0.0160312
53338 0.0000060 0.0000058 0 0 0.0073021 0.0070809 0.0073021 0.0070809
53339 0.0000293 0.0000285 0 0 0.0358656 0.0348137 0.0358656 0.0348137
53340 0.0000056 0.0000054 0 0 0.0062162 0.0060393 0.0062162 0.0060393
53341 0.0000321 0.0000312 0 0 0.0352022 0.0342410 0.0352022 0.0342410
53342 0.0000114 0.0000111 0 0 0.0119093 0.0115942 0.0119093 0.0115942
53343 0.0000106 0.0000103 0 0 0.0108869 0.0106043 0.0108869 0.0106043
53346 0.0000262 0.0000250 0 0 0.0300890 0.0286929 0 0
53347 0.0000311 0.0000299 0 0 0.0498143 0.0479125 0.0498143 0.0479125
53348 0.0000094 0.0000090 0 0 0.0132536 0.0127831 0.0132536 0.0127831
53349 0.0000092 0.0000089 0 0 0.0125237 0.0120976 0.0125237 0.0120976
53350 0.0000192 0.0000186 0 0 0.0241417 0.0233835 0.0241417 0.0233835
53364 0.0000061 0.0000058 0 0 0.0131979 0.0125120 0 0
53365 0.0000301 0.0000288 0 0 0.0579851 0.0554572 0.0579851 0.0554572
53366 0.0000189 0.0000182 0 0 0.0295738 0.0284421 0.0295738 0.0284421
53367 0.0000255 0.0000246 0 0 0.0370125 0.0356998 0.0370125 0.0356998
53368 0.0000320 0.0000309 0 0 0.0421166 0.0407545 0.0421166 0.0407545
53369 0.0000038 0.0000037 0 0 0.0046743 0.0045295 0.0046743 0.0045295
53370 0.0000237 0.0000230 0 0 0.0286780 0.0278149 0.0286780 0.0278149
53373 0.0000038 0.0000037 0 0 0.0042710 0.0041498 0.0042710 0.0041498
53374 0.0000026 0.0000025 0 0 0.0028353 0.0027567 0.0028353 0.0027567
53375 0.0000062 0.0000061 0 0 0.0067426 0.0065575 0.0067426 0.0065575
53376 0.0000183 0.0000178 0 0 0.0195375 0.0190128 0.0195375 0.0190128
53377 0.0000022 0.0000022 0 0 0.0023310 0.0022695 0.0023310 0.0022695
53378 0.0000067 0.0000065 0 0 0.0068744 0.0066945 0.0068744 0.0066945
53379 0.0000109 0.0000106 0 0 0.0111179 0.0108313 0.0111179 0.0108313
53383 0.0000227 0.0000216 0 0 0.0495872 0.0471739 0 0
53385 0.0000308 0.0000296 0 0 0.0527006 0.0505726 0.0527006 0.0505726
53386 0.0000238 0.0000229 0 0 0.0353622 0.0340752 0.0353622 0.0340752
53387 0.0000314 0.0000304 0 0 0.0425097 0.0410996 0.0425097 0.0410996
53388 0.0000309 0.0000300 0 0 0.0388230 0.0376199 0.0388230 0.0376199
53389 0.0000157 0.0000153 0 0 0.0185097 0.0179625 0.0185097 0.0179625
53390 0.0000056 0.0000054 0 0 0.0063602 0.0061761 0.0063602 0.0061761
53391 0.0000281 0.0000274 0 0 0.0315487 0.0306678 0.0315487 0.0306678
53392 0.0000123 0.0000119 0 0 0.0130838 0.0127319 0.0130838 0.0127319
53393 0.0000299 0.0000291 0 0 0.0312025 0.0303884 0.0312025 0.0303884
53394 0.0000075 0.0000073 0 0 0.0075530 0.0073611 0.0075530 0.0073611
53397 0.0000309 0.0000302 0 0 0.0302407 0.0295046 0.0302407 0.0295046
53398 0.0000163 0.0000159 0 0 0.0152183 0.0148590 0.0152183 0.0148590
53403 0.0000288 0.0000275 0 0 0.0589279 0.0562557 0.0589279 0.0562557
53404 0.0000311 0.0000299 0 0 0.0503342 0.0483848 0.0503342 0.0483848
53405 0.0000332 0.0000321 0 0 0.0478544 0.0461778 0.0478544 0.0461778
53406 0.0000044 0.0000042 0 0 0.0056472 0.0054622 0.0056472 0.0054622
53407 0.0000315 0.0000305 0 0 0.0401934 0.0389265 0.0401934 0.0389265
53408 0.0000271 0.0000263 0 0 0.0325073 0.0315368 0.0325073 0.0315368
53409 0.0000076 0.0000074 0 0 0.0087019 0.0084500 0.0087019 0.0084500
53410 0.0000278 0.0000270 0 0 0.0309166 0.0300569 0.0309166 0.0300569
53411 0.0000103 0.0000100 0 0 0.0109719 0.0106764 0.0109719 0.0106764
53423 0.0000280 0.0000268 0 0 0.0571401 0.0546382 0.0285700 0.0273191
53424 0.0000053 0.0000051 0 0 0.0081862 0.0078652 0.0081862 0.0078652
53425 0.0000028 0.0000027 0 0 0.0042076 0.0040461 0.0042076 0.0040461
53426 0.0000314 0.0000303 0 0 0.0466830 0.0450096 0.0466830 0.0450096
53427 0.0000036 0.0000034 0 0 0.0047001 0.0045430 0.0047001 0.0045430
53428 0.0000311 0.0000301 0 0 0.0400023 0.0387354 0.0400023 0.0387354
53429 0.0000153 0.0000149 0 0 0.0182553 0.0177089 0.0182553 0.0177089
53435 0.0000187 0.0000182 0 0 0.0210011 0.0204097 0.0210011 0.0204097
53436 0.0000036 0.0000035 0 0 0.0039135 0.0038067 0.0039135 0.0038067
53450 0.0000390 0.0000375 0 0 0.0612819 0.0589617 0.0612819 0.0589617
53451 0.0000118 0.0000114 0 0 0.0163208 0.0157550 0.0163208 0.0157550
53452 0.0000268 0.0000259 0 0 0.0359343 0.0347429 0.0359343 0.0347429
53453 0.0000213 0.0000206 0 0 0.0272030 0.0263356 0.0272030 0.0263356
53454 0.0000092 0.0000089 0 0 0.0112118 0.0108657 0.0112118 0.0108657
53455 0.0000099 0.0000096 0 0 0.0119303 0.0115680 0.0119303 0.0115680
53456 0.0000313 0.0000304 0 0 0.0366458 0.0355800 0.0366458 0.0355800
53457 0.0000262 0.0000255 0 0 0.0293151 0.0284952 0.0293151 0.0284952
53464 0.0000302 0.0000288 0 0 0.0575288 0.0550148 0.0575288 0.0550148
53465 0.0000112 0.0000108 0 0 0.0176504 0.0169614 0.0176504 0.0169614
53466 0.0000299 0.0000289 0 0 0.0449132 0.0432791 0.0449132 0.0432791
53467 0.0000028 0.0000027 0 0 0.0037925 0.0036612 0.0037925 0.0036612
53468 0.0000312 0.0000302 0 0 0.0421813 0.0408058 0.0421813 0.0408058
53469 0.0000074 0.0000071 0 0 0.0090969 0.0088128 0.0090969 0.0088128
53470 0.0000271 0.0000263 0 0 0.0320953 0.0311493 0.0320953 0.0311493
53471 0.0000054 0.0000053 0 0 0.0061473 0.0059712 0.0061473 0.0059712
53472 0.0000316 0.0000307 0 0 0.0348485 0.0338909 0.0348485 0.0338909
53473 0.0000124 0.0000121 0 0 0.0130307 0.0126857 0.0130307 0.0126857
53474 0.0000063 0.0000061 0 0 0.0064627 0.0062940 0.0064627 0.0062940
53475 0.0000030 0.0000029 0 0 0.0030993 0.0030190 0.0030993 0.0030190
53482 0.0000217 0.0000208 0 0 0.0400221 0.0382968 0.0400221 0.0382968
53483 0.0000200 0.0000193 0 0 0.0314513 0.0302491 0.0314513 0.0302491
53488 0.0000063 0.0000061 0 0 0.0087105 0.0084079 0.0087105 0.0084079
53489 0.0000070 0.0000067 0 0 0.0096795 0.0093500 0.0096795 0.0093500
53490 0.0000314 0.0000304 0 0 0.0408413 0.0395357 0.0408413 0.0395357
53491 0.0000278 0.0000270 0 0 0.0337010 0.0326879 0.0337010 0.0326879
53492 0.0000099 0.0000096 0 0 0.0113315 0.0110030 0.0113315 0.0110030
53493 0.0000218 0.0000212 0 0 0.0236044 0.0229634 0.0236044 0.0229634
53494 0.0000078 0.0000076 0 0 0.0081463 0.0079301 0.0081463 0.0079301
53505 0.0000083 0.0000079 0 0 0.0176481 0.0167552 0.0176481 0.0167552
53510 0.0000309 0.0000297 0 0 0.0546691 0.0524279 0.0546691 0.0524279
53511 0.0000158 0.0000152 0 0 0.0232360 0.0223911 0.0232360 0.0223911
53512 0.0000208 0.0000200 0 0 0.0288696 0.0278793 0.0288696 0.0278793
53513 0.0000117 0.0000113 0 0 0.0152569 0.0147670 0.0152569 0.0147670
53514 0.0000153 0.0000148 0 0 0.0189320 0.0183456 0.0189320 0.0183456
53515 0.0000317 0.0000307 0 0 0.0376819 0.0365754 0.0376819 0.0365754
53516 0.0000145 0.0000141 0 0 0.0162368 0.0157808 0.0162368 0.0157808
53517 0.0000042 0.0000041 0 0 0.0045169 0.0043939 0.0045169 0.0043939
53518 0.0000099 0.0000097 0 0 0.0105436 0.0102608 0.0105436 0.0102608
53519 0.0000152 0.0000148 0 0 0.0153700 0.0149781 0.0153700 0.0149781
53520 0.0000027 0.0000026 0 0 0.0026242 0.0025582 0.0026242 0.0025582
53530 0.0000276 0.0000266 0 0 0.0488854 0.0470408 0.0488854 0.0470408
53531 0.0000194 0.0000188 0 0 0.0254008 0.0245922 0.0254008 0.0245922
53532 0.0000111 0.0000107 0 0 0.0132397 0.0128440 0.0132397 0.0128440
53533 0.0000107 0.0000104 0 0 0.0123193 0.0119647 0.0123193 0.0119647
53534 0.0000067 0.0000065 0 0 0.0071752 0.0069823 0.0071752 0.0069823
53536 0.0000316 0.0000308 0 0 0.0304949 0.0297694 0.0304949 0.0297694
53537 0.0000164 0.0000160 0 0 0.0147013 0.0143696 0.0147013 0.0143696
53538 0.0000137 0.0000134 0 0 0.0124793 0.0121904 0.0124793 0.0121904
53539 0.0000166 0.0000163 0 0 0.0149167 0.0145790 0.0149167 0.0145790
53540 0.0000243 0.0000237 0 0 0.0212615 0.0207941 0.0212615 0.0207941
53547 0.0000055 0.0000053 0 0 0.0098449 0.0094156 0.0098449 0.0094156
53550 0.0000311 0.0000300 0 0 0.0459149 0.0442825 0.0459149 0.0442825
53551 0.0000189 0.0000183 0 0 0.0251953 0.0243605 0.0251953 0.0243605
53552 0.0000107 0.0000103 0 0 0.0142796 0.0137973 0.0142796 0.0137973
53553 0.0000108 0.0000104 0 0 0.0141169 0.0136477 0.0141169 0.0136477
53554 0.0000180 0.0000174 0 0 0.0232104 0.0224593 0.0232104 0.0224593
53555 0.0000057 0.0000056 0 0 0.0071598 0.0069333 0.0071598 0.0069333
53556 0.0000277 0.0000269 0 0 0.0342002 0.0331485 0.0342002 0.0331485
53557 0.0000062 0.0000060 0 0 0.0072847 0.0070673 0.0072847 0.0070673
53558 0.0000311 0.0000302 0 0 0.0358099 0.0347813 0.0358099 0.0347813
53559 0.0000090 0.0000087 0 0 0.0103631 0.0100733 0.0103631 0.0100733
53571 0.0000202 0.0000193 0 0 0.0398764 0.0380880 0.0132921 0.0126960
53578 0.0000275 0.0000263 0 0 0.0594481 0.0566934 0 0
53579 0.0000306 0.0000294 0 0 0.0493671 0.0474750 0.0493671 0.0474750
53580 0.0000211 0.0000204 0 0 0.0297645 0.0287361 0.0297645 0.0287361
53581 0.0000295 0.0000285 0 0 0.0381256 0.0369168 0.0381256 0.0369168
53582 0.0000313 0.0000304 0 0 0.0377487 0.0366268 0.0377487 0.0366268
53583 0.0000047 0.0000045 0 0 0.0052698 0.0051191 0.0052698 0.0051191
53585 0.0000035 0.0000034 0 0 0.0036458 0.0035483 0.0036458 0.0035483
53586 0.0000312 0.0000304 0 0 0.0327384 0.0318836 0.0327384 0.0318836
53587 0.0000062 0.0000060 0 0 0.0061979 0.0060399 0.0061979 0.0060399
53590 0.0000040 0.0000038 0 0 0.0079398 0.0075632 0.0039699 0.0037816
53592 0.0000210 0.0000202 0 0 0.0414512 0.0398723 0.0207256 0.0199362
53593 0.0000097 0.0000093 0 0 0.0135345 0.0130626 0.0135345 0.0130626
53594 0.0000119 0.0000115 0 0 0.0166611 0.0161278 0.0166611 0.0161278
53595 0.0000315 0.0000305 0 0 0.0382913 0.0371444 0.0382913 0.0371444
53596 0.0000310 0.0000301 0 0 0.0352698 0.0342764 0.0352698 0.0342764
53600 0.0000126 0.0000122 0 0 0.0134562 0.0130974 0.0134562 0.0130974
53601 0.0000308 0.0000300 0 0 0.0315108 0.0307055 0.0315108 0.0307055
53603 0.0000176 0.0000171 0 0 0.0171559 0.0167332 0.0171559 0.0167332
53616 0.0000034 0.0000032 0 0 0.0049900 0.0048257 0.0049900 0.0048257
53617 0.0000039 0.0000038 0 0 0.0049581 0.0047993 0.0049581 0.0047993
53618 0.0000094 0.0000091 0 0 0.0118526 0.0114816 0.0118526 0.0114816
53619 0.0000176 0.0000171 0 0 0.0210882 0.0204564 0.0210882 0.0204564
53620 0.0000303 0.0000295 0 0 0.0363371 0.0353070 0.0363371 0.0353070
53622 0.0000039 0.0000038 0 0 0.0041852 0.0040709 0.0041852 0.0040709
53623 0.0000122 0.0000119 0 0 0.0132606 0.0129042 0.0132606 0.0129042
53624 0.0000266 0.0000259 0 0 0.0273975 0.0266919 0.0273975 0.0266919
53625 0.0000097 0.0000094 0 0 0.0094500 0.0092154 0.0094500 0.0092154
53630 0.0000171 0.0000162 0 0 0.0380293 0.0360556 0 0
53631 0.0000111 0.0000106 0 0 0.0205534 0.0196129 0.0205534 0.0196129
53632 0.0000132 0.0000127 0 0 0.0228567 0.0218772 0.0228567 0.0218772
53634 0.0000068 0.0000065 0 0 0.0112411 0.0107776 0.0112411 0.0107776
53636 0.0000074 0.0000071 0 0 0.0117659 0.0112974 0.0117659 0.0112974
53637 0.0000103 0.0000099 0 0 0.0158073 0.0152009 0.0158073 0.0152009
53638 0.0000110 0.0000106 0 0 0.0164177 0.0158033 0.0164177 0.0158033
53639 0.0000200 0.0000193 0 0 0.0280941 0.0271030 0.0280941 0.0271030
53640 0.0000218 0.0000211 0 0 0.0296060 0.0286004 0.0296060 0.0286004
53646 0.0000077 0.0000073 0 0 0.0170956 0.0161775 0 0
53647 0.0000116 0.0000110 0 0 0.0235248 0.0223583 0.0078416 0.0074527
53648 0.0000310 0.0000296 0 0 0.0581326 0.0555293 0.0581326 0.0555293
53649 0.0000088 0.0000085 0 0 0.0148415 0.0142167 0.0148415 0.0142167
53650 0.0000096 0.0000092 0 0 0.0157187 0.0150726 0.0157187 0.0150726
53651 0.0000040 0.0000038 0 0 0.0064566 0.0061956 0.0064566 0.0061956
53652 0.0000290 0.0000279 0 0 0.0452911 0.0435394 0.0452911 0.0435394
53667 0.0000122 0.0000118 0 0 0.0173372 0.0167199 0.0173372 0.0167199
53668 0.0000272 0.0000263 0 0 0.0386719 0.0373443 0.0386719 0.0373443
53669 0.0000071 0.0000068 0 0 0.0092980 0.0089891 0.0092980 0.0089891
53670 0.0000037 0.0000036 0 0 0.0046739 0.0045236 0.0046739 0.0045236
53671 0.0000122 0.0000119 0 0 0.0149203 0.0144616 0.0149203 0.0144616
53672 0.0000101 0.0000098 0 0 0.0119922 0.0116309 0.0119922 0.0116309
53673 0.0000028 0.0000027 0 0 0.0032231 0.0031278 0.0032231 0.0031278
53680 0.0000290 0.0000276 0 0 0.0633333 0.0602606 0 0
53681 0.0000312 0.0000299 0 0 0.0541127 0.0518659 0.0541127 0.0518659
53685 0.0000085 0.0000082 0 0 0.0126554 0.0121810 0.0126554 0.0121810
53686 0.0000215 0.0000208 0 0 0.0309610 0.0298565 0.0309610 0.0298565
53705 0.0000258 0.0000245 0 0 0.0647794 0.0614809 0 0
53706 0.0000023 0.0000022 0 0 0.0057951 0.0055403 0 0
53707 0.0000303 0.0000291 0 0 0.0518877 0.0498042 0.0518877 0.0498042
53708 0.0000047 0.0000045 0 0 0.0068688 0.0066152 0.0068688 0.0066152
53709 0.0000120 0.0000116 0 0 0.0175907 0.0169619 0.0175907 0.0169619
53710 0.0000313 0.0000303 0 0 0.0421354 0.0407519 0.0421354 0.0407519
53711 0.0000035 0.0000034 0 0 0.0043597 0.0042236 0.0043597 0.0042236
53712 0.0000309 0.0000300 0 0 0.0381458 0.0369993 0.0381458 0.0369993
53713 0.0000128 0.0000125 0 0 0.0147153 0.0142904 0.0147153 0.0142904
53714 0.0000132 0.0000128 0 0 0.0145497 0.0141410 0.0145497 0.0141410
53716 0.0000058 0.0000056 0 0 0.0062709 0.0060987 0.0062709 0.0060987
53717 0.0000266 0.0000259 0 0 0.0288997 0.0281247 0.0288997 0.0281247
53719 0.0000114 0.0000111 0 0 0.0123604 0.0120388 0.0123604 0.0120388
53720 0.0000033 0.0000032 0 0 0.0033323 0.0032468 0.0033323 0.0032468
53722 0.0000166 0.0000162 0 0 0.0166431 0.0162231 0.0166431 0.0162231
53723 0.0000061 0.0000059 0 0 0.0059298 0.0057823 0.0059298 0.0057823
53724 0.0000234 0.0000228 0 0 0.0229141 0.0223596 0.0229141 0.0223596
53735 0.0000283 0.0000270 0 0 0.0632135 0.0601012 0 0
53736 0.0000313 0.0000299 0 0 0.0558502 0.0534413 0.0558502 0.0534413
53737 0.0000111 0.0000107 0 0 0.0180376 0.0173056 0.0180376 0.0173056
53738 0.0000314 0.0000302 0 0 0.0483326 0.0465068 0.0483326 0.0465068
53739 0.0000314 0.0000303 0 0 0.0450222 0.0434247 0.0450222 0.0434247
53740 0.0000170 0.0000164 0 0 0.0230308 0.0222469 0.0230308 0.0222469
53741 0.0000029 0.0000028 0 0 0.0037937 0.0036682 0.0037937 0.0036682
53742 0.0000029 0.0000028 0 0 0.0038164 0.0036909 0.0038164 0.0036909
53743 0.0000223 0.0000216 0 0 0.0286803 0.0277548 0.0286803 0.0277548
53744 0.0000275 0.0000266 0 0 0.0342734 0.0332033 0.0342734 0.0332033
53752 0.0000277 0.0000262 0 0 0.0664441 0.0630281 0 0
53753 0.0000145 0.0000138 0 0 0.0266324 0.0254237 0.0266324 0.0254237
53754 0.0000205 0.0000196 0 0 0.0377484 0.0361372 0.0377484 0.0361372
53755 0.0000185 0.0000177 0 0 0.0299979 0.0287883 0.0299979 0.0287883
53756 0.0000156 0.0000150 0 0 0.0238582 0.0229451 0.0238582 0.0229451
53757 0.0000094 0.0000091 0 0 0.0139221 0.0134040 0.0139221 0.0134040
53758 0.0000310 0.0000299 0 0 0.0456994 0.0440626 0.0456994 0.0440626
53759 0.0000284 0.0000274 0 0 0.0388609 0.0375345 0.0388609 0.0375345
53761 0.0000233 0.0000226 0 0 0.0291387 0.0282242 0.0291387 0.0282242
53768 0.0000110 0.0000104 0 0 0.0251057 0.0237446 0 0
53769 0.0000293 0.0000279 0 0 0.0599747 0.0570783 0.0599747 0.0570783
53770 0.0000171 0.0000164 0 0 0.0307075 0.0293487 0.0307075 0.0293487
53771 0.0000314 0.0000301 0 0 0.0532852 0.0510796 0.0532852 0.0510796
53772 0.0000315 0.0000303 0 0 0.0487294 0.0468710 0.0487294 0.0468710
53773 0.0000181 0.0000174 0 0 0.0262434 0.0252883 0.0262434 0.0252883
53774 0.0000313 0.0000302 0 0 0.0437368 0.0422190 0.0437368 0.0422190
53775 0.0000132 0.0000127 0 0 0.0173532 0.0167769 0.0173532 0.0167769
53776 0.0000050 0.0000049 0 0 0.0064725 0.0062621 0.0064725 0.0062621
53780 0.0000239 0.0000225 0 0 0.0589650 0.0556888 0 0
53781 0.0000310 0.0000296 0 0 0.0623888 0.0594016 0.0311943 0.0297007
53782 0.0000266 0.0000255 0 0 0.0473505 0.0452882 0.0473505 0.0452882
53783 0.0000136 0.0000130 0 0 0.0222178 0.0213091 0.0222178 0.0213091
53784 0.0000305 0.0000293 0 0 0.0498970 0.0479474 0.0498970 0.0479474
53785 0.0000025 0.0000024 0 0 0.0037052 0.0035651 0.0037052 0.0035651
53786 0.0000312 0.0000301 0 0 0.0465830 0.0448692 0.0465830 0.0448692
53787 0.0000055 0.0000053 0 0 0.0078064 0.0075269 0.0078064 0.0075269
53788 0.0000097 0.0000094 0 0 0.0137607 0.0132813 0.0137607 0.0132813
53789 0.0000034 0.0000032 0 0 0.0047405 0.0045772 0.0047405 0.0045772
53790 0.0000048 0.0000047 0 0 0.0068307 0.0065969 0.0068307 0.0065969
53791 0.0000337 0.0000326 0 0 0.0450937 0.0435892 0.0450937 0.0435892
53793 0.0000070 0.0000068 0 0 0.0093892 0.0090845 0.0093892 0.0090845
53794 0.0000243 0.0000235 0 0 0.0325329 0.0314980 0.0325329 0.0314980
53795 0.0000135 0.0000130 0 0 0.0165340 0.0160202 0.0165340 0.0160202
53827 0.0000293 0.0000276 0 0 0.0739874 0.0697931 0 0
53828 0.0000312 0.0000296 0 0 0.0640215 0.0608647 0.0640215 0.0608647
53829 0.0000314 0.0000300 0 0 0.0581237 0.0555029 0.0581237 0.0555029
53830 0.0000277 0.0000265 0 0 0.0465925 0.0446477 0.0465925 0.0446477
53831 0.0000125 0.0000120 0 0 0.0199320 0.0191295 0.0199320 0.0191295
53832 0.0000308 0.0000296 0 0 0.0492980 0.0473804 0.0492980 0.0473804
53833 0.0000034 0.0000032 0 0 0.0050240 0.0048337 0.0050240 0.0048337
53834 0.0000306 0.0000295 0 0 0.0457355 0.0440675 0.0457355 0.0440675
53835 0.0000038 0.0000036 0 0 0.0056244 0.0054242 0.0056244 0.0054242
53836 0.0000140 0.0000135 0 0 0.0209559 0.0202195 0.0209559 0.0202195
53852 0.0000144 0.0000136 0 0 0.0340019 0.0321701 0 0
53853 0.0000087 0.0000083 0 0 0.0176421 0.0167662 0.0176421 0.0167662
53854 0.0000307 0.0000293 0 0 0.0588537 0.0561316 0.0588537 0.0561316
53855 0.0000221 0.0000211 0 0 0.0383319 0.0366859 0.0383319 0.0366859
53856 0.0000085 0.0000082 0 0 0.0138590 0.0132920 0.0138590 0.0132920
53857 0.0000070 0.0000067 0 0 0.0113085 0.0108559 0.0113085 0.0108559
53860 0.0000303 0.0000292 0 0 0.0467248 0.0449723 0.0467248 0.0449723
53861 0.0000181 0.0000175 0 0 0.0260246 0.0250852 0.0260246 0.0250852
53862 0.0000307 0.0000297 0 0 0.0426193 0.0411454 0.0426193 0.0411454
53864 0.0000182 0.0000176 0 0 0.0242534 0.0234427 0.0242534 0.0234427
RN   Bit10Corr  Bit10UC   Bit18Corr  Bit18UC   Bit22Corr  Bit22UC (units pb^-1)

Totals: 0.01377 0.01317 2.64043 2.45798 20.60846 19.74258  pb^-1
(int) 0
