
Processing get_luminosity_182630.C("listrunnumber.txt",0,1,1)...
RN   Bit10Corr  Bit10UC   Bit18Corr  Bit18UC   Bit22Corr  Bit22UC   Bit30Corr  Bit30UC (units pb^-1)

47289 0.0000359 0.0000317 0.0150254 0.0132609 0.0150254 0.0132609 0.0150254 0.0132609
47291 0.0000245 0.0000217 0.0102347 0.0090585 0.0102347 0.0090585 0.0102347 0.0090585
47293 0.0000268 0.0000238 0.0112042 0.0099398 0.0112042 0.0099398 0.0112042 0.0099398
47306 0.0000323 0.0000289 0.0117332 0.0104870 0.0117332 0.0104870 0.0117332 0.0104870
47310 0.0000900 0.0000809 0.0315160 0.0283226 0.0315160 0.0283226 0.0315160 0.0283226
47313 0.0001681 0.0001525 0.0532901 0.0483508 0.0532901 0.0483508 0.0532901 0.0483508
47314 0.0001192 0.0001088 0.0352841 0.0321955 0.0352841 0.0321955 0.0352841 0.0321955
47315 0.0000426 0.0000389 0.0085582 0.0078287 0.0085582 0.0078287 0.0085582 0.0078287
47316 0.0001029 0.0000943 0.0155417 0.0142420 0.0155417 0.0142420 0.0155417 0.0142420
47333 0.0000316 0.0000286 0.0103219 0.0093535 0.0103219 0.0093535 0.0103219 0.0093535
47334 0.0000644 0.0000586 0.0210721 0.0191594 0.0210721 0.0191594 0.0210721 0.0191594
47357 0.0000642 0.0000591 0.0084094 0.0077434 0.0084094 0.0077434 0.0084094 0.0077434
47360 0.0002650 0.0002447 0.0304727 0.0281445 0.0304727 0.0281445 0.0304727 0.0281445
47363 0.0003915 0.0003633 0.0407160 0.0377840 0.0407160 0.0377840 0.0407160 0.0377840
47376 0.0001699 0.0001533 0.0321024 0.0289801 0.0321024 0.0289801 0.0321024 0.0289801
47377 0.0000676 0.0000614 0.0110937 0.0100616 0.0110937 0.0100616 0.0110937 0.0100616
47378 0.0003338 0.0003048 0.0514126 0.0469376 0.0514126 0.0469376 0.0514126 0.0469376
47379 0.0000912 0.0000836 0.0120357 0.0110299 0.0120357 0.0110299 0.0120357 0.0110299
47380 0.0000353 0.0000324 0.0045180 0.0041455 0.0045180 0.0041455 0.0045180 0.0041455
47381 0.0001038 0.0000953 0.0130750 0.0120111 0.0130750 0.0120111 0.0130750 0.0120111
47382 0.0000648 0.0000597 0.0077057 0.0071020 0.0077057 0.0071020 0.0077057 0.0071020
47391 0.0001778 0.0001598 0.0277445 0.0249281 0.0277445 0.0249281 0.0277445 0.0249281
47393 0.0000393 0.0000355 0.0072284 0.0065275 0.0072284 0.0065275 0.0072284 0.0065275
47394 0.0000367 0.0000332 0.0067476 0.0061045 0.0067476 0.0061045 0.0067476 0.0061045
47395 0.0001398 0.0001268 0.0236212 0.0214375 0.0236212 0.0214375 0.0236212 0.0214375
47396 0.0001835 0.0001674 0.0310183 0.0282861 0.0310183 0.0282861 0.0310183 0.0282861
47440 0.0003805 0.0003422 0.0616353 0.0554300 0.0616353 0.0554300 0.0616353 0.0554300
47443 0.0001303 0.0001181 0.0211144 0.0191244 0.0211144 0.0191244 0.0211144 0.0191244
47454 0.0002146 0.0001937 0.0474223 0.0427977 0.0474223 0.0427977 0.0474223 0.0427977
47455 0.0000283 0.0000257 0.0044077 0.0040027 0.0044077 0.0040027 0.0044077 0.0040027
47457 0.0001629 0.0001485 0.0254128 0.0231670 0.0254128 0.0231670 0.0254128 0.0231670
47458 0.0003219 0.0002950 0.0502231 0.0460244 0.0502231 0.0460244 0.0502231 0.0460244
47459 0.0000303 0.0000278 0.0047191 0.0043394 0.0047191 0.0043394 0.0047191 0.0043394
47461 0.0003800 0.0003507 0.0436946 0.0403307 0.0436946 0.0403307 0.0436946 0.0403307
47462 0.0000730 0.0000675 0.0077338 0.0071578 0.0077338 0.0071578 0.0077338 0.0071578
47463 0.0003480 0.0003228 0.0358401 0.0332526 0.0358401 0.0332526 0.0358401 0.0332526
47464 0.0001435 0.0001335 0.0147779 0.0137464 0.0147779 0.0137464 0.0147779 0.0137464
47474 0.0001311 0.0001163 0.0260931 0.0231488 0.0260931 0.0231488 0.0260931 0.0231488
47478 0.0003254 0.0002958 0.0602066 0.0547237 0.0602066 0.0547237 0.0602066 0.0547237
47480 0.0001529 0.0001406 0.0198803 0.0182754 0.0198803 0.0182754 0.0198803 0.0182754
47481 0.0000411 0.0000379 0.0046005 0.0042461 0.0046005 0.0042461 0.0046005 0.0042461
47482 0.0000691 0.0000639 0.0074628 0.0069014 0.0074628 0.0069014 0.0074628 0.0069014
47484 0.0000638 0.0000591 0.0065062 0.0060328 0.0065062 0.0060328 0.0065062 0.0060328
47485 0.0000714 0.0000665 0.0064934 0.0060495 0.0064934 0.0060495 0.0064934 0.0060495
47489 0.0004415 0.0004138 0.0375298 0.0351736 0.0375298 0.0351736 0.0375298 0.0351736
47491 0.0004633 0.0004365 0.0338239 0.0318679 0.0338239 0.0318679 0.0338239 0.0318679
47492 0.0001347 0.0001272 0.0090229 0.0085206 0.0090229 0.0085206 0.0090229 0.0085206
47494 0.0000495 0.0000468 0.0032156 0.0030396 0.0032156 0.0030396 0.0032156 0.0030396
47495 0.0003399 0.0003218 0.0220903 0.0209186 0.0220903 0.0209186 0.0220903 0.0209186
47497 0.0000413 0.0000392 0.0026839 0.0025458 0.0026839 0.0025458 0.0026839 0.0025458
47501 0.0003493 0.0003085 0.0799819 0.0706426 0.0799819 0.0706426 0.0799819 0.0706426
47502 0.0002967 0.0002658 0.0679539 0.0608771 0.0679539 0.0608771 0.0679539 0.0608771
47503 0.0002455 0.0002217 0.0449225 0.0405656 0.0449225 0.0405656 0.0449225 0.0405656
47505 0.0000586 0.0000533 0.0089627 0.0081502 0.0089627 0.0081502 0.0089627 0.0081502
47506 0.0003324 0.0003034 0.0508527 0.0464167 0.0508527 0.0464167 0.0508527 0.0464167
47507 0.0001468 0.0001345 0.0224595 0.0205818 0.0224595 0.0205818 0.0224595 0.0205818
47509 0.0002067 0.0001900 0.0258386 0.0237513 0.0258386 0.0237513 0.0258386 0.0237513
47513 0.0000766 0.0000649 0.0293557 0.0248556 0.0293557 0.0248556 0.0293557 0.0248556
47514 0.0001150 0.0001009 0.0308121 0.0270370 0.0308121 0.0270370 0.0308121 0.0270370
47516 0.0002657 0.0002369 0.0711943 0.0634986 0.0711943 0.0634986 0.0711943 0.0634986
47517 0.0003145 0.0002838 0.0506335 0.0456982 0.0506335 0.0456982 0.0506335 0.0456982
47519 0.0001763 0.0001601 0.0238030 0.0216195 0.0238030 0.0216195 0.0238030 0.0216195
47521 0.0004148 0.0003799 0.0493565 0.0452103 0.0493565 0.0452103 0.0493565 0.0452103
47522 0.0001471 0.0001353 0.0155907 0.0143395 0.0155907 0.0143395 0.0155907 0.0143395
47524 0.0003059 0.0002822 0.0308955 0.0285006 0.0308955 0.0285006 0.0308955 0.0285006
47525 0.0000983 0.0000909 0.0093394 0.0086364 0.0093394 0.0086364 0.0093394 0.0086364
47540 0.0003250 0.0002910 0.0601175 0.0538295 0.0601175 0.0538295 0.0601175 0.0538295
47547 0.0000317 0.0000288 0.0044946 0.0040913 0.0044946 0.0040913 0.0044946 0.0040913
47548 0.0000551 0.0000502 0.0069418 0.0063250 0.0069418 0.0063250 0.0069418 0.0063250
47549 0.0002589 0.0002365 0.0326172 0.0297949 0.0326172 0.0297949 0.0326172 0.0297949
47552 0.0004001 0.0003673 0.0504182 0.0462742 0.0504182 0.0462742 0.0504182 0.0462742
47557 0.0001540 0.0001300 0.0576078 0.0486226 0.0576078 0.0486226 0.0576078 0.0486226
47568 0.0001523 0.0001344 0.0264923 0.0233795 0.0264923 0.0233795 0.0264923 0.0233795
47634 0.0000293 0.0000262 0.0318253 0.0284214 0.0318253 0.0284214 0.0318253 0.0284214
47635 0.0000461 0.0000415 0.0470812 0.0423663 0.0470812 0.0423663 0.0470812 0.0423663
47636 0.0000143 0.0000129 0.0145939 0.0131788 0.0145939 0.0131788 0.0145939 0.0131788
47637 0.0000503 0.0000456 0.0514274 0.0466019 0.0514274 0.0466019 0.0514274 0.0466019
47638 0.0000135 0.0000123 0.0122753 0.0111597 0.0122753 0.0111597 0.0122753 0.0111597
47650 0.0000206 0.0000170 0.0367396 0.0304447 0.0367396 0.0304447 0.0367396 0.0304447
47657 0.0000199 0.0000168 0.0322572 0.0272929 0.0322572 0.0272929 0.0322572 0.0272929
47658 0.0000437 0.0000376 0.0633496 0.0546151 0.0633496 0.0546151 0.0633496 0.0546151
47659 0.0000102 0.0000089 0.0134840 0.0117193 0.0134840 0.0117193 0.0134840 0.0117193
47661 0.0000259 0.0000226 0.0334773 0.0292636 0.0334773 0.0292636 0.0334773 0.0292636
47662 0.0000167 0.0000147 0.0205942 0.0180852 0.0205942 0.0180852 0.0205942 0.0180852
47664 0.0000324 0.0000286 0.0385677 0.0340628 0.0385677 0.0340628 0.0385677 0.0340628
47666 0.0000178 0.0000158 0.0195879 0.0174462 0.0195879 0.0174462 0.0195879 0.0174462
47667 0.0000207 0.0000185 0.0222712 0.0199031 0.0222712 0.0199031 0.0222712 0.0199031
47714 0.0000294 0.0000243 0.0555253 0.0457833 0.0555253 0.0457833 0.0555253 0.0457833
47715 0.0000094 0.0000078 0.0157219 0.0131470 0.0157219 0.0131470 0.0157219 0.0131470
47716 0.0000108 0.0000091 0.0172957 0.0145887 0.0172957 0.0145887 0.0172957 0.0145887
47719 0.0000149 0.0000128 0.0215780 0.0185456 0.0215780 0.0185456 0.0215780 0.0185456
47720 0.0000416 0.0000362 0.0571952 0.0497074 0.0571952 0.0497074 0.0571952 0.0497074
47721 0.0000054 0.0000047 0.0067863 0.0059390 0.0067863 0.0059390 0.0067863 0.0059390
47722 0.0000329 0.0000289 0.0408865 0.0359478 0.0408865 0.0359478 0.0408865 0.0359478
47723 0.0000352 0.0000312 0.0412842 0.0365520 0.0412842 0.0365520 0.0412842 0.0365520
47724 0.0000398 0.0000354 0.0443910 0.0395427 0.0443910 0.0395427 0.0443910 0.0395427
47725 0.0000114 0.0000102 0.0120921 0.0108187 0.0120921 0.0108187 0.0120921 0.0108187
47726 0.0000543 0.0000488 0.0562199 0.0505382 0.0562199 0.0505382 0.0562199 0.0505382
47727 0.0000265 0.0000239 0.0259128 0.0233938 0.0259128 0.0233938 0.0129564 0.0116969
47729 0.0000066 0.0000059 0.0062729 0.0056762 0.0062729 0.0056762 0.0062729 0.0056762
47730 0.0000079 0.0000071 0.0074012 0.0067041 0.0074012 0.0067041 0.0074012 0.0067041
47732 0.0000527 0.0000479 0.0487122 0.0442761 0.0487122 0.0442761 0.0487122 0.0442761
47733 0.0000519 0.0000474 0.0458488 0.0418528 0.0458488 0.0418528 0.0458488 0.0418528
47783 0.0000060 0.0000053 0.0079034 0.0069191 0.0079034 0.0069191 0.0079034 0.0069191
47831 0.0000079 0.0000070 0.0085877 0.0076520 0.0085877 0.0076520 0.0085877 0.0076520
47834 0.0000187 0.0000167 0.0201912 0.0180403 0.0201912 0.0180403 0.0201912 0.0180403
47889 0.0000470 0.0000399 0.0734416 0.0623928 0.0734416 0.0623928 0.0734416 0.0623928
47890 0.0000155 0.0000133 0.0227760 0.0194864 0.0227760 0.0194864 0.0227760 0.0194864
47892 0.0000286 0.0000246 0.0409919 0.0352466 0.0409919 0.0352466 0.0409919 0.0352466
47893 0.0000142 0.0000123 0.0190101 0.0165056 0.0190101 0.0165056 0.0190101 0.0165056
47940 0.0000020 0.0000016 0.0035911 0.0029550 0.0035911 0.0029550 0.0035911 0.0029550
47944 0.0000018 0.0000015 0.0029950 0.0025382 0.0029950 0.0025382 0.0029950 0.0025382
47946 0.0000013 0.0000012 0.0019244 0.0016518 0.0019244 0.0016518 0.0019244 0.0016518
47966 0.0000080 0.0000072 0.0099430 0.0089215 0.0099430 0.0089215 0.0099430 0.0089215
47972 0.0000366 0.0000335 0.0324697 0.0296911 0.0324697 0.0296911 0.0324697 0.0296911
47973 0.0000087 0.0000080 0.0070578 0.0064872 0.0070578 0.0064872 0.0070578 0.0064872
47975 0.0000038 0.0000035 0.0029717 0.0027358 0.0029717 0.0027358 0.0029717 0.0027358
47976 0.0000193 0.0000179 0.0147268 0.0136107 0.0147268 0.0136107 0.0147268 0.0136107
47977 0.0000048 0.0000045 0.0035073 0.0032509 0.0035073 0.0032509 0.0035073 0.0032509
47978 0.0000258 0.0000240 0.0184856 0.0171640 0.0184856 0.0171640 0.0184856 0.0171640
47979 0.0000189 0.0000176 0.0132146 0.0122897 0.0132146 0.0122897 0.0132146 0.0122897
47982 0.0000157 0.0000147 0.0105978 0.0098820 0.0105978 0.0098820 0.0105978 0.0098820
47998 0.0000121 0.0000101 0.0213527 0.0177643 0.0213527 0.0177643 0.0213527 0.0177643
47999 0.0000168 0.0000143 0.0264084 0.0224389 0.0264084 0.0224389 0.0264084 0.0224389
48001 0.0000142 0.0000122 0.0204979 0.0176279 0.0204979 0.0176279 0.0204979 0.0176279
48002 0.0000356 0.0000308 0.0514150 0.0445962 0.0514150 0.0445962 0.0514150 0.0445962
48008 0.0000248 0.0000219 0.0302486 0.0267205 0.0302486 0.0267205 0.0302486 0.0267205
48073 0.0000049 0.0000042 0.0084505 0.0073831 0.0084505 0.0073831 0.0084505 0.0073831
48076 0.0000205 0.0000182 0.0357228 0.0316481 0.0357228 0.0316481 0.0357228 0.0316481
48079 0.0000079 0.0000071 0.0085170 0.0076153 0.0085170 0.0076153 0.0085170 0.0076153
48082 0.0000088 0.0000079 0.0091264 0.0081854 0.0091264 0.0081854 0.0091264 0.0081854
48084 0.0000328 0.0000295 0.0332772 0.0299459 0.0332772 0.0299459 0.0332772 0.0299459
48085 0.0000127 0.0000115 0.0120808 0.0109355 0.0120808 0.0109355 0.0120808 0.0109355
48086 0.0000221 0.0000201 0.0203061 0.0184533 0.0203061 0.0184533 0.0203061 0.0184533
48088 0.0000273 0.0000237 0.0400897 0.0348078 0.0400897 0.0348078 0.0400897 0.0348078
48089 0.0000225 0.0000198 0.0272265 0.0240370 0.0272265 0.0240370 0.0272265 0.0240370
48097 0.0000107 0.0000097 0.0111405 0.0101156 0.0111405 0.0101156 0.0111405 0.0101156
48099 0.0000196 0.0000179 0.0178357 0.0162283 0.0178357 0.0162283 0.0178357 0.0162283
48166 0.0000439 0.0000399 0 0 0 0 0 0
48172 0.0001381 0.0001194 0 0 0 0 0 0
48176 0.0000243 0.0000215 0.0307754 0.0271813 0.0307754 0.0271813 0.0307754 0.0271813
48177 0.0000251 0.0000224 0.0281462 0.0250844 0.0281462 0.0250844 0.0281462 0.0250844
48179 0.0000208 0.0000187 0.0219512 0.0196932 0.0219512 0.0196932 0.0219512 0.0196932
48181 0.0000198 0.0000179 0.0208616 0.0188748 0.0208616 0.0188748 0.0208616 0.0188748
48185 0.0000083 0.0000075 0.0087395 0.0079514 0.0087395 0.0079514 0.0087395 0.0079514
48230 0.0000216 0.0000186 0.0060152 0.0051877 0.0030233 0.0026073 0.0029766 0.0025671
48233 0.0000081 0.0000072 0.0192322 0.0170095 0.0192322 0.0170095 0.0192322 0.0170095
48236 0.0000111 0.0000099 0.0235708 0.0210930 0.0235708 0.0210930 0.0235708 0.0210930
48237 0.0000152 0.0000137 0.0308933 0.0278006 0.0308933 0.0278006 0.0308933 0.0278006
48238 0.0000121 0.0000110 0.0232376 0.0210365 0.0232376 0.0210365 0.0232376 0.0210365
48239 0.0000113 0.0000103 0.0216499 0.0196552 0.0216499 0.0196552 0.0216499 0.0196552
48240 0.0000114 0.0000104 0.0218531 0.0198951 0.0218531 0.0198951 0.0218531 0.0198951
48244 0.0000575 0.0000525 0 0 0 0 0 0
48245 0.0000049 0.0000045 0.0083986 0.0076786 0.0083986 0.0076786 0.0083986 0.0076786
48246 0.0000137 0.0000125 0.0234157 0.0214446 0.0234157 0.0214446 0.0234157 0.0214446
48253 0.0000056 0.0000049 0.0144148 0.0126277 0.0144148 0.0126277 0.0072074 0.0063138
48255 0.0000155 0.0000138 0.0370700 0.0329641 0.0370700 0.0329641 0.0185350 0.0164821
48256 0.0000141 0.0000127 0.0337497 0.0303337 0.0337497 0.0303337 0.0168749 0.0151669
48257 0.0000130 0.0000118 0.0310669 0.0281173 0.0310669 0.0281173 0.0155334 0.0140586
48258 0.0000122 0.0000111 0.0291201 0.0264930 0.0291201 0.0264930 0.0145600 0.0132465
48259 0.0000073 0.0000066 0.0173682 0.0158585 0.0173682 0.0158585 0.0086841 0.0079292
48260 0.0000109 0.0000100 0.0259813 0.0238407 0.0259813 0.0238407 0.0129906 0.0119203
48261 0.0000031 0.0000029 0.0075084 0.0069044 0.0075084 0.0069044 0.0037542 0.0034522
48262 0.0000100 0.0000092 0.0238527 0.0220146 0.0238527 0.0220146 0.0119264 0.0110073
48263 0.0000073 0.0000067 0.0174471 0.0161373 0.0174471 0.0161373 0.0087235 0.0080687
48265 0.0000093 0.0000086 0.0221949 0.0205863 0.0221949 0.0205863 0.0110975 0.0102932
48290 0.0000165 0.0000147 0.0370978 0.0330071 0.0370978 0.0330071 0.0370978 0.0330071
48291 0.0000145 0.0000130 0.0304468 0.0272860 0.0304468 0.0272860 0.0304468 0.0272860
48293 0.0000140 0.0000126 0.0284536 0.0256014 0.0284536 0.0256014 0.0284536 0.0256014
48294 0.0000142 0.0000128 0.0277923 0.0250894 0.0277923 0.0250894 0.0277923 0.0250894
48295 0.0000070 0.0000064 0.0134336 0.0121540 0.0134336 0.0121540 0.0134336 0.0121540
48307 0.0000023 0.0000021 0.0054631 0.0048331 0.0054631 0.0048331 0.0054631 0.0048331
48312 0.0000156 0.0000140 0.0330134 0.0296532 0.0330134 0.0296532 0.0330134 0.0296532
48313 0.0000076 0.0000069 0.0148722 0.0134329 0.0148722 0.0134329 0.0148722 0.0134329
48318 0.0000025 0.0000022 0.0044611 0.0040592 0.0044611 0.0040592 0.0044611 0.0040592
48320 0.0000070 0.0000064 0.0124702 0.0113673 0.0124702 0.0113673 0.0124702 0.0113673
48323 0.0000140 0.0000129 0.0235341 0.0215859 0.0235341 0.0215859 0.0235341 0.0215859
48324 0.0000123 0.0000113 0.0198441 0.0182632 0.0198441 0.0182632 0.0198441 0.0182632
48325 0.0000130 0.0000120 0.0209314 0.0193170 0.0209314 0.0193170 0.0209314 0.0193170
48326 0.0000070 0.0000065 0.0113301 0.0104773 0.0113301 0.0104773 0.0113301 0.0104773
48327 0.0000017 0.0000016 0.0027672 0.0025700 0.0027672 0.0025700 0.0027672 0.0025700
48336 0.0000068 0.0000060 0.0159644 0.0141028 0.0159644 0.0141028 0.0159644 0.0141028
48337 0.0000030 0.0000027 0.0070632 0.0062624 0.0070632 0.0062624 0.0070632 0.0062624
48341 0.0000024 0.0000022 0.0057101 0.0050867 0.0057101 0.0050867 0.0057101 0.0050867
48342 0.0000107 0.0000095 0.0227464 0.0203470 0.0227464 0.0203470 0.0227464 0.0203470
48343 0.0000040 0.0000036 0.0083009 0.0074521 0.0083009 0.0074521 0.0083009 0.0074521
48346 0.0000135 0.0000122 0.0265476 0.0239614 0.0265476 0.0239614 0.0265476 0.0239614
48347 0.0000026 0.0000023 0.0119876 0.0108455 0.0119876 0.0108455 0.0119876 0.0108455
48348 0.0000137 0.0000124 0.0253836 0.0230454 0.0253836 0.0230454 0.0253836 0.0230454
48349 0.0000034 0.0000031 0.0062196 0.0056565 0.0062196 0.0056565 0.0062196 0.0056565
48352 0.0000122 0.0000111 0.0213183 0.0194560 0.0213183 0.0194560 0.0213183 0.0194560
48356 0.0000160 0.0000140 0.0408053 0.0359008 0.0408053 0.0359008 0.0408053 0.0359008
48358 0.0000151 0.0000135 0.0319578 0.0286533 0.0319578 0.0286533 0.0319578 0.0286533
48359 0.0000148 0.0000134 0.0296816 0.0267614 0.0296816 0.0267614 0.0296816 0.0267614
48366 0.0000133 0.0000122 0.0228761 0.0209235 0.0228761 0.0209235 0.0228761 0.0209235
48367 0.0000140 0.0000128 0.0232921 0.0213645 0.0232921 0.0213645 0.0232921 0.0213645
48368 0.0000136 0.0000125 0.0225654 0.0207461 0.0225654 0.0207461 0.0225654 0.0207461
48369 0.0000110 0.0000102 0.0183675 0.0169194 0.0183675 0.0169194 0.0183675 0.0169194
48398 0.0000049 0.0000043 0.0122486 0.0107633 0.0122486 0.0107633 0.0122486 0.0107633
48409 0.0000141 0.0000126 0.0304251 0.0272231 0.0304251 0.0272231 0.0304251 0.0272231
48410 0.0000150 0.0000135 0.0323111 0.0290679 0.0323111 0.0290679 0.0323111 0.0290679
48412 0.0000121 0.0000110 0.0261433 0.0236849 0.0261433 0.0236849 0.0261433 0.0236849
48416 0.0000072 0.0000065 0.0154390 0.0140221 0.0154390 0.0140221 0.0154390 0.0140221
48417 0.0000109 0.0000100 0.0235839 0.0214939 0.0235839 0.0214939 0.0235839 0.0214939
48418 0.0000023 0.0000021 0.0049787 0.0045459 0.0049787 0.0045459 0.0049787 0.0045459
48421 0.0000097 0.0000089 0.0164018 0.0150173 0.0164018 0.0150173 0.0164018 0.0150173
48423 0.0000034 0.0000031 0.0057161 0.0052438 0.0057161 0.0052438 0.0057161 0.0052438
48455 0.0000080 0.0000069 0.0225060 0.0194817 0.0225060 0.0194817 0.0225060 0.0194817
48456 0.0000032 0.0000028 0.0083736 0.0072991 0.0083736 0.0072991 0.0083736 0.0072991
48461 0.0000123 0.0000109 0.0298083 0.0262987 0.0298083 0.0262987 0.0298083 0.0262987
48462 0.0000125 0.0000111 0.0303177 0.0269582 0.0303177 0.0269582 0.0303177 0.0269582
48463 0.0000133 0.0000119 0.0283509 0.0253750 0.0283509 0.0253750 0.0283509 0.0253750
48469 0.0000126 0.0000114 0.0246039 0.0222516 0.0246039 0.0222516 0.0246039 0.0222516
48471 0.0000022 0.0000020 0.0040342 0.0036577 0.0040342 0.0036577 0.0040342 0.0036577
48510 0.0000055 0.0000047 0.0170262 0.0144856 0.0170262 0.0144856 0.0170262 0.0144856
48511 0.0000056 0.0000048 0.0172826 0.0147549 0.0172826 0.0147549 0.0172826 0.0147549
48512 0.0000062 0.0000053 0.0191805 0.0164626 0.0191805 0.0164626 0.0191805 0.0164626
48513 0.0000140 0.0000121 0.0431511 0.0372898 0.0431511 0.0372898 0.0431511 0.0372898
48514 0.0000079 0.0000069 0.0245852 0.0213739 0.0245852 0.0213739 0.0245852 0.0213739
48516 0.0000074 0.0000065 0.0229033 0.0200175 0.0229033 0.0200175 0.0229033 0.0200175
48518 0.0000132 0.0000116 0.0325304 0.0285953 0.0325304 0.0285953 0.0325304 0.0285953
48519 0.0000082 0.0000073 0.0202865 0.0178923 0.0202865 0.0178923 0.0202865 0.0178923
48520 0.0000136 0.0000121 0.0335080 0.0297220 0.0335080 0.0297220 0.0335080 0.0297220
48521 0.0000135 0.0000120 0.0332405 0.0295727 0.0332405 0.0295727 0.0332405 0.0295727
48522 0.0000137 0.0000122 0.0336469 0.0300266 0.0336469 0.0300266 0.0336469 0.0300266
48527 0.0000016 0.0000014 0.0039410 0.0035298 0.0039410 0.0035298 0.0039410 0.0035298
48529 0.0000049 0.0000044 0.0119894 0.0107567 0.0119894 0.0107567 0.0119894 0.0107567
48530 0.0000113 0.0000102 0.0278319 0.0250476 0.0278319 0.0250476 0.0278319 0.0250476
48531 0.0000108 0.0000097 0.0265388 0.0239328 0.0265388 0.0239328 0.0265388 0.0239328
48532 0.0000102 0.0000092 0.0249944 0.0225828 0.0249944 0.0225828 0.0249944 0.0225828
48533 0.0000073 0.0000066 0.0180692 0.0163516 0.0180692 0.0163516 0.0180692 0.0163516
48536 0.0000034 0.0000031 0.0083149 0.0075411 0.0083149 0.0075411 0.0083149 0.0075411
48635 0.0000166 0.0000144 0.0445126 0.0387102 0.0445126 0.0387102 0.0445126 0.0387102
48636 0.0000151 0.0000132 0.0403388 0.0353261 0.0403388 0.0353261 0.0403388 0.0353261
48638 0.0000097 0.0000085 0.0258960 0.0228000 0.0258960 0.0228000 0.0258960 0.0228000
48639 0.0000103 0.0000091 0.0275042 0.0243165 0.0275042 0.0243165 0.0275042 0.0243165
48640 0.0000131 0.0000117 0.0351943 0.0313663 0.0351943 0.0313663 0.0351943 0.0313663
48645 0.0000119 0.0000106 0.0317890 0.0285287 0.0317890 0.0285287 0.0317890 0.0285287
48656 0.0000039 0.0000035 0.0104132 0.0094033 0.0104132 0.0094033 0.0104132 0.0094033
48657 0.0000110 0.0000099 0.0294599 0.0266545 0.0294599 0.0266545 0.0294599 0.0266545
48658 0.0000104 0.0000094 0.0278968 0.0253012 0.0278968 0.0253012 0.0278968 0.0253012
48660 0.0000072 0.0000065 0.0191578 0.0174202 0.0191578 0.0174202 0.0191578 0.0174202
48701 0.0000097 0.0000082 0.0324716 0.0273608 0.0324716 0.0273608 0.0324716 0.0273608
48706 0.0000024 0.0000019 0.0100358 0.0080140 0.0100358 0.0080140 0.0100358 0.0080140
48720 0.0000114 0.0000099 0.0319873 0.0277143 0.0319873 0.0277143 0.0319873 0.0277143
48721 0.0000072 0.0000064 0.0174097 0.0153421 0.0174097 0.0153421 0.0174097 0.0153421
48722 0.0000224 0.0000199 0.0539862 0.0480516 0.0539862 0.0480516 0.0539862 0.0480516
48725 0.0000154 0.0000139 0.0371908 0.0334441 0.0371908 0.0334441 0.0371908 0.0334441
48726 0.0000173 0.0000156 0.0417024 0.0377201 0.0417024 0.0377201 0.0417024 0.0377201
48727 0.0000218 0.0000199 0.0526836 0.0480173 0.0526836 0.0480173 0.0526836 0.0480173
48730 0.0000025 0.0000020 0.0101305 0.0081436 0.0101305 0.0081436 0.0101305 0.0081436
48731 0.0000160 0.0000131 0.0634723 0.0517818 0.0634723 0.0517818 0.0634723 0.0517818
48732 0.0000032 0.0000027 0.0111263 0.0093031 0.0111263 0.0093031 0.0111263 0.0093031
48734 0.0000223 0.0000189 0.0360135 0.0304743 0.0360135 0.0304743 0.0360135 0.0304743
48735 0.0000253 0.0000218 0.0365317 0.0314490 0.0365317 0.0314490 0.0365317 0.0314490
48736 0.0000092 0.0000080 0.0119818 0.0104414 0.0119818 0.0104414 0.0119818 0.0104414
48742 0.0000174 0.0000153 0.0215136 0.0189014 0.0215136 0.0189014 0.0215136 0.0189014
48743 0.0000133 0.0000119 0.0149738 0.0133209 0.0149738 0.0133209 0.0149738 0.0133209
48745 0.0000068 0.0000061 0.0073413 0.0065561 0.0073413 0.0065561 0.0073413 0.0065561
48746 0.0000050 0.0000045 0.0052666 0.0047340 0.0052666 0.0047340 0.0052666 0.0047340
48801 0.0000338 0.0000290 0.0546089 0.0468244 0.0546089 0.0468244 0.0546089 0.0468244
48803 0.0000171 0.0000149 0.0224080 0.0195866 0.0224080 0.0195866 0.0224080 0.0195866
48805 0.0000240 0.0000211 0.0314270 0.0277240 0.0314270 0.0277240 0.0314270 0.0277240
48806 0.0000053 0.0000047 0.0070075 0.0062202 0.0070075 0.0062202 0.0070075 0.0062202
48807 0.0000335 0.0000299 0.0439993 0.0392805 0.0439993 0.0392805 0.0439993 0.0392805
48810 0.0000076 0.0000069 0.0100218 0.0090741 0.0100218 0.0090741 0.0100218 0.0090741
48811 0.0000058 0.0000053 0.0075986 0.0068944 0.0075986 0.0068944 0.0075986 0.0068944
48812 0.0000135 0.0000122 0.0176589 0.0160693 0.0176589 0.0160693 0.0176589 0.0160693
48813 0.0000185 0.0000170 0.0243251 0.0222757 0.0243251 0.0222757 0.0243251 0.0222757
48814 0.0000354 0.0000326 0.0464185 0.0427150 0.0464185 0.0427150 0.0464185 0.0427150
48824 0.0000142 0.0000116 0.0270054 0.0221340 0.0270054 0.0221340 0.0270054 0.0221340
48826 0.0000239 0.0000219 0.0223630 0.0204145 0.0223630 0.0204145 0.0223630 0.0204145
48828 0.0000445 0.0000390 0.0585183 0.0513306 0.0585183 0.0513306 0.0585183 0.0513306
48829 0.0000111 0.0000098 0.0126219 0.0112027 0.0126219 0.0112027 0.0126219 0.0112027
48830 0.0000077 0.0000068 0.0084992 0.0075641 0.0084992 0.0075641 0.0084992 0.0075641
48832 0.0000316 0.0000283 0.0340126 0.0304793 0.0340126 0.0304793 0.0340126 0.0304793
48836 0.0000378 0.0000343 0.0352429 0.0320300 0.0352429 0.0320300 0.0352429 0.0320300
48838 0.0000261 0.0000239 0.0223463 0.0204596 0.0223463 0.0204596 0.0223463 0.0204596
48839 0.0000279 0.0000256 0.0238201 0.0218820 0.0238201 0.0218820 0.0238201 0.0218820
48863 0.0000098 0.0000083 0.0156746 0.0132790 0.0156746 0.0132790 0.0156746 0.0132790
48864 0.0000304 0.0000261 0.0487290 0.0417753 0.0487290 0.0417753 0.0487290 0.0417753
48865 0.0000197 0.0000171 0.0315729 0.0274562 0.0315729 0.0274562 0.0315729 0.0274562
48867 0.0000112 0.0000098 0.0142172 0.0124962 0.0142172 0.0124962 0.0142172 0.0124962
48883 0.0000090 0.0000073 0.0167894 0.0137278 0.0167894 0.0137278 0.0167894 0.0137278
48884 0.0000091 0.0000075 0.0170448 0.0140700 0.0170448 0.0140700 0.0170448 0.0140700
48885 0.0000058 0.0000048 0.0107979 0.0089758 0.0107979 0.0089758 0.0107979 0.0089758
48888 0.0000205 0.0000174 0.0345439 0.0293219 0.0345439 0.0293219 0.0345439 0.0293219
48891 0.0000376 0.0000328 0.0497330 0.0434323 0.0497330 0.0434323 0.0497330 0.0434323
48892 0.0000137 0.0000120 0.0166314 0.0146355 0.0166314 0.0146355 0.0166314 0.0146355
48893 0.0000112 0.0000099 0.0132276 0.0116773 0.0132276 0.0116773 0.0132276 0.0116773
48894 0.0000078 0.0000069 0.0090197 0.0079835 0.0090197 0.0079835 0.0090197 0.0079835
48895 0.0000250 0.0000222 0.0284545 0.0252751 0.0284545 0.0252751 0.0284545 0.0252751
48897 0.0000248 0.0000222 0.0266239 0.0238153 0.0266239 0.0238153 0.0266239 0.0238153
48899 0.0000316 0.0000284 0.0323720 0.0291495 0.0323720 0.0291495 0.0323720 0.0291495
48900 0.0000120 0.0000108 0.0115419 0.0104330 0.0115419 0.0104330 0.0115419 0.0104330
48901 0.0000096 0.0000087 0.0090757 0.0082178 0.0090757 0.0082178 0.0090757 0.0082178
48902 0.0000460 0.0000418 0.0428875 0.0389869 0.0428875 0.0389869 0.0428875 0.0389869
48903 0.0000318 0.0000289 0.0296429 0.0269305 0.0296429 0.0269305 0.0296429 0.0269305
48935 0.0000142 0.0000115 0.0280319 0.0228178 0.0280319 0.0228178 0.0280319 0.0228178
48938 0.0000146 0.0000124 0.0229706 0.0195050 0.0229706 0.0195050 0.0229706 0.0195050
48940 0.0000120 0.0000103 0.0174442 0.0150126 0.0174442 0.0150126 0.0174442 0.0150126
48943 0.0000553 0.0000485 0.0804966 0.0705670 0.0804966 0.0705670 0.0804966 0.0705670
48946 0.0000299 0.0000266 0.0434742 0.0386969 0.0434742 0.0386969 0.0434742 0.0386969
48947 0.0000228 0.0000204 0.0331646 0.0297272 0.0331646 0.0297272 0.0331646 0.0297272
48949 0.0000340 0.0000308 0.0495243 0.0447689 0.0495243 0.0447689 0.0495243 0.0447689
48951 0.0000128 0.0000116 0.0186381 0.0169504 0.0186381 0.0169504 0.0186381 0.0169504
48952 0.0000416 0.0000380 0.0605300 0.0553411 0.0605300 0.0553411 0.0605300 0.0553411
48971 0.0000167 0.0000136 0.0330605 0.0268907 0.0330605 0.0268907 0.0330605 0.0268907
48976 0.0000085 0.0000071 0.0154983 0.0128922 0.0154983 0.0128922 0.0154983 0.0128922
48982 0.0000150 0.0000128 0.0273753 0.0234275 0.0273753 0.0234275 0.0273753 0.0234275
48983 0.0000453 0.0000393 0.0827249 0.0718099 0.0827249 0.0718099 0.0827249 0.0718099
48984 0.0000171 0.0000150 0.0312113 0.0274136 0.0312113 0.0274136 0.0312113 0.0274136
48985 0.0000415 0.0000368 0.0758182 0.0672175 0.0758182 0.0672175 0.0758182 0.0672175
48986 0.0000221 0.0000198 0.0239045 0.0213632 0.0239045 0.0213632 0.0239045 0.0213632
48987 0.0000086 0.0000078 0.0093497 0.0084015 0.0093497 0.0084015 0.0093497 0.0084015
48988 0.0000465 0.0000419 0.0502571 0.0453406 0.0502571 0.0453406 0.0502571 0.0453406
48989 0.0000528 0.0000480 0.0571160 0.0518641 0.0571160 0.0518641 0.0571160 0.0518641
48990 0.0000168 0.0000153 0.0148767 0.0135662 0.0148767 0.0135662 0.0148767 0.0135662
48991 0.0000461 0.0000421 0.0398901 0.0364947 0.0398901 0.0364947 0.0398901 0.0364947
49019 0.0000339 0.0000278 0.0658836 0.0539852 0.0658836 0.0539852 0.0658836 0.0539852
49023 0.0000191 0.0000166 0.0371330 0.0321997 0.0371330 0.0321997 0.0371330 0.0321997
49026 0.0000100 0.0000085 0.0148926 0.0127409 0.0148926 0.0127409 0.0148926 0.0127409
49027 0.0000087 0.0000075 0.0123644 0.0106441 0.0123644 0.0106441 0.0123644 0.0106441
49029 0.0000093 0.0000080 0.0124828 0.0108303 0.0124828 0.0108303 0.0124828 0.0108303
49030 0.0000124 0.0000108 0.0159429 0.0139207 0.0159429 0.0139207 0.0159429 0.0139207
49031 0.0000119 0.0000104 0.0148796 0.0130466 0.0148796 0.0130466 0.0148796 0.0130466
49057 0.0000429 0.0000359 0.0760899 0.0636602 0.0760899 0.0636602 0.0760899 0.0636602
49059 0.0000065 0.0000055 0.0114877 0.0098032 0.0114877 0.0098032 0.0114877 0.0098032
49060 0.0000098 0.0000085 0.0174814 0.0150145 0.0174814 0.0150145 0.0174814 0.0150145
49061 0.0000075 0.0000065 0.0103103 0.0089209 0.0103103 0.0089209 0.0103103 0.0089209
49062 0.0000269 0.0000238 0.0311350 0.0276167 0.0311350 0.0276167 0.0311350 0.0276167
49063 0.0000122 0.0000109 0.0141455 0.0126083 0.0141455 0.0126083 0.0141455 0.0126083
49064 0.0000288 0.0000259 0.0305113 0.0274015 0.0305113 0.0274015 0.0305113 0.0274015
49065 0.0000371 0.0000335 0.0393173 0.0354812 0.0393173 0.0354812 0.0393173 0.0354812
49066 0.0000192 0.0000174 0.0180014 0.0163271 0.0180014 0.0163271 0.0180014 0.0163271
49067 0.0000218 0.0000198 0.0204194 0.0185731 0.0204194 0.0185731 0.0204194 0.0185731
49068 0.0000162 0.0000148 0.0142001 0.0129574 0.0142001 0.0129574 0.0142001 0.0129574
49069 0.0000428 0.0000393 0.0375841 0.0344732 0.0375841 0.0344732 0.0375841 0.0344732
49070 0.0000214 0.0000196 0.0187461 0.0172401 0.0187461 0.0172401 0.0187461 0.0172401
49071 0.0000209 0.0000193 0.0164790 0.0151873 0.0164790 0.0151873 0.0164790 0.0151873
49072 0.0000181 0.0000168 0.0142776 0.0131836 0.0142776 0.0131836 0.0142776 0.0131836
49073 0.0000118 0.0000110 0.0087915 0.0081380 0.0087915 0.0081380 0.0087915 0.0081380
49098 0.0000060 0.0000049 0.0106662 0.0087816 0.0106662 0.0087816 0.0106662 0.0087816
49099 0.0000351 0.0000293 0.0618171 0.0516184 0.0618171 0.0516184 0.0618171 0.0516184
49100 0.0000176 0.0000149 0.0278258 0.0236041 0.0278258 0.0236041 0.0278258 0.0236041
49110 0.0000396 0.0000348 0.0554253 0.0485907 0.0554253 0.0485907 0.0554253 0.0485907
49111 0.0000268 0.0000238 0.0306969 0.0272422 0.0306969 0.0272422 0.0306969 0.0272422
49113 0.0000195 0.0000175 0.0205471 0.0184494 0.0205471 0.0184494 0.0205471 0.0184494
49114 0.0000241 0.0000217 0.0238973 0.0215535 0.0238973 0.0215535 0.0238973 0.0215535
49116 0.0000520 0.0000471 0.0498361 0.0451694 0.0498361 0.0451694 0.0498361 0.0451694
49117 0.0000280 0.0000255 0.0253925 0.0231110 0.0253925 0.0231110 0.0253925 0.0231110
49118 0.0000189 0.0000173 0.0161782 0.0148043 0.0161782 0.0148043 0.0161782 0.0148043
49121 0.0000317 0.0000258 0.0644304 0.0525695 0.0644304 0.0525695 0.0644304 0.0525695
49125 0.0000384 0.0000328 0.0632768 0.0539758 0.0632768 0.0539758 0.0632768 0.0539758
49126 0.0000206 0.0000179 0.0281045 0.0243962 0.0281045 0.0243962 0.0281045 0.0243962
49127 0.0000518 0.0000455 0.0705149 0.0620266 0.0705149 0.0620266 0.0705149 0.0620266
49128 0.0000076 0.0000067 0.0086204 0.0076498 0.0086204 0.0076498 0.0086204 0.0076498
49132 0.0000077 0.0000069 0.0081361 0.0073002 0.0081361 0.0073002 0.0081361 0.0073002
49133 0.0000160 0.0000145 0.0155799 0.0140772 0.0155799 0.0140772 0.0155799 0.0140772
49134 0.0000294 0.0000266 0.0285436 0.0258877 0.0285436 0.0258877 0.0285436 0.0258877
49135 0.0000178 0.0000162 0.0160650 0.0146220 0.0160650 0.0146220 0.0160650 0.0146220
49136 0.0000475 0.0000434 0.0429550 0.0392723 0.0429550 0.0392723 0.0429550 0.0392723
49137 0.0000253 0.0000232 0.0208296 0.0191299 0.0208296 0.0191299 0.0208296 0.0191299
49138 0.0000156 0.0000144 0.0120514 0.0111191 0.0120514 0.0111191 0.0120514 0.0111191
49139 0.0000135 0.0000125 0.0100624 0.0093128 0.0100624 0.0093128 0.0100624 0.0093128
49140 0.0000171 0.0000159 0.0122796 0.0113979 0.0122796 0.0113979 0.0122796 0.0113979
49141 0.0000369 0.0000343 0.0259723 0.0241639 0.0259723 0.0241639 0.0259723 0.0241639
49142 0.0000099 0.0000092 0.0066676 0.0062159 0.0066676 0.0062159 0.0066676 0.0062159
49143 0.0000085 0.0000080 0.0055459 0.0051830 0.0055459 0.0051830 0.0055459 0.0051830
49144 0.0000035 0.0000033 0.0022862 0.0021379 0.0022862 0.0021379 0.0022862 0.0021379
49155 0.0000082 0.0000077 0.0053282 0.0049994 0.0053282 0.0049994 0.0053282 0.0049994
49157 0.0000125 0.0000117 0.0075162 0.0070617 0.0075162 0.0070617 0.0075162 0.0070617
49158 0.0000172 0.0000162 0.0099237 0.0093494 0.0099237 0.0093494 0.0099237 0.0093494
49159 0.0000282 0.0000266 0.0162505 0.0153381 0.0162505 0.0153381 0.0162505 0.0153381
49165 0.0000127 0.0000120 0.0068969 0.0065200 0.0068969 0.0065200 0.0068969 0.0065200
49168 0.0000127 0.0000120 0.0068978 0.0065260 0.0068978 0.0065260 0.0068978 0.0065260
49217 0.0000183 0.0000150 0.0349964 0.0287923 0.0349964 0.0287923 0.0349964 0.0287923
49218 0.0000102 0.0000085 0.0176568 0.0147208 0.0176568 0.0147208 0.0176568 0.0147208
49219 0.0000483 0.0000414 0.0758111 0.0649837 0.0758111 0.0649837 0.0758111 0.0649837
49224 0.0000110 0.0000097 0.0135764 0.0119202 0.0135764 0.0119202 0.0135764 0.0119202
49226 0.0000197 0.0000173 0.0242514 0.0213918 0.0242514 0.0213918 0.0242514 0.0213918
49227 0.0000289 0.0000256 0.0356287 0.0316008 0.0356287 0.0316008 0.0356287 0.0316008
49228 0.0000370 0.0000331 0.0408244 0.0364778 0.0408244 0.0364778 0.0408244 0.0364778
49229 0.0000143 0.0000128 0.0147432 0.0132294 0.0147432 0.0132294 0.0147432 0.0132294
49230 0.0000144 0.0000131 0.0139133 0.0125781 0.0139133 0.0125781 0.0139133 0.0125781
49232 0.0000461 0.0000418 0.0444014 0.0402895 0.0444014 0.0402895 0.0444014 0.0402895
49233 0.0000053 0.0000048 0.0047370 0.0043103 0.0047370 0.0043103 0.0047370 0.0043103
49240 0.0000228 0.0000187 0.0453790 0.0373146 0.0453790 0.0373146 0.0453790 0.0373146
49241 0.0000146 0.0000122 0.0290424 0.0243190 0.0290424 0.0243190 0.0290424 0.0243190
49244 0.0000299 0.0000255 0.0474914 0.0404343 0.0474914 0.0404343 0.0474914 0.0404343
49245 0.0000147 0.0000126 0.0206967 0.0178466 0.0206967 0.0178466 0.0206967 0.0178466
49246 0.0000135 0.0000117 0.0181884 0.0157878 0.0181884 0.0157878 0.0181884 0.0157878
49247 0.0000002 0.0000002 0.0002826 0.0002467 0.0002826 0.0002467 0.0002826 0.0002467
49248 0.0000469 0.0000414 0.0578073 0.0509888 0.0578073 0.0509888 0.0578073 0.0509888
49249 0.0000092 0.0000082 0.0102121 0.0090930 0.0102121 0.0090930 0.0102121 0.0090930
49250 0.0000083 0.0000075 0.0084989 0.0076319 0.0084989 0.0076319 0.0084989 0.0076319
49251 0.0000118 0.0000106 0.0115157 0.0103914 0.0115157 0.0103914 0.0115157 0.0103914
49253 0.0000283 0.0000257 0.0277780 0.0251515 0.0277780 0.0251515 0.0277780 0.0251515
49254 0.0000143 0.0000130 0.0140515 0.0127662 0.0140515 0.0127662 0.0140515 0.0127662
49262 0.0000197 0.0000173 0.0247507 0.0217916 0.0247507 0.0217916 0.0247507 0.0217916
49263 0.0000225 0.0000199 0.0262522 0.0232522 0.0262522 0.0232522 0.0262522 0.0232522
49264 0.0000379 0.0000338 0.0441754 0.0394054 0.0441754 0.0394054 0.0441754 0.0394054
49265 0.0000280 0.0000251 0.0291587 0.0261732 0.0291587 0.0261732 0.0291587 0.0261732
49266 0.0000212 0.0000192 0.0199899 0.0181240 0.0199899 0.0181240 0.0199899 0.0181240
49267 0.0000214 0.0000194 0.0203351 0.0184263 0.0203351 0.0184263 0.0203351 0.0184263
49268 0.0000194 0.0000177 0.0171305 0.0156281 0.0171305 0.0156281 0.0171305 0.0156281
49270 0.0000111 0.0000102 0.0095578 0.0087442 0.0095578 0.0087442 0.0095578 0.0087442
49307 0.0000385 0.0000336 0.0518079 0.0450954 0.0518079 0.0450954 0.0518079 0.0450954
49308 0.0000117 0.0000103 0.0157790 0.0138233 0.0157790 0.0138233 0.0157790 0.0138233
49309 0.0000182 0.0000160 0.0222460 0.0195608 0.0222460 0.0195608 0.0222460 0.0195608
49310 0.0000188 0.0000166 0.0229711 0.0202902 0.0229711 0.0202902 0.0229711 0.0202902
49311 0.0000066 0.0000059 0.0074988 0.0066501 0.0074988 0.0066501 0.0074988 0.0066501
49312 0.0000427 0.0000380 0.0479736 0.0427268 0.0479736 0.0427268 0.0479736 0.0427268
49313 0.0000084 0.0000075 0.0089105 0.0079695 0.0089105 0.0079695 0.0089105 0.0079695
49314 0.0000349 0.0000313 0.0369216 0.0331314 0.0369216 0.0331314 0.0369216 0.0331314
49316 0.0000142 0.0000128 0.0141536 0.0127588 0.0141536 0.0127588 0.0141536 0.0127588
49317 0.0000064 0.0000058 0.0060400 0.0054692 0.0060400 0.0054692 0.0060400 0.0054692
49324 0.0000272 0.0000228 0.0498468 0.0417924 0.0498468 0.0417924 0.0498468 0.0417924
49329 0.0000163 0.0000144 0.0193690 0.0171035 0.0193690 0.0171035 0.0193690 0.0171035
49330 0.0000136 0.0000121 0.0156394 0.0138617 0.0156394 0.0138617 0.0156394 0.0138617
49331 0.0000544 0.0000487 0.0590897 0.0529057 0.0590897 0.0529057 0.0590897 0.0529057
49332 0.0000058 0.0000053 0.0057497 0.0051884 0.0057497 0.0051884 0.0057497 0.0051884
49337 0.0000247 0.0000206 0.0480951 0.0401394 0.0480951 0.0401394 0.0480951 0.0401394
49339 0.0000067 0.0000057 0.0102023 0.0087531 0.0102023 0.0087531 0.0102023 0.0087531
49340 0.0000106 0.0000091 0.0161473 0.0139127 0.0161473 0.0139127 0.0161473 0.0139127
49341 0.0000110 0.0000096 0.0167795 0.0145483 0.0167795 0.0145483 0.0167795 0.0145483
49342 0.0000167 0.0000146 0.0254749 0.0222035 0.0254749 0.0222035 0.0254749 0.0222035
49345 0.0000304 0.0000269 0.0356616 0.0315663 0.0356616 0.0315663 0.0356616 0.0315663
49346 0.0000101 0.0000090 0.0118475 0.0105319 0.0118475 0.0105319 0.0118475 0.0105319
49347 0.0000090 0.0000080 0.0096757 0.0086428 0.0096757 0.0086428 0.0096757 0.0086428
49348 0.0000218 0.0000195 0.0234254 0.0209856 0.0234254 0.0209856 0.0234254 0.0209856
49349 0.0000172 0.0000154 0.0172197 0.0155017 0.0172197 0.0155017 0.0172197 0.0155017
49351 0.0000085 0.0000077 0.0085511 0.0077247 0.0085511 0.0077247 0.0085511 0.0077247
49352 0.0000408 0.0000370 0.0385492 0.0349702 0.0385492 0.0349702 0.0385492 0.0349702
49353 0.0000219 0.0000199 0.0196568 0.0179001 0.0196568 0.0179001 0.0196568 0.0179001
49356 0.0000384 0.0000313 0.0754686 0.0615850 0.0754686 0.0615850 0.0754686 0.0615850
49358 0.0000182 0.0000153 0.0302222 0.0254800 0.0302222 0.0254800 0.0302222 0.0254800
49359 0.0000371 0.0000321 0.0515873 0.0447471 0.0515873 0.0447471 0.0515873 0.0447471
49360 0.0000261 0.0000229 0.0330174 0.0289645 0.0330174 0.0289645 0.0330174 0.0289645
49361 0.0000086 0.0000076 0.0102877 0.0090727 0.0102877 0.0090727 0.0102877 0.0090727
49362 0.0000103 0.0000092 0.0112969 0.0100712 0.0112969 0.0100712 0.0112969 0.0100712
49365 0.0000365 0.0000328 0.0379626 0.0341368 0.0379626 0.0341368 0.0379626 0.0341368
49366 0.0000296 0.0000268 0.0283049 0.0256446 0.0283049 0.0256446 0.0283049 0.0256446
49367 0.0000439 0.0000400 0.0401090 0.0365423 0.0401090 0.0365423 0.0401090 0.0365423
49368 0.0000115 0.0000105 0.0098277 0.0089882 0.0098277 0.0089882 0.0098277 0.0089882
49369 0.0000119 0.0000109 0.0099666 0.0091321 0.0099666 0.0091321 0.0099666 0.0091321
49373 0.0000365 0.0000306 0.0658500 0.0552982 0.0658500 0.0552982 0.0658500 0.0552982
49374 0.0000028 0.0000024 0.0051203 0.0043639 0.0051203 0.0043639 0.0051203 0.0043639
49376 0.0000238 0.0000205 0.0323953 0.0279939 0.0323953 0.0279939 0.0323953 0.0279939
49377 0.0000003 0.0000002 0.0003621 0.0003147 0.0003621 0.0003147 0.0003621 0.0003147
49378 0.0000301 0.0000263 0.0410363 0.0358738 0.0410363 0.0358738 0.0410363 0.0358738
49379 0.0000142 0.0000125 0.0169645 0.0149584 0.0169645 0.0149584 0.0169645 0.0149584
49380 0.0000278 0.0000246 0.0331556 0.0293315 0.0331556 0.0293315 0.0331556 0.0293315
49381 0.0000200 0.0000178 0.0225294 0.0200131 0.0225294 0.0200131 0.0225294 0.0200131
49382 0.0000259 0.0000231 0.0285411 0.0254311 0.0285411 0.0254311 0.0285411 0.0254311
49383 0.0000091 0.0000081 0.0096757 0.0086439 0.0096757 0.0086439 0.0096757 0.0086439
49384 0.0000084 0.0000075 0.0085931 0.0077104 0.0085931 0.0077104 0.0085931 0.0077104
49385 0.0000200 0.0000181 0.0192010 0.0173639 0.0192010 0.0173639 0.0192010 0.0173639
49389 0.0000066 0.0000060 0.0061263 0.0055616 0.0061263 0.0055616 0.0061263 0.0055616
49390 0.0000190 0.0000174 0.0176862 0.0161478 0.0176862 0.0161478 0.0176862 0.0161478
49432 0.0000122 0.0000103 0.0199753 0.0168586 0.0199753 0.0168586 0.0199753 0.0168586
49433 0.0000490 0.0000422 0.0723793 0.0623469 0.0723793 0.0623469 0.0723793 0.0623469
49434 0.0000611 0.0000537 0.0781867 0.0686777 0.0781867 0.0686777 0.0781867 0.0686777
49435 0.0000117 0.0000103 0.0134702 0.0119276 0.0134702 0.0119276 0.0134702 0.0119276
49437 0.0000099 0.0000089 0.0104758 0.0093779 0.0104758 0.0093779 0.0104758 0.0093779
49438 0.0000447 0.0000402 0.0472953 0.0425105 0.0472953 0.0425105 0.0472953 0.0425105
49439 0.0000092 0.0000083 0.0088250 0.0079746 0.0088250 0.0079746 0.0088250 0.0079746
49440 0.0000096 0.0000087 0.0092427 0.0083733 0.0092427 0.0083733 0.0092427 0.0083733
49445 0.0000076 0.0000062 0.0146860 0.0120620 0.0146860 0.0120620 0.0146860 0.0120620
49446 0.0000150 0.0000125 0.0291902 0.0243061 0.0291902 0.0243061 0.0291902 0.0243061
49447 0.0000347 0.0000294 0.0565342 0.0478319 0.0565342 0.0478319 0.0565342 0.0478319
49448 0.0000234 0.0000202 0.0331156 0.0285475 0.0331156 0.0285475 0.0331156 0.0285475
49449 0.0000074 0.0000064 0.0098586 0.0085582 0.0098586 0.0085582 0.0098586 0.0085582
49451 0.0000340 0.0000297 0.0451764 0.0394437 0.0451764 0.0394437 0.0451764 0.0394437
49452 0.0000233 0.0000206 0.0277677 0.0245180 0.0277677 0.0245180 0.0277677 0.0245180
49453 0.0000257 0.0000228 0.0295874 0.0262294 0.0295874 0.0262294 0.0295874 0.0262294
49454 0.0000163 0.0000145 0.0186954 0.0166298 0.0186954 0.0166298 0.0186954 0.0166298
49455 0.0000060 0.0000053 0.0065323 0.0058210 0.0065323 0.0058210 0.0065323 0.0058210
49456 0.0000155 0.0000139 0.0169553 0.0151343 0.0169553 0.0151343 0.0169553 0.0151343
49457 0.0000232 0.0000208 0.0236006 0.0212210 0.0236006 0.0212210 0.0236006 0.0212210
49464 0.0000297 0.0000244 0.0561652 0.0460573 0.0561652 0.0460573 0.0561652 0.0460573
49466 0.0000188 0.0000158 0.0315468 0.0265236 0.0315468 0.0265236 0.0315468 0.0265236
49468 0.0000260 0.0000223 0.0381914 0.0327627 0.0381914 0.0327627 0.0381914 0.0327627
49652 0.0000097 0.0000079 0.0206867 0.0167154 0.0206867 0.0167154 0.0206867 0.0167154
49653 0.0000170 0.0000139 0.0325146 0.0265047 0.0325146 0.0265047 0.0325146 0.0265047
49655 0.0000558 0.0000469 0.1066920 0.0895749 0.1066920 0.0895749 0.1066920 0.0895749
49656 0.0000314 0.0000269 0.0472505 0.0404191 0.0472505 0.0404191 0.0472505 0.0404191
49657 0.0000050 0.0000043 0.0074999 0.0064625 0.0074999 0.0064625 0.0074999 0.0064625
49658 0.0000072 0.0000062 0.0107535 0.0092829 0.0107535 0.0092829 0.0107535 0.0092829
49659 0.0000280 0.0000242 0.0420164 0.0364302 0.0420164 0.0364302 0.0420164 0.0364302
49660 0.0000146 0.0000127 0.0219291 0.0191063 0.0219291 0.0191063 0.0219291 0.0191063
49661 0.0000207 0.0000182 0.0311206 0.0272842 0.0311206 0.0272842 0.0311206 0.0272842
49662 0.0000140 0.0000123 0.0169340 0.0148980 0.0169340 0.0148980 0.0169340 0.0148980
49664 0.0000136 0.0000120 0.0165194 0.0145791 0.0165194 0.0145791 0.0165194 0.0145791
49665 0.0000380 0.0000337 0.0441845 0.0391439 0.0441845 0.0391439 0.0441845 0.0391439
49666 0.0000236 0.0000210 0.0257942 0.0230049 0.0257942 0.0230049 0.0257942 0.0230049
49736 0.0000054 0.0000045 0.0087713 0.0073750 0.0087713 0.0073750 0.0087713 0.0073750
49737 0.0000105 0.0000089 0.0171021 0.0144804 0.0171021 0.0144804 0.0171021 0.0144804
49742 0.0000120 0.0000104 0.0169358 0.0146513 0.0169358 0.0146513 0.0169358 0.0146513
49743 0.0000145 0.0000126 0.0203837 0.0177066 0.0203837 0.0177066 0.0203837 0.0177066
49749 0.0000163 0.0000144 0.0194120 0.0171398 0.0194120 0.0171398 0.0194120 0.0171398
49751 0.0000414 0.0000370 0.0445968 0.0399272 0.0445968 0.0399272 0.0445968 0.0399272
49752 0.0000099 0.0000089 0.0099944 0.0089923 0.0099944 0.0089923 0.0099944 0.0089923
49756 0.0000108 0.0000086 0.0252982 0.0200884 0.0252982 0.0200884 0.0252982 0.0200884
49758 0.0000197 0.0000160 0.0386990 0.0313833 0.0386990 0.0313833 0.0386990 0.0313833
49760 0.0000221 0.0000185 0.0373378 0.0312548 0.0373378 0.0312548 0.0373378 0.0312548
49761 0.0000072 0.0000060 0.0121466 0.0102265 0.0121466 0.0102265 0.0121466 0.0102265
49762 0.0000056 0.0000047 0.0094829 0.0080090 0.0094829 0.0080090 0.0094829 0.0080090
49763 0.0000246 0.0000209 0.0416827 0.0353871 0.0416827 0.0353871 0.0416827 0.0353871
49910 0.0000252 0.0000196 0.0593255 0.0461065 0.0593255 0.0461065 0.0593255 0.0461065
49914 0.0000225 0.0000181 0.0530302 0.0427335 0.0530302 0.0427335 0.0530302 0.0427335
49919 0.0000170 0.0000143 0.0294658 0.0246653 0.0294658 0.0246653 0.0294658 0.0246653
49921 0.0000060 0.0000051 0.0095136 0.0080394 0.0095136 0.0080394 0.0095136 0.0080394
49922 0.0000400 0.0000341 0.0612844 0.0522703 0.0612844 0.0522703 0.0612844 0.0522703
49923 0.0000542 0.0000468 0.0765577 0.0661487 0.0765577 0.0661487 0.0765577 0.0661487
49925 0.0000120 0.0000105 0.0158028 0.0137457 0.0158028 0.0137457 0.0158028 0.0137457
49926 0.0000194 0.0000169 0.0254471 0.0222011 0.0254471 0.0222011 0.0254471 0.0222011
49928 0.0000044 0.0000038 0.0057569 0.0050387 0.0057569 0.0050387 0.0057569 0.0050387
49929 0.0000044 0.0000039 0.0057847 0.0050684 0.0057847 0.0050684 0.0057847 0.0050684
49930 0.0000044 0.0000039 0.0061827 0.0054260 0.0061827 0.0054260 0.0061827 0.0054260
49932 0.0000087 0.0000077 0.0105822 0.0093438 0.0105822 0.0093438 0.0105822 0.0093438
49934 0.0000273 0.0000242 0.0311680 0.0276557 0.0311680 0.0276557 0.0311680 0.0276557
49959 0.0000122 0.0000101 0.0212162 0.0176255 0.0212162 0.0176255 0.0212162 0.0176255
49960 0.0000131 0.0000109 0.0227589 0.0190285 0.0227589 0.0190285 0.0227589 0.0190285
49961 0.0000412 0.0000348 0.0716522 0.0605198 0.0716522 0.0605198 0.0716522 0.0605198
49962 0.0000160 0.0000137 0.0241233 0.0205574 0.0241233 0.0205574 0.0241233 0.0205574
49964 0.0000175 0.0000150 0.0263734 0.0225924 0.0263734 0.0225924 0.0263734 0.0225924
49965 0.0000204 0.0000176 0.0307337 0.0264464 0.0307337 0.0264464 0.0307337 0.0264464
49966 0.0000194 0.0000168 0.0268009 0.0231646 0.0268009 0.0231646 0.0268009 0.0231646
49967 0.0000145 0.0000126 0.0199361 0.0173013 0.0199361 0.0173013 0.0199361 0.0173013
49968 0.0000354 0.0000308 0.0487228 0.0424944 0.0487228 0.0424944 0.0487228 0.0424944
49969 0.0000573 0.0000505 0.0697822 0.0615202 0.0697822 0.0615202 0.0697822 0.0615202
49970 0.0000544 0.0000483 0.0625526 0.0555436 0.0625526 0.0555436 0.0625526 0.0555436
50033 0.0000051 0.0000041 0.0111556 0.0090526 0.0111556 0.0090526 0.0111556 0.0090526
50034 0.0000371 0.0000311 0.0646044 0.0541946 0.0646044 0.0541946 0.0646044 0.0541946
50036 0.0000161 0.0000138 0.0230827 0.0198296 0.0230827 0.0198296 0.0230827 0.0198296
50045 0.0000355 0.0000313 0.0426250 0.0376705 0.0426250 0.0376705 0.0426250 0.0376705
50046 0.0000171 0.0000152 0.0188855 0.0168140 0.0188855 0.0168140 0.0188855 0.0168140
50047 0.0000196 0.0000175 0.0217205 0.0193887 0.0217205 0.0193887 0.0217205 0.0193887
50048 0.0000521 0.0000468 0.0576714 0.0517076 0.0576714 0.0517076 0.0576714 0.0517076
50067 0.0000185 0.0000153 0.0340767 0.0281476 0.0340767 0.0281476 0.0340767 0.0281476
50068 0.0000199 0.0000167 0.0337111 0.0282311 0.0337111 0.0282311 0.0337111 0.0282311
50070 0.0000128 0.0000108 0.0203928 0.0172539 0.0203928 0.0172539 0.0203928 0.0172539
50073 0.0000110 0.0000095 0.0168345 0.0144495 0.0168345 0.0144495 0.0168345 0.0144495
50074 0.0000109 0.0000094 0.0153877 0.0132521 0.0153877 0.0132521 0.0153877 0.0132521
50075 0.0000193 0.0000167 0.0265764 0.0229828 0.0265764 0.0229828 0.0265764 0.0229828
50076 0.0000139 0.0000121 0.0180048 0.0156962 0.0180048 0.0156962 0.0180048 0.0156962
50077 0.0000048 0.0000042 0.0060670 0.0053087 0.0060670 0.0053087 0.0060670 0.0053087
50343 0.0000363 0.0000328 0.0351975 0.0318253 0.0351975 0.0318253 0.0351975 0.0318253
50376 0.0000345 0.0000314 0.0316378 0.0287827 0.0316378 0.0287827 0.0316378 0.0287827
50377 0.0000184 0.0000168 0.0159954 0.0145987 0.0159954 0.0145987 0.0159954 0.0145987
50380 0.0000069 0.0000063 0.0057607 0.0052758 0.0057607 0.0052758 0.0057607 0.0052758
50463 0.0000267 0.0000229 0.0405426 0.0348159 0.0405426 0.0348159 0.0405426 0.0348159
50464 0.0000643 0.0000563 0.0861573 0.0754300 0.0861573 0.0754300 0.0861573 0.0754300
50465 0.0000187 0.0000166 0.0214726 0.0190372 0.0214726 0.0190372 0.0214726 0.0190372
50466 0.0000553 0.0000497 0.0580464 0.0521724 0.0580464 0.0521724 0.0580464 0.0521724
50467 0.0000124 0.0000112 0.0120568 0.0108908 0.0120568 0.0108908 0.0120568 0.0108908
50468 0.0000197 0.0000178 0.0190651 0.0172564 0.0190651 0.0172564 0.0190651 0.0172564
50470 0.0000117 0.0000106 0.0113521 0.0102972 0.0113521 0.0102972 0.0113521 0.0102972
50471 0.0000055 0.0000050 0.0053549 0.0048624 0.0053549 0.0048624 0.0053549 0.0048624
50483 0.0000091 0.0000083 0.0088429 0.0080716 0.0088429 0.0080716 0.0088429 0.0080716
50491 0.0000211 0.0000181 0.0315558 0.0270352 0.0315558 0.0270352 0.0315558 0.0270352
50492 0.0000412 0.0000356 0.0579615 0.0501294 0.0579615 0.0501294 0.0579615 0.0501294
50493 0.0000184 0.0000160 0.0240220 0.0209332 0.0240220 0.0209332 0.0240220 0.0209332
50496 0.0000602 0.0000530 0.0787496 0.0692781 0.0787496 0.0692781 0.0787496 0.0692781
50497 0.0000459 0.0000408 0.0525077 0.0466583 0.0525077 0.0466583 0.0525077 0.0466583
50500 0.0000538 0.0000483 0.0570644 0.0512183 0.0570644 0.0512183 0.0570644 0.0512183
50501 0.0000436 0.0000394 0.0430185 0.0388587 0.0430185 0.0388587 0.0430185 0.0388587
50517 0.0000041 0.0000036 0.0056825 0.0049097 0.0056825 0.0049097 0.0056825 0.0049097
50520 0.0000209 0.0000182 0.0287333 0.0249954 0.0287333 0.0249954 0.0287333 0.0249954
50522 0.0000102 0.0000090 0.0140629 0.0123226 0.0140629 0.0123226 0.0140629 0.0123226
50526 0.0000206 0.0000181 0.0252473 0.0222260 0.0252473 0.0222260 0.0252473 0.0222260
50527 0.0000104 0.0000092 0.0121897 0.0107665 0.0121897 0.0107665 0.0121897 0.0107665
50528 0.0000168 0.0000149 0.0197579 0.0175050 0.0197579 0.0175050 0.0197579 0.0175050
50529 0.0000346 0.0000308 0.0388595 0.0345653 0.0388595 0.0345653 0.0388595 0.0345653
50530 0.0000096 0.0000086 0.0104083 0.0092853 0.0104083 0.0092853 0.0104083 0.0092853
50531 0.0000054 0.0000048 0.0058152 0.0051938 0.0058152 0.0051938 0.0058152 0.0051938
50535 0.0000093 0.0000083 0.0098125 0.0087827 0.0098125 0.0087827 0.0098125 0.0087827
50536 0.0000368 0.0000330 0.0389853 0.0350120 0.0389853 0.0350120 0.0389853 0.0350120
50545 0.0000160 0.0000133 0.0302657 0.0250975 0.0302657 0.0250975 0.0302657 0.0250975
50546 0.0000139 0.0000117 0.0229689 0.0192990 0.0229689 0.0192990 0.0229689 0.0192990
50548 0.0000211 0.0000179 0.0331174 0.0281158 0.0331174 0.0281158 0.0331174 0.0281158
50549 0.0000217 0.0000188 0.0301866 0.0260999 0.0301866 0.0260999 0.0301866 0.0260999
50550 0.0000288 0.0000250 0.0399976 0.0348110 0.0399976 0.0348110 0.0399976 0.0348110
50551 0.0000178 0.0000156 0.0224169 0.0196253 0.0224169 0.0196253 0.0224169 0.0196253
50552 0.0000577 0.0000510 0.0727938 0.0643023 0.0727938 0.0643023 0.0727938 0.0643023
50553 0.0000142 0.0000126 0.0156812 0.0139586 0.0156812 0.0139586 0.0156812 0.0139586
50554 0.0000271 0.0000242 0.0299621 0.0267491 0.0299621 0.0267491 0.0299621 0.0267491
50558 0.0000332 0.0000270 0.0664681 0.0539231 0.0664681 0.0539231 0.0664681 0.0539231
50560 0.0000308 0.0000260 0.0539416 0.0454751 0.0539416 0.0454751 0.0539416 0.0454751
50561 0.0000166 0.0000142 0.0248827 0.0212490 0.0248827 0.0212490 0.0248827 0.0212490
50562 0.0000156 0.0000134 0.0234526 0.0201595 0.0234526 0.0201595 0.0234526 0.0201595
50563 0.0000087 0.0000075 0.0121037 0.0104481 0.0121037 0.0104481 0.0121037 0.0104481
50564 0.0000070 0.0000061 0.0097464 0.0084366 0.0097464 0.0084366 0.0097464 0.0084366
50565 0.0000235 0.0000204 0.0325609 0.0283159 0.0325609 0.0283159 0.0325609 0.0283159
50569 0.0000089 0.0000078 0.0113445 0.0099290 0.0113445 0.0099290 0.0113445 0.0099290
50570 0.0000131 0.0000115 0.0159396 0.0140118 0.0159396 0.0140118 0.0159396 0.0140118
50596 0.0000519 0.0000420 0.1071312 0.0867941 0.1071312 0.0867941 0.1071312 0.0867941
50597 0.0000101 0.0000085 0.0159522 0.0134435 0.0159522 0.0134435 0.0159522 0.0134435
50598 0.0000148 0.0000125 0.0231966 0.0196518 0.0231966 0.0196518 0.0231966 0.0196518
50599 0.0000374 0.0000320 0.0588517 0.0503625 0.0588517 0.0503625 0.0588517 0.0503625
50600 0.0000189 0.0000163 0.0263338 0.0227368 0.0263338 0.0227368 0.0263338 0.0227368
50601 0.0000125 0.0000108 0.0173987 0.0151017 0.0173987 0.0151017 0.0173987 0.0151017
50602 0.0000184 0.0000161 0.0257259 0.0224446 0.0257259 0.0224446 0.0257259 0.0224446
50603 0.0000500 0.0000442 0.0698116 0.0616270 0.0698116 0.0616270 0.0698116 0.0616270
50604 0.0000046 0.0000041 0.0051867 0.0046036 0.0051867 0.0046036 0.0051867 0.0046036
50605 0.0000176 0.0000157 0.0198826 0.0176835 0.0198826 0.0176835 0.0198826 0.0176835
50606 0.0000335 0.0000299 0.0377276 0.0336734 0.0377276 0.0336734 0.0377276 0.0336734
50607 0.0000090 0.0000081 0.0101991 0.0091425 0.0101991 0.0091425 0.0101991 0.0091425
50613 0.0000299 0.0000242 0.0607931 0.0492197 0.0607931 0.0492197 0.0607931 0.0492197
50614 0.0000150 0.0000125 0.0280222 0.0232748 0.0280222 0.0232748 0.0280222 0.0232748
50615 0.0000101 0.0000085 0.0189057 0.0159498 0.0189057 0.0159498 0.0189057 0.0159498
50616 0.0000142 0.0000121 0.0264934 0.0225827 0.0264934 0.0225827 0.0264934 0.0225827
50617 0.0000105 0.0000090 0.0196256 0.0168871 0.0196256 0.0168871 0.0196256 0.0168871
50650 0.0000047 0.0000040 0.0075530 0.0063936 0.0075530 0.0063936 0.0075530 0.0063936
50654 0.0000160 0.0000139 0.0231606 0.0200337 0.0231606 0.0200337 0.0231606 0.0200337
50655 0.0000098 0.0000086 0.0121772 0.0106767 0.0121772 0.0106767 0.0121772 0.0106767
50656 0.0000340 0.0000300 0.0423923 0.0373601 0.0423923 0.0373601 0.0423923 0.0373601
50658 0.0000414 0.0000368 0.0478606 0.0425068 0.0478606 0.0425068 0.0478606 0.0425068
50660 0.0000094 0.0000084 0.0099301 0.0088931 0.0099301 0.0088931 0.0099301 0.0088931
50661 0.0000048 0.0000043 0.0051070 0.0045793 0.0051070 0.0045793 0.0051070 0.0045793
50662 0.0000105 0.0000094 0.0110919 0.0099576 0.0110919 0.0099576 0.0110919 0.0099576
50663 0.0000208 0.0000187 0.0220115 0.0198119 0.0220115 0.0198119 0.0220115 0.0198119
50664 0.0000208 0.0000188 0.0220049 0.0198561 0.0220049 0.0198561 0.0220049 0.0198561
50665 0.0000066 0.0000060 0.0070145 0.0063401 0.0070145 0.0063401 0.0070145 0.0063401
50666 0.0000057 0.0000052 0.0060247 0.0054520 0.0060247 0.0054520 0.0060247 0.0054520
50667 0.0000338 0.0000306 0.0357226 0.0323961 0.0357226 0.0323961 0.0357226 0.0323961
50668 0.0000361 0.0000328 0.0381268 0.0347000 0.0381268 0.0347000 0.0381268 0.0347000
50669 0.0000246 0.0000224 0.0215134 0.0196362 0.0215134 0.0196362 0.0215134 0.0196362
50670 0.0000059 0.0000054 0.0052057 0.0047693 0.0052057 0.0047693 0.0052057 0.0047693
50671 0.0000171 0.0000157 0.0149972 0.0137557 0.0149972 0.0137557 0.0149972 0.0137557
50672 0.0000042 0.0000038 0.0032879 0.0030274 0.0032879 0.0030274 0.0032879 0.0030274
50673 0.0000128 0.0000117 0.0100481 0.0092581 0.0100481 0.0092581 0.0100481 0.0092581
50674 0.0000170 0.0000157 0.0128575 0.0118839 0.0128575 0.0118839 0.0128575 0.0118839
50675 0.0000237 0.0000219 0.0179033 0.0165685 0.0179033 0.0165685 0.0179033 0.0165685
50676 0.0000075 0.0000069 0.0056530 0.0052368 0.0056530 0.0052368 0.0056530 0.0052368
50677 0.0000088 0.0000081 0.0062773 0.0058243 0.0062773 0.0058243 0.0062773 0.0058243
50678 0.0000080 0.0000075 0.0057613 0.0053489 0.0057613 0.0053489 0.0057613 0.0053489
50679 0.0000184 0.0000171 0.0132131 0.0122783 0.0132131 0.0122783 0.0132131 0.0122783
50853 0.0000151 0.0000132 0.0198521 0.0173803 0.0198521 0.0173803 0.0198521 0.0173803
50854 0.0000054 0.0000047 0.0070610 0.0062208 0.0070610 0.0062208 0.0070610 0.0062208
50857 0.0000576 0.0000514 0.0656505 0.0585669 0.0656505 0.0585669 0.0656505 0.0585669
50862 0.0000256 0.0000232 0.0261183 0.0236597 0.0261183 0.0236597 0.0261183 0.0236597
50863 0.0000071 0.0000065 0.0072649 0.0065931 0.0072649 0.0065931 0.0072649 0.0065931
50874 0.0000271 0.0000232 0.0398313 0.0341533 0.0398313 0.0341533 0.0398313 0.0341533
50875 0.0000191 0.0000165 0.0281573 0.0243253 0.0281573 0.0243253 0.0281573 0.0243253
50876 0.0000209 0.0000182 0.0308199 0.0267721 0.0308199 0.0267721 0.0308199 0.0267721
50885 0.0000218 0.0000176 0.0439717 0.0355069 0.0439717 0.0355069 0.0439717 0.0355069
50886 0.0000151 0.0000124 0.0304984 0.0249650 0.0304984 0.0249650 0.0304984 0.0249650
50887 0.0000075 0.0000063 0.0151693 0.0127250 0.0151693 0.0127250 0.0151693 0.0127250
50889 0.0000044 0.0000037 0.0088227 0.0074554 0.0088227 0.0074554 0.0088227 0.0074554
50897 0.0000096 0.0000083 0.0136372 0.0117353 0.0136372 0.0117353 0.0136372 0.0117353
51015 0.0000288 0.0000262 0.0276076 0.0251310 0.0276076 0.0251310 0.0276076 0.0251310
51093 0.0000062 0.0000051 0.0121133 0.0098457 0.0121133 0.0098457 0.0121133 0.0098457
51152 0.0000114 0.0000098 0.0158059 0.0136446 0.0158059 0.0136446 0.0158059 0.0136446
51154 0.0000060 0.0000052 0.0083511 0.0072662 0.0083511 0.0072662 0.0083511 0.0072662
51159 0.0000539 0.0000476 0.0750647 0.0662657 0.0750647 0.0662657 0.0750647 0.0662657
51160 0.0000264 0.0000236 0.0286484 0.0256457 0.0286484 0.0256457 0.0286484 0.0256457
51162 0.0000196 0.0000180 0.0162676 0.0149450 0.0162676 0.0149450 0.0162676 0.0149450
51163 0.0000052 0.0000048 0.0043469 0.0040069 0.0043469 0.0040069 0.0043469 0.0040069
51165 0.0000071 0.0000066 0.0059185 0.0054697 0.0059185 0.0054697 0.0059185 0.0054697
51166 0.0000056 0.0000052 0.0046149 0.0042721 0.0046149 0.0042721 0.0046149 0.0042721
51167 0.0000183 0.0000170 0.0151513 0.0140626 0.0151513 0.0140626 0.0151513 0.0140626
51171 0.0000202 0.0000166 0.0376499 0.0308951 0.0376499 0.0308951 0.0376499 0.0308951
51172 0.0000057 0.0000048 0.0106957 0.0089122 0.0106957 0.0089122 0.0106957 0.0089122
51175 0.0000179 0.0000152 0.0276960 0.0236255 0.0276960 0.0236255 0.0276960 0.0236255
51176 0.0000157 0.0000136 0.0214421 0.0185780 0.0214421 0.0185780 0.0214421 0.0185780
51177 0.0000052 0.0000046 0.0071833 0.0062643 0.0071833 0.0062643 0.0071833 0.0062643
51178 0.0000288 0.0000253 0.0361684 0.0317700 0.0361684 0.0317700 0.0361684 0.0317700
51179 0.0000144 0.0000129 0.0157063 0.0140111 0.0157063 0.0140111 0.0157063 0.0140111
51180 0.0000053 0.0000047 0.0056303 0.0050350 0.0056303 0.0050350 0.0056303 0.0050350
51181 0.0000217 0.0000195 0.0226991 0.0203733 0.0226991 0.0203733 0.0226991 0.0203733
51182 0.0000067 0.0000060 0.0066296 0.0059723 0.0066296 0.0059723 0.0066296 0.0059723
51183 0.0000067 0.0000060 0.0065369 0.0058971 0.0065369 0.0058971 0.0065369 0.0058971
51187 0.0000056 0.0000050 0.0053878 0.0048739 0.0053878 0.0048739 0.0053878 0.0048739
51188 0.0000119 0.0000108 0.0115411 0.0104579 0.0115411 0.0104579 0.0115411 0.0104579
51200 0.0000173 0.0000148 0.0285511 0.0243066 0.0285511 0.0243066 0.0285511 0.0243066
51201 0.0000222 0.0000194 0.0294670 0.0257404 0.0294670 0.0257404 0.0294670 0.0257404
51202 0.0000179 0.0000158 0.0237702 0.0209710 0.0237702 0.0209710 0.0237702 0.0209710
51206 0.0000325 0.0000290 0.0369579 0.0329337 0.0369579 0.0329337 0.0369579 0.0329337
51208 0.0000221 0.0000199 0.0251512 0.0225654 0.0251512 0.0225654 0.0251512 0.0225654
51209 0.0000290 0.0000262 0.0290359 0.0261871 0.0290359 0.0261871 0.0290359 0.0261871
51210 0.0000268 0.0000243 0.0255763 0.0231789 0.0255763 0.0231789 0.0255763 0.0231789
51211 0.0000301 0.0000274 0.0287481 0.0261867 0.0287481 0.0261867 0.0287481 0.0261867
51212 0.0000532 0.0000487 0.0461240 0.0422139 0.0461240 0.0422139 0.0461240 0.0422139
51213 0.0000071 0.0000066 0.0058131 0.0053376 0.0058131 0.0053376 0.0058131 0.0053376
51214 0.0000112 0.0000103 0.0090793 0.0083453 0.0090793 0.0083453 0.0090793 0.0083453
51215 0.0000422 0.0000389 0.0343728 0.0316762 0.0343728 0.0316762 0.0343728 0.0316762
51217 0.0000063 0.0000059 0.0048159 0.0044480 0.0048159 0.0044480 0.0048159 0.0044480
51220 0.0000198 0.0000161 0.0391805 0.0318367 0.0391805 0.0318367 0.0391805 0.0318367
51222 0.0000271 0.0000233 0.0419321 0.0361337 0.0419321 0.0361337 0.0419321 0.0361337
51225 0.0000122 0.0000108 0.0145577 0.0129147 0.0145577 0.0129147 0.0145577 0.0129147
51226 0.0000055 0.0000049 0.0059849 0.0053399 0.0059849 0.0053399 0.0059849 0.0053399
51228 0.0000463 0.0000418 0.0490462 0.0443286 0.0490462 0.0443286 0.0490462 0.0443286
51229 0.0000218 0.0000199 0.0192576 0.0175988 0.0192576 0.0175988 0.0192576 0.0175988
51230 0.0000158 0.0000145 0.0127993 0.0117724 0.0127993 0.0117724 0.0127993 0.0117724
51234 0.0000640 0.0000527 0.1288458 0.1060535 0.1288458 0.1060535 0.1288458 0.1060535
51236 0.0000192 0.0000167 0.0262144 0.0228202 0.0262144 0.0228202 0.0262144 0.0228202
51237 0.0000159 0.0000140 0.0194945 0.0171821 0.0194945 0.0171821 0.0194945 0.0171821
RN   Bit10Corr  Bit10UC   Bit18Corr  Bit18UC   Bit22Corr  Bit22UC (units pb^-1)

Totals: 0.02444 0.02195 18.06285 15.89588 18.05986 15.89330  pb^-1
(int) 0
