
Processing get_luminosity_182630.C("listrunnumber.txt",1,1,1)...
RN   Bit10Corr  Bit10UC   Bit18Corr  Bit18UC   Bit22Corr  Bit22UC   Bit30Corr  Bit30UC (units pb^-1)

47289 0.0000614 0.0000542 0.0256796 0.0226638 0.0256796 0.0226638 0.0256796 0.0226638
47291 0.0000420 0.0000371 0.0175395 0.0155238 0.0175395 0.0155238 0.0175395 0.0155238
47293 0.0000459 0.0000407 0.0191991 0.0170325 0.0191991 0.0170325 0.0191991 0.0170325
47306 0.0000558 0.0000498 0.0202391 0.0180894 0.0202391 0.0180894 0.0202391 0.0180894
47310 0.0001564 0.0001405 0.0547313 0.0491856 0.0547313 0.0491856 0.0547313 0.0491856
47313 0.0002938 0.0002666 0.0931320 0.0844999 0.0931320 0.0844999 0.0931320 0.0844999
47314 0.0002092 0.0001909 0.0619297 0.0565086 0.0619297 0.0565086 0.0619297 0.0565086
47315 0.0000749 0.0000685 0.0150566 0.0137731 0.0150566 0.0137731 0.0150566 0.0137731
47316 0.0001811 0.0001659 0.0273428 0.0250561 0.0273428 0.0250561 0.0273428 0.0250561
47333 0.0000548 0.0000497 0.0179298 0.0162477 0.0179298 0.0162477 0.0179298 0.0162477
47334 0.0001122 0.0001020 0.0366762 0.0333472 0.0366762 0.0333472 0.0366762 0.0333472
47357 0.0001118 0.0001030 0.0146509 0.0134906 0.0146509 0.0134906 0.0146509 0.0134906
47360 0.0004629 0.0004275 0.0532308 0.0491640 0.0532308 0.0491640 0.0532308 0.0491640
47363 0.0006863 0.0006369 0.0713784 0.0662383 0.0713784 0.0662383 0.0713784 0.0662383
47376 0.0002931 0.0002646 0.0554036 0.0500150 0.0554036 0.0500150 0.0554036 0.0500150
47377 0.0001173 0.0001064 0.0192373 0.0174475 0.0192373 0.0174475 0.0192373 0.0174475
47378 0.0005818 0.0005312 0.0895965 0.0817979 0.0895965 0.0817979 0.0895965 0.0817979
47379 0.0001595 0.0001462 0.0210554 0.0192959 0.0210554 0.0192959 0.0210554 0.0192959
47380 0.0000618 0.0000567 0.0079107 0.0072585 0.0079107 0.0072585 0.0079107 0.0072585
47381 0.0001818 0.0001670 0.0229042 0.0210405 0.0229042 0.0210405 0.0229042 0.0210405
47382 0.0001137 0.0001048 0.0135293 0.0124694 0.0135293 0.0124694 0.0135293 0.0124694
47391 0.0003041 0.0002732 0.0474381 0.0426224 0.0474381 0.0426224 0.0474381 0.0426224
47393 0.0000674 0.0000609 0.0124093 0.0112061 0.0124093 0.0112061 0.0124093 0.0112061
47394 0.0000630 0.0000570 0.0116000 0.0104943 0.0116000 0.0104943 0.0116000 0.0104943
47395 0.0002411 0.0002188 0.0407516 0.0369843 0.0407516 0.0369843 0.0407516 0.0369843
47396 0.0003179 0.0002899 0.0537233 0.0489911 0.0537233 0.0489911 0.0537233 0.0489911
47440 0.0006594 0.0005930 0.1068199 0.0960656 0.1068199 0.0960656 0.1068199 0.0960656
47443 0.0002272 0.0002058 0.0368115 0.0333421 0.0368115 0.0333421 0.0368115 0.0333421
47454 0.0003684 0.0003325 0.0814116 0.0734725 0.0814116 0.0734725 0.0814116 0.0734725
47455 0.0000489 0.0000444 0.0076215 0.0069212 0.0076215 0.0069212 0.0076215 0.0069212
47457 0.0002822 0.0002573 0.0440308 0.0401397 0.0440308 0.0401397 0.0440308 0.0401397
47458 0.0005607 0.0005138 0.0874643 0.0801522 0.0874643 0.0801522 0.0874643 0.0801522
47459 0.0000529 0.0000486 0.0082478 0.0075842 0.0082478 0.0075842 0.0082478 0.0075842
47461 0.0006663 0.0006150 0.0766208 0.0707221 0.0766208 0.0707221 0.0766208 0.0707221
47462 0.0001282 0.0001186 0.0135882 0.0125762 0.0135882 0.0125762 0.0135882 0.0125762
47463 0.0006130 0.0005687 0.0631391 0.0585807 0.0631391 0.0585807 0.0631391 0.0585807
47464 0.0002533 0.0002356 0.0260925 0.0242713 0.0260925 0.0242713 0.0260925 0.0242713
47474 0.0002190 0.0001943 0.0435793 0.0386620 0.0435793 0.0386620 0.0435793 0.0386620
47478 0.0005518 0.0005015 0.1020830 0.0927864 0.1020830 0.0927864 0.1020830 0.0927864
47480 0.0002608 0.0002398 0.0339053 0.0311682 0.0339053 0.0311682 0.0339053 0.0311682
47481 0.0000703 0.0000649 0.0078704 0.0072640 0.0078704 0.0072640 0.0078704 0.0072640
47482 0.0001183 0.0001094 0.0127812 0.0118196 0.0127812 0.0118196 0.0127812 0.0118196
47484 0.0001094 0.0001015 0.0111633 0.0103511 0.0111633 0.0103511 0.0111633 0.0103511
47485 0.0001227 0.0001143 0.0111675 0.0104040 0.0111675 0.0104040 0.0111675 0.0104040
47489 0.0007623 0.0007144 0.0647941 0.0607262 0.0647941 0.0607262 0.0647941 0.0607262
47491 0.0008040 0.0007575 0.0586950 0.0553007 0.0586950 0.0553007 0.0586950 0.0553007
47492 0.0002343 0.0002213 0.0156997 0.0148257 0.0156997 0.0148257 0.0156997 0.0148257
47494 0.0000862 0.0000814 0.0056001 0.0052935 0.0056001 0.0052935 0.0056001 0.0052935
47495 0.0005930 0.0005616 0.0385459 0.0365014 0.0385459 0.0365014 0.0385459 0.0365014
47497 0.0000721 0.0000684 0.0046878 0.0044466 0.0046878 0.0044466 0.0046878 0.0044466
47501 0.0005910 0.0005220 0.1353475 0.1195432 0.1353475 0.1195432 0.1353475 0.1195432
47502 0.0005095 0.0004564 0.1166697 0.1045195 0.1166697 0.1045195 0.1166697 0.1045195
47503 0.0004250 0.0003838 0.0777765 0.0702331 0.0777765 0.0702331 0.0777765 0.0702331
47505 0.0001020 0.0000927 0.0155998 0.0141858 0.0155998 0.0141858 0.0155998 0.0141858
47506 0.0005806 0.0005299 0.0888291 0.0810804 0.0888291 0.0810804 0.0888291 0.0810804
47507 0.0002573 0.0002357 0.0393592 0.0360686 0.0393592 0.0360686 0.0393592 0.0360686
47509 0.0003632 0.0003339 0.0454050 0.0417371 0.0454050 0.0417371 0.0454050 0.0417371
47513 0.0001294 0.0001096 0.0495685 0.0419699 0.0495685 0.0419699 0.0495685 0.0419699
47514 0.0001946 0.0001707 0.0521472 0.0457581 0.0521472 0.0457581 0.0521472 0.0457581
47516 0.0004545 0.0004054 0.1218106 0.1086435 0.1218106 0.1086435 0.1218106 0.1086435
47517 0.0005428 0.0004899 0.0873924 0.0788742 0.0873924 0.0788742 0.0873924 0.0788742
47519 0.0003058 0.0002777 0.0412826 0.0374956 0.0412826 0.0374956 0.0412826 0.0374956
47521 0.0007235 0.0006627 0.0860977 0.0788650 0.0860977 0.0788650 0.0860977 0.0788650
47522 0.0002575 0.0002369 0.0272984 0.0251077 0.0272984 0.0251077 0.0272984 0.0251077
47524 0.0005367 0.0004951 0.0542087 0.0500066 0.0542087 0.0500066 0.0542087 0.0500066
47525 0.0001727 0.0001597 0.0164057 0.0151707 0.0164057 0.0151707 0.0164057 0.0151707
47540 0.0005610 0.0005024 0.1037929 0.0929366 0.1037929 0.0929366 0.1037929 0.0929366
47547 0.0000554 0.0000504 0.0078602 0.0071550 0.0078602 0.0071550 0.0078602 0.0071550
47548 0.0000964 0.0000878 0.0121473 0.0110679 0.0121473 0.0110679 0.0121473 0.0110679
47549 0.0004545 0.0004152 0.0572643 0.0523094 0.0572643 0.0523094 0.0572643 0.0523094
47552 0.0007052 0.0006472 0.0888532 0.0815502 0.0888532 0.0815502 0.0888532 0.0815502
47557 0.0002623 0.0002214 0.0981126 0.0828098 0.0981126 0.0828098 0.0981126 0.0828098
47568 0.0002643 0.0002333 0.0459897 0.0405859 0.0459897 0.0405859 0.0459897 0.0405859
47634 0.0000516 0.0000461 0.0560733 0.0500759 0.0560733 0.0500759 0.0560733 0.0500759
47635 0.0000814 0.0000732 0.0831639 0.0748355 0.0831639 0.0748355 0.0831639 0.0748355
47636 0.0000252 0.0000228 0.0257988 0.0232974 0.0257988 0.0232974 0.0257988 0.0232974
47637 0.0000892 0.0000809 0.0912047 0.0826469 0.0912047 0.0826469 0.0912047 0.0826469
47638 0.0000240 0.0000218 0.0217845 0.0198047 0.0217845 0.0198047 0.0217845 0.0198047
47650 0.0000353 0.0000293 0.0630661 0.0522605 0.0630661 0.0522605 0.0630661 0.0522605
47657 0.0000345 0.0000292 0.0558592 0.0472627 0.0558592 0.0472627 0.0558592 0.0472627
47658 0.0000762 0.0000657 0.1105973 0.0953484 0.1105973 0.0953484 0.1105973 0.0953484
47659 0.0000178 0.0000155 0.0235774 0.0204917 0.0235774 0.0204917 0.0235774 0.0204917
47661 0.0000454 0.0000397 0.0587891 0.0513895 0.0587891 0.0513895 0.0587891 0.0513895
47662 0.0000294 0.0000258 0.0361973 0.0317875 0.0361973 0.0317875 0.0361973 0.0317875
47664 0.0000572 0.0000505 0.0680261 0.0600802 0.0680261 0.0600802 0.0680261 0.0600802
47666 0.0000315 0.0000280 0.0346628 0.0308728 0.0346628 0.0308728 0.0346628 0.0308728
47667 0.0000366 0.0000327 0.0394201 0.0352285 0.0394201 0.0352285 0.0394201 0.0352285
47714 0.0000503 0.0000414 0.0948482 0.0782070 0.0948482 0.0782070 0.0948482 0.0782070
47715 0.0000161 0.0000134 0.0269816 0.0225626 0.0269816 0.0225626 0.0269816 0.0225626
47716 0.0000186 0.0000157 0.0298205 0.0251532 0.0298205 0.0251532 0.0298205 0.0251532
47719 0.0000259 0.0000222 0.0374837 0.0322159 0.0374837 0.0322159 0.0374837 0.0322159
47720 0.0000725 0.0000630 0.0996841 0.0866338 0.0996841 0.0866338 0.0996841 0.0866338
47721 0.0000094 0.0000082 0.0118405 0.0103622 0.0118405 0.0103622 0.0118405 0.0103622
47722 0.0000577 0.0000507 0.0716022 0.0629535 0.0716022 0.0629535 0.0716022 0.0629535
47723 0.0000618 0.0000547 0.0725141 0.0642022 0.0725141 0.0642022 0.0725141 0.0642022
47724 0.0000700 0.0000624 0.0781227 0.0695903 0.0781227 0.0695903 0.0781227 0.0695903
47725 0.0000201 0.0000180 0.0213164 0.0190716 0.0213164 0.0190716 0.0213164 0.0190716
47726 0.0000961 0.0000864 0.0994356 0.0893864 0.0994356 0.0893864 0.0994356 0.0893864
47727 0.0000470 0.0000424 0.0459785 0.0415088 0.0459785 0.0415088 0.0229892 0.0207543
47729 0.0000117 0.0000106 0.0111726 0.0101099 0.0111726 0.0101099 0.0111726 0.0101099
47730 0.0000140 0.0000127 0.0131698 0.0119293 0.0131698 0.0119293 0.0131698 0.0119293
47732 0.0000938 0.0000852 0.0867429 0.0788433 0.0867429 0.0788433 0.0867429 0.0788433
47733 0.0000925 0.0000845 0.0817061 0.0745849 0.0817061 0.0745849 0.0817061 0.0745849
47783 0.0000101 0.0000088 0.0132157 0.0115697 0.0132157 0.0115697 0.0132157 0.0115697
47831 0.0000138 0.0000123 0.0151186 0.0134713 0.0151186 0.0134713 0.0151186 0.0134713
47834 0.0000330 0.0000295 0.0356424 0.0318455 0.0356424 0.0318455 0.0356424 0.0318455
47889 0.0000810 0.0000688 0.1265313 0.1074956 0.1265313 0.1074956 0.1265313 0.1074956
47890 0.0000269 0.0000230 0.0394893 0.0337859 0.0394893 0.0337859 0.0394893 0.0337859
47892 0.0000498 0.0000428 0.0712029 0.0612232 0.0712029 0.0612232 0.0712029 0.0612232
47893 0.0000248 0.0000216 0.0332542 0.0288730 0.0332542 0.0288730 0.0332542 0.0288730
47940 0.0000033 0.0000027 0.0061343 0.0050476 0.0061343 0.0050476 0.0061343 0.0050476
47944 0.0000032 0.0000027 0.0052105 0.0044158 0.0052105 0.0044158 0.0052105 0.0044158
47946 0.0000023 0.0000020 0.0033483 0.0028740 0.0033483 0.0028740 0.0033483 0.0028740
47966 0.0000140 0.0000126 0.0174017 0.0156140 0.0174017 0.0156140 0.0174017 0.0156140
47972 0.0000647 0.0000592 0.0574305 0.0525159 0.0574305 0.0525159 0.0574305 0.0525159
47973 0.0000155 0.0000143 0.0125571 0.0115419 0.0125571 0.0115419 0.0125571 0.0115419
47975 0.0000067 0.0000061 0.0052688 0.0048506 0.0052688 0.0048506 0.0052688 0.0048506
47976 0.0000344 0.0000318 0.0262436 0.0242546 0.0262436 0.0242546 0.0262436 0.0242546
47977 0.0000086 0.0000080 0.0062518 0.0057948 0.0062518 0.0057948 0.0062518 0.0057948
47978 0.0000460 0.0000427 0.0329599 0.0306035 0.0329599 0.0306035 0.0329599 0.0306035
47979 0.0000337 0.0000314 0.0235878 0.0219368 0.0235878 0.0219368 0.0235878 0.0219368
47982 0.0000282 0.0000263 0.0189532 0.0176730 0.0189532 0.0176730 0.0189532 0.0176730
47998 0.0000209 0.0000174 0.0368002 0.0306157 0.0368002 0.0306157 0.0368002 0.0306157
47999 0.0000291 0.0000247 0.0456699 0.0388052 0.0456699 0.0388052 0.0456699 0.0388052
48001 0.0000246 0.0000212 0.0355869 0.0306042 0.0355869 0.0306042 0.0355869 0.0306042
48002 0.0000620 0.0000537 0.0895912 0.0777095 0.0895912 0.0777095 0.0895912 0.0777095
48008 0.0000435 0.0000384 0.0531003 0.0469069 0.0531003 0.0469069 0.0531003 0.0469069
48073 0.0000083 0.0000073 0.0144607 0.0126342 0.0144607 0.0126342 0.0144607 0.0126342
48076 0.0000353 0.0000313 0.0613919 0.0543893 0.0613919 0.0543893 0.0613919 0.0543893
48079 0.0000137 0.0000122 0.0147078 0.0131506 0.0147078 0.0131506 0.0147078 0.0131506
48082 0.0000153 0.0000137 0.0157990 0.0141701 0.0157990 0.0141701 0.0157990 0.0141701
48084 0.0000567 0.0000510 0.0575586 0.0517964 0.0575586 0.0517964 0.0575586 0.0517964
48085 0.0000220 0.0000199 0.0209013 0.0189198 0.0209013 0.0189198 0.0209013 0.0189198
48086 0.0000384 0.0000349 0.0352187 0.0320053 0.0352187 0.0320053 0.0352187 0.0320053
48088 0.0000456 0.0000396 0.0668704 0.0580600 0.0668704 0.0580600 0.0668704 0.0580600
48089 0.0000378 0.0000334 0.0458548 0.0404829 0.0458548 0.0404829 0.0458548 0.0404829
48097 0.0000188 0.0000170 0.0195010 0.0177070 0.0195010 0.0177070 0.0195010 0.0177070
48099 0.0000345 0.0000314 0.0313170 0.0284947 0.0313170 0.0284947 0.0313170 0.0284947
48166 0.0000656 0.0000596 0 0 0 0 0 0
48172 0.0002326 0.0002011 0 0 0 0 0 0
48176 0.0000414 0.0000366 0.0524249 0.0463025 0.0524249 0.0463025 0.0524249 0.0463025
48177 0.0000429 0.0000382 0.0480902 0.0428588 0.0480902 0.0428588 0.0480902 0.0428588
48179 0.0000358 0.0000321 0.0377619 0.0338776 0.0377619 0.0338776 0.0377619 0.0338776
48181 0.0000341 0.0000308 0.0359557 0.0325315 0.0359557 0.0325315 0.0359557 0.0325315
48185 0.0000143 0.0000130 0.0150923 0.0137314 0.0150923 0.0137314 0.0150923 0.0137314
48230 0.0000368 0.0000318 0.0102577 0.0088465 0.0051555 0.0044463 0.0050759 0.0043776
48233 0.0000140 0.0000124 0.0330030 0.0291888 0.0330030 0.0291888 0.0330030 0.0291888
48236 0.0000190 0.0000170 0.0406281 0.0363571 0.0406281 0.0363571 0.0406281 0.0363571
48237 0.0000263 0.0000237 0.0534875 0.0481329 0.0534875 0.0481329 0.0534875 0.0481329
48238 0.0000210 0.0000190 0.0402583 0.0364450 0.0402583 0.0364450 0.0402583 0.0364450
48239 0.0000196 0.0000178 0.0375204 0.0340634 0.0375204 0.0340634 0.0375204 0.0340634
48240 0.0000198 0.0000180 0.0379341 0.0345353 0.0379341 0.0345353 0.0379341 0.0345353
48244 0.0000999 0.0000912 0 0 0 0 0 0
48245 0.0000086 0.0000078 0.0146364 0.0133817 0.0146364 0.0133817 0.0146364 0.0133817
48246 0.0000238 0.0000218 0.0407049 0.0372784 0.0407049 0.0372784 0.0407049 0.0372784
48253 0.0000094 0.0000082 0.0242286 0.0212247 0.0242286 0.0212247 0.0121142 0.0106123
48255 0.0000261 0.0000232 0.0625172 0.0555929 0.0625172 0.0555929 0.0312585 0.0277964
48256 0.0000240 0.0000215 0.0572940 0.0514950 0.0572940 0.0514950 0.0286470 0.0257475
48257 0.0000221 0.0000200 0.0529786 0.0479487 0.0529786 0.0479487 0.0264893 0.0239743
48258 0.0000208 0.0000190 0.0498248 0.0453299 0.0498248 0.0453299 0.0249124 0.0226650
48259 0.0000124 0.0000114 0.0297803 0.0271918 0.0297803 0.0271918 0.0148901 0.0135959
48260 0.0000187 0.0000172 0.0447351 0.0410493 0.0447351 0.0410493 0.0223675 0.0205246
48261 0.0000054 0.0000050 0.0129082 0.0118698 0.0129082 0.0118698 0.0064541 0.0059349
48262 0.0000172 0.0000159 0.0411358 0.0379658 0.0411358 0.0379658 0.0205680 0.0189830
48263 0.0000126 0.0000116 0.0300764 0.0278186 0.0300764 0.0278186 0.0150382 0.0139093
48265 0.0000160 0.0000149 0.0383268 0.0355490 0.0383268 0.0355490 0.0191634 0.0177745
48290 0.0000288 0.0000256 0.0648250 0.0576768 0.0648250 0.0576768 0.0648250 0.0576768
48291 0.0000254 0.0000228 0.0533907 0.0478481 0.0533907 0.0478481 0.0533907 0.0478481
48293 0.0000247 0.0000222 0.0501719 0.0451427 0.0501719 0.0451427 0.0501719 0.0451427
48294 0.0000250 0.0000226 0.0490313 0.0442629 0.0490313 0.0442629 0.0490313 0.0442629
48295 0.0000124 0.0000113 0.0237153 0.0214562 0.0237153 0.0214562 0.0237153 0.0214562
48307 0.0000040 0.0000036 0.0094771 0.0083843 0.0094771 0.0083843 0.0094771 0.0083843
48312 0.0000273 0.0000246 0.0577260 0.0518505 0.0577260 0.0518505 0.0577260 0.0518505
48313 0.0000133 0.0000120 0.0260966 0.0235710 0.0260966 0.0235710 0.0260966 0.0235710
48318 0.0000044 0.0000040 0.0078774 0.0071678 0.0078774 0.0071678 0.0078774 0.0071678
48320 0.0000124 0.0000113 0.0218976 0.0199610 0.0218976 0.0199610 0.0218976 0.0199610
48323 0.0000247 0.0000227 0.0414552 0.0380234 0.0414552 0.0380234 0.0414552 0.0380234
48324 0.0000218 0.0000200 0.0350677 0.0322739 0.0350677 0.0322739 0.0350677 0.0322739
48325 0.0000230 0.0000213 0.0371061 0.0342441 0.0371061 0.0342441 0.0371061 0.0342441
48326 0.0000125 0.0000115 0.0201104 0.0185968 0.0201104 0.0185968 0.0201104 0.0185968
48327 0.0000030 0.0000028 0.0049014 0.0045522 0.0049014 0.0045522 0.0049014 0.0045522
48336 0.0000116 0.0000103 0.0274512 0.0242502 0.0274512 0.0242502 0.0274512 0.0242502
48337 0.0000051 0.0000045 0.0121117 0.0107385 0.0121117 0.0107385 0.0121117 0.0107385
48341 0.0000042 0.0000037 0.0098357 0.0087619 0.0098357 0.0087619 0.0098357 0.0087619
48342 0.0000185 0.0000166 0.0394603 0.0352978 0.0394603 0.0352978 0.0394603 0.0352978
48343 0.0000070 0.0000063 0.0144081 0.0129349 0.0144081 0.0129349 0.0144081 0.0129349
48346 0.0000235 0.0000212 0.0463172 0.0418051 0.0463172 0.0418051 0.0463172 0.0418051
48347 0.0000045 0.0000040 0.0209825 0.0189834 0.0209825 0.0189834 0.0209825 0.0189834
48348 0.0000239 0.0000217 0.0444320 0.0403392 0.0444320 0.0403392 0.0444320 0.0403392
48349 0.0000060 0.0000055 0.0109289 0.0099395 0.0109289 0.0099395 0.0109289 0.0099395
48352 0.0000214 0.0000196 0.0375264 0.0342482 0.0375264 0.0342482 0.0375264 0.0342482
48356 0.0000270 0.0000238 0.0691577 0.0608456 0.0691577 0.0608456 0.0691577 0.0608456
48358 0.0000259 0.0000233 0.0550299 0.0493397 0.0550299 0.0493397 0.0550299 0.0493397
48359 0.0000256 0.0000231 0.0512780 0.0462332 0.0512780 0.0462332 0.0512780 0.0462332
48366 0.0000232 0.0000213 0.0400172 0.0366015 0.0400172 0.0366015 0.0400172 0.0366015
48367 0.0000245 0.0000225 0.0408283 0.0374495 0.0408283 0.0374495 0.0408283 0.0374495
48368 0.0000239 0.0000219 0.0397158 0.0365136 0.0397158 0.0365136 0.0397158 0.0365136
48369 0.0000194 0.0000179 0.0323437 0.0297937 0.0323437 0.0297937 0.0323437 0.0297937
48398 0.0000085 0.0000074 0.0210087 0.0184610 0.0210087 0.0184610 0.0210087 0.0184610
48409 0.0000246 0.0000220 0.0530186 0.0474389 0.0530186 0.0474389 0.0530186 0.0474389
48410 0.0000262 0.0000236 0.0564764 0.0508076 0.0564764 0.0508076 0.0564764 0.0508076
48412 0.0000213 0.0000193 0.0458465 0.0415354 0.0458465 0.0415354 0.0458465 0.0415354
48416 0.0000126 0.0000115 0.0271637 0.0246706 0.0271637 0.0246706 0.0271637 0.0246706
48417 0.0000193 0.0000176 0.0415868 0.0379013 0.0415868 0.0379013 0.0415868 0.0379013
48418 0.0000041 0.0000037 0.0087831 0.0080194 0.0087831 0.0080194 0.0087831 0.0080194
48421 0.0000171 0.0000157 0.0290692 0.0266153 0.0290692 0.0266153 0.0290692 0.0266153
48423 0.0000060 0.0000055 0.0101230 0.0092867 0.0101230 0.0092867 0.0101230 0.0092867
48455 0.0000137 0.0000118 0.0384591 0.0332909 0.0384591 0.0332909 0.0384591 0.0332909
48456 0.0000055 0.0000048 0.0144040 0.0125556 0.0144040 0.0125556 0.0144040 0.0125556
48461 0.0000213 0.0000188 0.0514916 0.0454290 0.0514916 0.0454290 0.0514916 0.0454290
48462 0.0000217 0.0000193 0.0525554 0.0467316 0.0525554 0.0467316 0.0525554 0.0467316
48463 0.0000231 0.0000207 0.0494374 0.0442481 0.0494374 0.0442481 0.0494374 0.0442481
48469 0.0000221 0.0000200 0.0432106 0.0390793 0.0432106 0.0390793 0.0432106 0.0390793
48471 0.0000038 0.0000034 0.0070616 0.0064027 0.0070616 0.0064027 0.0070616 0.0064027
48510 0.0000095 0.0000081 0.0294701 0.0250726 0.0294701 0.0250726 0.0294701 0.0250726
48511 0.0000096 0.0000082 0.0296787 0.0253378 0.0296787 0.0253378 0.0296787 0.0253378
48512 0.0000107 0.0000092 0.0329895 0.0283147 0.0329895 0.0283147 0.0329895 0.0283147
48513 0.0000240 0.0000208 0.0743623 0.0642615 0.0743623 0.0642615 0.0743623 0.0642615
48514 0.0000137 0.0000120 0.0425191 0.0369653 0.0425191 0.0369653 0.0425191 0.0369653
48516 0.0000129 0.0000113 0.0398355 0.0348163 0.0398355 0.0348163 0.0398355 0.0348163
48518 0.0000230 0.0000202 0.0566910 0.0498333 0.0566910 0.0498333 0.0566910 0.0498333
48519 0.0000143 0.0000127 0.0353260 0.0311568 0.0353260 0.0311568 0.0353260 0.0311568
48520 0.0000238 0.0000211 0.0585863 0.0519668 0.0585863 0.0519668 0.0585863 0.0519668
48521 0.0000237 0.0000211 0.0583134 0.0518791 0.0583134 0.0518791 0.0583134 0.0518791
48522 0.0000241 0.0000215 0.0592240 0.0528517 0.0592240 0.0528517 0.0592240 0.0528517
48527 0.0000028 0.0000025 0.0069681 0.0062410 0.0069681 0.0062410 0.0069681 0.0062410
48529 0.0000086 0.0000077 0.0211381 0.0189649 0.0211381 0.0189649 0.0211381 0.0189649
48530 0.0000199 0.0000179 0.0489861 0.0440857 0.0489861 0.0440857 0.0489861 0.0440857
48531 0.0000190 0.0000172 0.0468738 0.0422711 0.0468738 0.0422711 0.0468738 0.0422711
48532 0.0000180 0.0000162 0.0442479 0.0399787 0.0442479 0.0399787 0.0442479 0.0399787
48533 0.0000130 0.0000118 0.0320041 0.0289619 0.0320041 0.0289619 0.0320041 0.0289619
48536 0.0000060 0.0000054 0.0147061 0.0133375 0.0147061 0.0133375 0.0147061 0.0133375
48635 0.0000282 0.0000245 0.0754190 0.0655879 0.0754190 0.0655879 0.0754190 0.0655879
48636 0.0000256 0.0000224 0.0686179 0.0600911 0.0686179 0.0600911 0.0686179 0.0600911
48638 0.0000165 0.0000145 0.0442684 0.0389759 0.0442684 0.0389759 0.0442684 0.0389759
48639 0.0000176 0.0000156 0.0471473 0.0416831 0.0471473 0.0416831 0.0471473 0.0416831
48640 0.0000225 0.0000201 0.0603459 0.0537823 0.0603459 0.0537823 0.0603459 0.0537823
48645 0.0000205 0.0000184 0.0548064 0.0491854 0.0548064 0.0491854 0.0548064 0.0491854
48656 0.0000067 0.0000060 0.0179237 0.0161855 0.0179237 0.0161855 0.0179237 0.0161855
48657 0.0000190 0.0000172 0.0510317 0.0461722 0.0510317 0.0461722 0.0510317 0.0461722
48658 0.0000180 0.0000163 0.0481946 0.0437106 0.0481946 0.0437106 0.0481946 0.0437106
48660 0.0000124 0.0000113 0.0331674 0.0301590 0.0331674 0.0301590 0.0331674 0.0301590
48701 0.0000163 0.0000138 0.0547045 0.0460943 0.0547045 0.0460943 0.0547045 0.0460943
48706 0.0000039 0.0000031 0.0164616 0.0131453 0.0164616 0.0131453 0.0164616 0.0131453
48720 0.0000193 0.0000168 0.0540910 0.0468653 0.0540910 0.0468653 0.0540910 0.0468653
48721 0.0000123 0.0000108 0.0296388 0.0261188 0.0296388 0.0261188 0.0296388 0.0261188
48722 0.0000383 0.0000341 0.0923781 0.0822232 0.0923781 0.0822232 0.0923781 0.0822232
48725 0.0000264 0.0000238 0.0637810 0.0573556 0.0637810 0.0573556 0.0637810 0.0573556
48726 0.0000297 0.0000269 0.0716880 0.0648421 0.0716880 0.0648421 0.0716880 0.0648421
48727 0.0000377 0.0000344 0.0909866 0.0829278 0.0909866 0.0829278 0.0909866 0.0829278
48730 0.0000042 0.0000033 0.0169797 0.0136495 0.0169797 0.0136495 0.0169797 0.0136495
48731 0.0000268 0.0000219 0.1063001 0.0867215 0.1063001 0.0867215 0.1063001 0.0867215
48732 0.0000054 0.0000046 0.0188474 0.0157589 0.0188474 0.0157589 0.0188474 0.0157589
48734 0.0000376 0.0000318 0.0608246 0.0514693 0.0608246 0.0514693 0.0608246 0.0514693
48735 0.0000429 0.0000369 0.0620004 0.0533742 0.0620004 0.0533742 0.0620004 0.0533742
48736 0.0000156 0.0000136 0.0204021 0.0177793 0.0204021 0.0177793 0.0204021 0.0177793
48742 0.0000297 0.0000261 0.0367463 0.0322846 0.0367463 0.0322846 0.0367463 0.0322846
48743 0.0000228 0.0000203 0.0256830 0.0228479 0.0256830 0.0228479 0.0256830 0.0228479
48745 0.0000117 0.0000105 0.0126210 0.0112711 0.0126210 0.0112711 0.0126210 0.0112711
48746 0.0000086 0.0000077 0.0090855 0.0081667 0.0090855 0.0081667 0.0090855 0.0081667
48801 0.0000559 0.0000479 0.0902787 0.0774095 0.0902787 0.0774095 0.0902787 0.0774095
48803 0.0000285 0.0000249 0.0374149 0.0327039 0.0374149 0.0327039 0.0374149 0.0327039
48805 0.0000403 0.0000355 0.0528368 0.0466112 0.0528368 0.0466112 0.0528368 0.0466112
48806 0.0000090 0.0000080 0.0117839 0.0104599 0.0117839 0.0104599 0.0117839 0.0104599
48807 0.0000567 0.0000506 0.0744161 0.0664351 0.0744161 0.0664351 0.0744161 0.0664351
48810 0.0000130 0.0000118 0.0170695 0.0154552 0.0170695 0.0154552 0.0170695 0.0154552
48811 0.0000099 0.0000089 0.0129300 0.0117317 0.0129300 0.0117317 0.0129300 0.0117317
48812 0.0000231 0.0000210 0.0302419 0.0275197 0.0302419 0.0275197 0.0302419 0.0275197
48813 0.0000318 0.0000291 0.0417041 0.0381904 0.0417041 0.0381904 0.0417041 0.0381904
48814 0.0000608 0.0000560 0.0798193 0.0734510 0.0798193 0.0734510 0.0798193 0.0734510
48824 0.0000239 0.0000196 0.0454513 0.0372525 0.0454513 0.0372525 0.0454513 0.0372525
48826 0.0000406 0.0000370 0.0379065 0.0346036 0.0379065 0.0346036 0.0379065 0.0346036
48828 0.0000761 0.0000667 0.1000120 0.0877276 0.1000120 0.0877276 0.1000120 0.0877276
48829 0.0000190 0.0000169 0.0216842 0.0192461 0.0216842 0.0192461 0.0216842 0.0192461
48830 0.0000132 0.0000118 0.0146265 0.0130174 0.0146265 0.0130174 0.0146265 0.0130174
48832 0.0000545 0.0000488 0.0586463 0.0525540 0.0586463 0.0525540 0.0586463 0.0525540
48836 0.0000655 0.0000595 0.0611205 0.0555485 0.0611205 0.0555485 0.0611205 0.0555485
48838 0.0000455 0.0000416 0.0388857 0.0356026 0.0388857 0.0356026 0.0388857 0.0356026
48839 0.0000485 0.0000445 0.0414486 0.0380762 0.0414486 0.0380762 0.0414486 0.0380762
48863 0.0000165 0.0000140 0.0264510 0.0224083 0.0264510 0.0224083 0.0264510 0.0224083
48864 0.0000511 0.0000438 0.0818533 0.0701727 0.0818533 0.0701727 0.0818533 0.0701727
48865 0.0000333 0.0000289 0.0533196 0.0463674 0.0533196 0.0463674 0.0533196 0.0463674
48867 0.0000190 0.0000167 0.0241233 0.0212031 0.0241233 0.0212031 0.0241233 0.0212031
48883 0.0000148 0.0000121 0.0276808 0.0226331 0.0276808 0.0226331 0.0276808 0.0226331
48884 0.0000151 0.0000125 0.0282830 0.0233468 0.0282830 0.0233468 0.0282830 0.0233468
48885 0.0000096 0.0000080 0.0179105 0.0148882 0.0179105 0.0148882 0.0179105 0.0148882
48888 0.0000344 0.0000292 0.0578413 0.0490974 0.0578413 0.0490974 0.0578413 0.0490974
48891 0.0000636 0.0000555 0.0840888 0.0734355 0.0840888 0.0734355 0.0840888 0.0734355
48892 0.0000232 0.0000204 0.0282457 0.0248559 0.0282457 0.0248559 0.0282457 0.0248559
48893 0.0000190 0.0000168 0.0224990 0.0198620 0.0224990 0.0198620 0.0224990 0.0198620
48894 0.0000133 0.0000118 0.0153832 0.0136159 0.0153832 0.0136159 0.0153832 0.0136159
48895 0.0000426 0.0000379 0.0485483 0.0431237 0.0485483 0.0431237 0.0485483 0.0431237
48897 0.0000425 0.0000380 0.0455221 0.0407199 0.0455221 0.0407199 0.0455221 0.0407199
48899 0.0000541 0.0000487 0.0555182 0.0499915 0.0555182 0.0499915 0.0555182 0.0499915
48900 0.0000205 0.0000186 0.0198223 0.0179178 0.0198223 0.0179178 0.0198223 0.0179178
48901 0.0000165 0.0000149 0.0155763 0.0141039 0.0155763 0.0141039 0.0155763 0.0141039
48902 0.0000792 0.0000720 0.0738603 0.0671427 0.0738603 0.0671427 0.0738603 0.0671427
48903 0.0000549 0.0000498 0.0511879 0.0465041 0.0511879 0.0465041 0.0511879 0.0465041
48935 0.0000236 0.0000192 0.0467466 0.0380514 0.0467466 0.0380514 0.0467466 0.0380514
48938 0.0000244 0.0000207 0.0383732 0.0325839 0.0383732 0.0325839 0.0383732 0.0325839
48940 0.0000201 0.0000173 0.0291913 0.0251223 0.0291913 0.0251223 0.0291913 0.0251223
48943 0.0000935 0.0000820 0.1360364 0.1192558 0.1360364 0.1192558 0.1360364 0.1192558
48946 0.0000508 0.0000452 0.0739487 0.0658227 0.0739487 0.0658227 0.0739487 0.0658227
48947 0.0000389 0.0000349 0.0566613 0.0507885 0.0566613 0.0507885 0.0566613 0.0507885
48949 0.0000584 0.0000528 0.0850196 0.0768558 0.0850196 0.0768558 0.0850196 0.0768558
48951 0.0000220 0.0000200 0.0320544 0.0291518 0.0320544 0.0291518 0.0320544 0.0291518
48952 0.0000717 0.0000656 0.1043319 0.0953881 0.1043319 0.0953881 0.1043319 0.0953881
48971 0.0000278 0.0000226 0.0549240 0.0446740 0.0549240 0.0446740 0.0549240 0.0446740
48976 0.0000142 0.0000118 0.0259060 0.0215498 0.0259060 0.0215498 0.0259060 0.0215498
48982 0.0000253 0.0000216 0.0460840 0.0394383 0.0460840 0.0394383 0.0460840 0.0394383
48983 0.0000767 0.0000665 0.1398972 0.1214387 0.1398972 0.1214387 0.1398972 0.1214387
48984 0.0000290 0.0000255 0.0529769 0.0465309 0.0529769 0.0465309 0.0529769 0.0465309
48985 0.0000709 0.0000628 0.1293459 0.1146730 0.1293459 0.1146730 0.1293459 0.1146730
48986 0.0000379 0.0000339 0.0409518 0.0365982 0.0409518 0.0365982 0.0409518 0.0365982
48987 0.0000148 0.0000133 0.0160333 0.0144072 0.0160333 0.0144072 0.0160333 0.0144072
48988 0.0000800 0.0000721 0.0864270 0.0779722 0.0864270 0.0779722 0.0864270 0.0779722
48989 0.0000911 0.0000827 0.0985039 0.0894463 0.0985039 0.0894463 0.0985039 0.0894463
48990 0.0000291 0.0000265 0.0257031 0.0234389 0.0257031 0.0234389 0.0257031 0.0234389
48991 0.0000796 0.0000728 0.0689269 0.0630599 0.0689269 0.0630599 0.0689269 0.0630599
49019 0.0000566 0.0000463 0.1099555 0.0900979 0.1099555 0.0900979 0.1099555 0.0900979
49023 0.0000278 0.0000241 0.0540557 0.0468742 0.0540557 0.0468742 0.0540557 0.0468742
49026 0.0000169 0.0000144 0.0251318 0.0215008 0.0251318 0.0215008 0.0251318 0.0215008
49027 0.0000147 0.0000127 0.0209094 0.0180001 0.0209094 0.0180001 0.0209094 0.0180001
49029 0.0000157 0.0000136 0.0211724 0.0183696 0.0211724 0.0183696 0.0211724 0.0183696
49030 0.0000211 0.0000184 0.0271778 0.0237305 0.0271778 0.0237305 0.0271778 0.0237305
49031 0.0000202 0.0000177 0.0252993 0.0221827 0.0252993 0.0221827 0.0252993 0.0221827
49057 0.0000713 0.0000596 0.1265383 0.1058677 0.1265383 0.1058677 0.1265383 0.1058677
49059 0.0000109 0.0000093 0.0192678 0.0164426 0.0192678 0.0164426 0.0192678 0.0164426
49060 0.0000165 0.0000142 0.0293698 0.0252253 0.0293698 0.0252253 0.0293698 0.0252253
49061 0.0000125 0.0000108 0.0172967 0.0149658 0.0172967 0.0149658 0.0172967 0.0149658
49062 0.0000456 0.0000405 0.0528766 0.0469015 0.0528766 0.0469015 0.0528766 0.0469015
49063 0.0000208 0.0000185 0.0240913 0.0214733 0.0240913 0.0214733 0.0240913 0.0214733
49064 0.0000492 0.0000442 0.0521509 0.0468355 0.0521509 0.0468355 0.0521509 0.0468355
49065 0.0000636 0.0000574 0.0673144 0.0607466 0.0673144 0.0607466 0.0673144 0.0607466
49066 0.0000329 0.0000299 0.0308908 0.0280177 0.0308908 0.0280177 0.0308908 0.0280177
49067 0.0000374 0.0000340 0.0350430 0.0318744 0.0350430 0.0318744 0.0350430 0.0318744
49068 0.0000278 0.0000254 0.0244425 0.0223034 0.0244425 0.0223034 0.0244425 0.0223034
49069 0.0000738 0.0000677 0.0647634 0.0594028 0.0647634 0.0594028 0.0647634 0.0594028
49070 0.0000368 0.0000338 0.0322934 0.0296991 0.0322934 0.0296991 0.0322934 0.0296991
49071 0.0000361 0.0000333 0.0284319 0.0262031 0.0284319 0.0262031 0.0284319 0.0262031
49072 0.0000313 0.0000289 0.0246502 0.0227614 0.0246502 0.0227614 0.0246502 0.0227614
49073 0.0000205 0.0000190 0.0152069 0.0140766 0.0152069 0.0140766 0.0152069 0.0140766
49098 0.0000099 0.0000082 0.0177237 0.0145920 0.0177237 0.0145920 0.0177237 0.0145920
49099 0.0000586 0.0000489 0.1031252 0.0861114 0.1031252 0.0861114 0.1031252 0.0861114
49100 0.0000295 0.0000250 0.0466683 0.0395879 0.0466683 0.0395879 0.0466683 0.0395879
49110 0.0000673 0.0000590 0.0940449 0.0824480 0.0940449 0.0824480 0.0940449 0.0824480
49111 0.0000456 0.0000405 0.0523425 0.0464518 0.0523425 0.0464518 0.0523425 0.0464518
49113 0.0000335 0.0000301 0.0352461 0.0316477 0.0352461 0.0316477 0.0352461 0.0316477
49114 0.0000414 0.0000374 0.0410641 0.0370366 0.0410641 0.0370366 0.0410641 0.0370366
49116 0.0000895 0.0000811 0.0858031 0.0777685 0.0858031 0.0777685 0.0858031 0.0777685
49117 0.0000483 0.0000439 0.0438170 0.0398800 0.0438170 0.0398800 0.0438170 0.0398800
49118 0.0000327 0.0000300 0.0279639 0.0255890 0.0279639 0.0255890 0.0279639 0.0255890
49121 0.0000532 0.0000434 0.1082726 0.0883408 0.1082726 0.0883408 0.1082726 0.0883408
49125 0.0000653 0.0000557 0.1075051 0.0917030 0.1075051 0.0917030 0.1075051 0.0917030
49126 0.0000353 0.0000306 0.0480775 0.0417338 0.0480775 0.0417338 0.0480775 0.0417338
49127 0.0000889 0.0000782 0.1210265 0.1064579 0.1210265 0.1064579 0.1210265 0.1064579
49128 0.0000131 0.0000116 0.0148519 0.0131798 0.0148519 0.0131798 0.0148519 0.0131798
49132 0.0000132 0.0000119 0.0140656 0.0126205 0.0140656 0.0126205 0.0140656 0.0126205
49133 0.0000278 0.0000251 0.0269868 0.0243839 0.0269868 0.0243839 0.0269868 0.0243839
49134 0.0000510 0.0000462 0.0495245 0.0449164 0.0495245 0.0449164 0.0495245 0.0449164
49135 0.0000309 0.0000281 0.0279866 0.0254727 0.0279866 0.0254727 0.0279866 0.0254727
49136 0.0000826 0.0000755 0.0747745 0.0683637 0.0747745 0.0683637 0.0747745 0.0683637
49137 0.0000442 0.0000406 0.0363379 0.0333729 0.0363379 0.0333729 0.0363379 0.0333729
49138 0.0000271 0.0000250 0.0209845 0.0193612 0.0209845 0.0193612 0.0209845 0.0193612
49139 0.0000237 0.0000219 0.0176088 0.0162970 0.0176088 0.0162970 0.0176088 0.0162970
49140 0.0000299 0.0000278 0.0214559 0.0199155 0.0214559 0.0199155 0.0214559 0.0199155
49141 0.0000646 0.0000601 0.0454797 0.0423130 0.0454797 0.0423130 0.0454797 0.0423130
49142 0.0000173 0.0000161 0.0116527 0.0108633 0.0116527 0.0108633 0.0116527 0.0108633
49143 0.0000149 0.0000140 0.0097146 0.0090789 0.0097146 0.0090789 0.0097146 0.0090789
49144 0.0000062 0.0000058 0.0040147 0.0037542 0.0040147 0.0037542 0.0040147 0.0037542
49155 0.0000144 0.0000135 0.0093457 0.0087690 0.0093457 0.0087690 0.0093457 0.0087690
49157 0.0000219 0.0000206 0.0131700 0.0123736 0.0131700 0.0123736 0.0131700 0.0123736
49158 0.0000302 0.0000284 0.0174181 0.0164100 0.0174181 0.0164100 0.0174181 0.0164100
49159 0.0000494 0.0000466 0.0284868 0.0268874 0.0284868 0.0268874 0.0284868 0.0268874
49165 0.0000222 0.0000210 0.0121095 0.0114477 0.0121095 0.0114477 0.0121095 0.0114477
49168 0.0000222 0.0000210 0.0120931 0.0114413 0.0120931 0.0114413 0.0120931 0.0114413
49217 0.0000303 0.0000249 0.0581201 0.0478167 0.0581201 0.0478167 0.0581201 0.0478167
49218 0.0000170 0.0000141 0.0293760 0.0244913 0.0293760 0.0244913 0.0293760 0.0244913
49219 0.0000811 0.0000695 0.1273380 0.1091516 0.1273380 0.1091516 0.1273380 0.1091516
49224 0.0000187 0.0000164 0.0230813 0.0202657 0.0230813 0.0202657 0.0230813 0.0202657
49226 0.0000335 0.0000295 0.0412818 0.0364142 0.0412818 0.0364142 0.0412818 0.0364142
49227 0.0000494 0.0000438 0.0608863 0.0540029 0.0608863 0.0540029 0.0608863 0.0540029
49228 0.0000635 0.0000567 0.0700006 0.0625477 0.0700006 0.0625477 0.0700006 0.0625477
49229 0.0000245 0.0000219 0.0252672 0.0226728 0.0252672 0.0226728 0.0252672 0.0226728
49230 0.0000249 0.0000225 0.0239611 0.0216617 0.0239611 0.0216617 0.0239611 0.0216617
49232 0.0000794 0.0000721 0.0764963 0.0694122 0.0764963 0.0694122 0.0764963 0.0694122
49233 0.0000091 0.0000083 0.0081861 0.0074487 0.0081861 0.0074487 0.0081861 0.0074487
49240 0.0000380 0.0000313 0.0757239 0.0622667 0.0757239 0.0622667 0.0757239 0.0622667
49241 0.0000245 0.0000205 0.0487156 0.0407926 0.0487156 0.0407926 0.0487156 0.0407926
49244 0.0000504 0.0000429 0.0799622 0.0680799 0.0799622 0.0680799 0.0799622 0.0680799
49245 0.0000248 0.0000214 0.0349812 0.0301641 0.0349812 0.0301641 0.0349812 0.0301641
49246 0.0000228 0.0000198 0.0307602 0.0267004 0.0307602 0.0267004 0.0307602 0.0267004
49247 0.0000002 0.0000002 0.0003259 0.0002844 0.0003259 0.0002844 0.0003259 0.0002844
49248 0.0000800 0.0000706 0.0986418 0.0870067 0.0986418 0.0870067 0.0986418 0.0870067
49249 0.0000158 0.0000141 0.0174802 0.0155647 0.0174802 0.0155647 0.0174802 0.0155647
49250 0.0000143 0.0000128 0.0146112 0.0131207 0.0146112 0.0131207 0.0146112 0.0131207
49251 0.0000202 0.0000182 0.0198179 0.0178832 0.0198179 0.0178832 0.0198179 0.0178832
49253 0.0000487 0.0000441 0.0477720 0.0432551 0.0477720 0.0432551 0.0477720 0.0432551
49254 0.0000247 0.0000224 0.0242040 0.0219900 0.0242040 0.0219900 0.0242040 0.0219900
49262 0.0000333 0.0000293 0.0418940 0.0368852 0.0418940 0.0368852 0.0418940 0.0368852
49263 0.0000383 0.0000339 0.0446079 0.0395102 0.0446079 0.0395102 0.0446079 0.0395102
49264 0.0000645 0.0000576 0.0752397 0.0671154 0.0752397 0.0671154 0.0752397 0.0671154
49265 0.0000478 0.0000429 0.0498389 0.0447361 0.0498389 0.0447361 0.0498389 0.0447361
49266 0.0000364 0.0000330 0.0343275 0.0311234 0.0343275 0.0311234 0.0343275 0.0311234
49267 0.0000369 0.0000334 0.0350209 0.0317336 0.0350209 0.0317336 0.0350209 0.0317336
49268 0.0000335 0.0000306 0.0295264 0.0269368 0.0295264 0.0269368 0.0295264 0.0269368
49270 0.0000192 0.0000176 0.0164950 0.0150909 0.0164950 0.0150909 0.0164950 0.0150909
49307 0.0000657 0.0000572 0.0883468 0.0769000 0.0883468 0.0769000 0.0883468 0.0769000
49308 0.0000201 0.0000176 0.0269645 0.0236225 0.0269645 0.0236225 0.0269645 0.0236225
49309 0.0000311 0.0000273 0.0380452 0.0334530 0.0380452 0.0334530 0.0380452 0.0334530
49310 0.0000322 0.0000285 0.0394437 0.0348403 0.0394437 0.0348403 0.0394437 0.0348403
49311 0.0000113 0.0000100 0.0128689 0.0114124 0.0128689 0.0114124 0.0128689 0.0114124
49312 0.0000734 0.0000654 0.0824771 0.0734568 0.0824771 0.0734568 0.0824771 0.0734568
49313 0.0000145 0.0000129 0.0153270 0.0137083 0.0153270 0.0137083 0.0153270 0.0137083
49314 0.0000600 0.0000539 0.0635834 0.0570562 0.0635834 0.0570562 0.0635834 0.0570562
49316 0.0000245 0.0000221 0.0244668 0.0220557 0.0244668 0.0220557 0.0244668 0.0220557
49317 0.0000111 0.0000100 0.0104506 0.0094630 0.0104506 0.0094630 0.0104506 0.0094630
49324 0.0000454 0.0000381 0.0831953 0.0697523 0.0831953 0.0697523 0.0831953 0.0697523
49329 0.0000278 0.0000245 0.0330006 0.0291406 0.0330006 0.0291406 0.0330006 0.0291406
49330 0.0000233 0.0000206 0.0267252 0.0236876 0.0267252 0.0236876 0.0267252 0.0236876
49331 0.0000932 0.0000834 0.1011777 0.0905889 0.1011777 0.0905889 0.1011777 0.0905889
49332 0.0000100 0.0000090 0.0098669 0.0089037 0.0098669 0.0089037 0.0098669 0.0089037
49337 0.0000407 0.0000340 0.0793781 0.0662477 0.0793781 0.0662477 0.0793781 0.0662477
49339 0.0000112 0.0000096 0.0170288 0.0146099 0.0170288 0.0146099 0.0170288 0.0146099
49340 0.0000178 0.0000153 0.0270572 0.0233128 0.0270572 0.0233128 0.0270572 0.0233128
49341 0.0000185 0.0000160 0.0281645 0.0244194 0.0281645 0.0244194 0.0281645 0.0244194
49342 0.0000282 0.0000246 0.0429186 0.0374072 0.0429186 0.0374072 0.0429186 0.0374072
49345 0.0000514 0.0000455 0.0602980 0.0533734 0.0602980 0.0533734 0.0602980 0.0533734
49346 0.0000171 0.0000152 0.0200730 0.0178441 0.0200730 0.0178441 0.0200730 0.0178441
49347 0.0000152 0.0000136 0.0164137 0.0146616 0.0164137 0.0146616 0.0164137 0.0146616
49348 0.0000370 0.0000331 0.0398111 0.0356647 0.0398111 0.0356647 0.0398111 0.0356647
49349 0.0000292 0.0000263 0.0293660 0.0264361 0.0293660 0.0264361 0.0293660 0.0264361
49351 0.0000146 0.0000132 0.0146241 0.0132108 0.0146241 0.0132108 0.0146241 0.0132108
49352 0.0000700 0.0000635 0.0660542 0.0599216 0.0660542 0.0599216 0.0660542 0.0599216
49353 0.0000375 0.0000341 0.0336721 0.0306628 0.0336721 0.0306628 0.0336721 0.0306628
49356 0.0000638 0.0000521 0.1253572 0.1022958 0.1253572 0.1022958 0.1253572 0.1022958
49358 0.0000304 0.0000256 0.0505226 0.0425951 0.0505226 0.0425951 0.0505226 0.0425951
49359 0.0000624 0.0000541 0.0868930 0.0753714 0.0868930 0.0753714 0.0868930 0.0753714
49360 0.0000443 0.0000389 0.0559625 0.0490931 0.0559625 0.0490931 0.0559625 0.0490931
49361 0.0000146 0.0000129 0.0174217 0.0153642 0.0174217 0.0153642 0.0174217 0.0153642
49362 0.0000176 0.0000157 0.0192250 0.0171390 0.0192250 0.0171390 0.0192250 0.0171390
49365 0.0000624 0.0000561 0.0648442 0.0583093 0.0648442 0.0583093 0.0648442 0.0583093
49366 0.0000506 0.0000459 0.0484622 0.0439074 0.0484622 0.0439074 0.0484622 0.0439074
49367 0.0000754 0.0000687 0.0688700 0.0627457 0.0688700 0.0627457 0.0688700 0.0627457
49368 0.0000197 0.0000181 0.0168580 0.0154180 0.0168580 0.0154180 0.0168580 0.0154180
49369 0.0000204 0.0000187 0.0171224 0.0156887 0.0171224 0.0156887 0.0171224 0.0156887
49373 0.0000607 0.0000510 0.1095162 0.0919673 0.1095162 0.0919673 0.1095162 0.0919673
49374 0.0000048 0.0000041 0.0085872 0.0073187 0.0085872 0.0073187 0.0085872 0.0073187
49376 0.0000408 0.0000353 0.0556546 0.0480931 0.0556546 0.0480931 0.0556546 0.0480931
49377 0.0000003 0.0000003 0.0003942 0.0003426 0.0003942 0.0003426 0.0003942 0.0003426
49378 0.0000521 0.0000455 0.0709940 0.0620628 0.0709940 0.0620628 0.0709940 0.0620628
49379 0.0000247 0.0000218 0.0294798 0.0259937 0.0294798 0.0259937 0.0294798 0.0259937
49380 0.0000484 0.0000428 0.0576394 0.0509914 0.0576394 0.0509914 0.0576394 0.0509914
49381 0.0000349 0.0000310 0.0393006 0.0349112 0.0393006 0.0349112 0.0393006 0.0349112
49382 0.0000452 0.0000403 0.0498115 0.0443838 0.0498115 0.0443838 0.0498115 0.0443838
49383 0.0000158 0.0000141 0.0168989 0.0150968 0.0168989 0.0150968 0.0168989 0.0150968
49384 0.0000146 0.0000131 0.0150339 0.0134896 0.0150339 0.0134896 0.0150339 0.0134896
49385 0.0000351 0.0000317 0.0336965 0.0304725 0.0336965 0.0304725 0.0336965 0.0304725
49389 0.0000116 0.0000105 0.0107760 0.0097826 0.0107760 0.0097826 0.0107760 0.0097826
49390 0.0000337 0.0000307 0.0312677 0.0285480 0.0312677 0.0285480 0.0312677 0.0285480
49432 0.0000205 0.0000173 0.0336058 0.0283623 0.0336058 0.0283623 0.0336058 0.0283623
49433 0.0000834 0.0000718 0.1230484 0.1059928 0.1230484 0.1059928 0.1230484 0.1059928
49434 0.0001048 0.0000921 0.1341831 0.1178639 0.1341831 0.1178639 0.1341831 0.1178639
49435 0.0000201 0.0000178 0.0232435 0.0205816 0.0232435 0.0205816 0.0232435 0.0205816
49437 0.0000172 0.0000154 0.0181683 0.0162641 0.0181683 0.0162641 0.0181683 0.0162641
49438 0.0000776 0.0000698 0.0821111 0.0738042 0.0821111 0.0738042 0.0821111 0.0738042
49439 0.0000159 0.0000144 0.0153663 0.0138856 0.0153663 0.0138856 0.0153663 0.0138856
49440 0.0000167 0.0000151 0.0161073 0.0145921 0.0161073 0.0145921 0.0161073 0.0145921
49445 0.0000128 0.0000105 0.0248250 0.0203894 0.0248250 0.0203894 0.0248250 0.0203894
49446 0.0000255 0.0000212 0.0493804 0.0411181 0.0493804 0.0411181 0.0493804 0.0411181
49447 0.0000591 0.0000500 0.0961736 0.0813696 0.0961736 0.0813696 0.0961736 0.0813696
49448 0.0000402 0.0000347 0.0568237 0.0489852 0.0568237 0.0489852 0.0568237 0.0489852
49449 0.0000128 0.0000111 0.0169626 0.0147250 0.0169626 0.0147250 0.0169626 0.0147250
49451 0.0000587 0.0000512 0.0779659 0.0680725 0.0779659 0.0680725 0.0779659 0.0680725
49452 0.0000404 0.0000357 0.0481160 0.0424848 0.0481160 0.0424848 0.0481160 0.0424848
49453 0.0000447 0.0000397 0.0514355 0.0455979 0.0514355 0.0455979 0.0514355 0.0455979
49454 0.0000283 0.0000252 0.0325558 0.0289588 0.0325558 0.0289588 0.0325558 0.0289588
49455 0.0000104 0.0000093 0.0113716 0.0101333 0.0113716 0.0101333 0.0113716 0.0101333
49456 0.0000271 0.0000242 0.0295645 0.0263893 0.0295645 0.0263893 0.0295645 0.0263893
49457 0.0000406 0.0000365 0.0413098 0.0371445 0.0413098 0.0371445 0.0413098 0.0371445
49464 0.0000503 0.0000412 0.0951053 0.0779894 0.0951053 0.0779894 0.0951053 0.0779894
49466 0.0000321 0.0000269 0.0536868 0.0451382 0.0536868 0.0451382 0.0536868 0.0451382
49468 0.0000447 0.0000383 0.0656161 0.0562892 0.0656161 0.0562892 0.0656161 0.0562892
49652 0.0000165 0.0000134 0.0351407 0.0283948 0.0351407 0.0283948 0.0351407 0.0283948
49653 0.0000291 0.0000237 0.0555944 0.0453185 0.0555944 0.0453185 0.0555944 0.0453185
49655 0.0000962 0.0000807 0.1837484 0.1542688 0.1837484 0.1542688 0.1837484 0.1542688
49656 0.0000546 0.0000467 0.0819933 0.0701389 0.0819933 0.0701389 0.0819933 0.0701389
49657 0.0000087 0.0000075 0.0130497 0.0112447 0.0130497 0.0112447 0.0130497 0.0112447
49658 0.0000125 0.0000107 0.0187146 0.0161553 0.0187146 0.0161553 0.0187146 0.0161553
49659 0.0000487 0.0000422 0.0732144 0.0634803 0.0732144 0.0634803 0.0732144 0.0634803
49660 0.0000255 0.0000222 0.0383643 0.0334259 0.0383643 0.0334259 0.0383643 0.0334259
49661 0.0000363 0.0000318 0.0545258 0.0478041 0.0545258 0.0478041 0.0545258 0.0478041
49662 0.0000245 0.0000216 0.0297046 0.0261333 0.0297046 0.0261333 0.0297046 0.0261333
49664 0.0000239 0.0000211 0.0289929 0.0255876 0.0289929 0.0255876 0.0289929 0.0255876
49665 0.0000667 0.0000591 0.0775516 0.0687044 0.0775516 0.0687044 0.0775516 0.0687044
49666 0.0000416 0.0000371 0.0454595 0.0405437 0.0454595 0.0405437 0.0454595 0.0405437
49736 0.0000092 0.0000078 0.0150202 0.0126290 0.0150202 0.0126290 0.0150202 0.0126290
49737 0.0000180 0.0000152 0.0292361 0.0247543 0.0292361 0.0247543 0.0292361 0.0247543
49742 0.0000207 0.0000179 0.0291253 0.0251965 0.0291253 0.0251965 0.0291253 0.0251965
49743 0.0000250 0.0000217 0.0351725 0.0305530 0.0351725 0.0305530 0.0351725 0.0305530
49749 0.0000283 0.0000250 0.0337467 0.0297967 0.0337467 0.0297967 0.0337467 0.0297967
49751 0.0000724 0.0000648 0.0780320 0.0698615 0.0780320 0.0698615 0.0780320 0.0698615
49752 0.0000174 0.0000157 0.0175121 0.0157562 0.0175121 0.0157562 0.0175121 0.0157562
49756 0.0000183 0.0000145 0.0429359 0.0340939 0.0429359 0.0340939 0.0429359 0.0340939
49758 0.0000337 0.0000273 0.0661044 0.0536080 0.0661044 0.0536080 0.0661044 0.0536080
49760 0.0000382 0.0000319 0.0645669 0.0540477 0.0645669 0.0540477 0.0645669 0.0540477
49761 0.0000124 0.0000105 0.0210028 0.0176828 0.0210028 0.0176828 0.0210028 0.0176828
49762 0.0000097 0.0000082 0.0164629 0.0139041 0.0164629 0.0139041 0.0164629 0.0139041
49763 0.0000427 0.0000363 0.0722648 0.0613503 0.0722648 0.0613503 0.0722648 0.0613503
49910 0.0000427 0.0000332 0.1006691 0.0782377 0.1006691 0.0782377 0.1006691 0.0782377
49914 0.0000388 0.0000313 0.0914403 0.0736858 0.0914403 0.0736858 0.0914403 0.0736858
49919 0.0000295 0.0000247 0.0510828 0.0427605 0.0510828 0.0427605 0.0510828 0.0427605
49921 0.0000105 0.0000088 0.0165631 0.0139966 0.0165631 0.0139966 0.0165631 0.0139966
49922 0.0000698 0.0000595 0.1068012 0.0910922 0.1068012 0.0910922 0.1068012 0.0910922
49923 0.0000950 0.0000820 0.1341671 0.1159253 0.1341671 0.1159253 0.1341671 0.1159253
49925 0.0000211 0.0000184 0.0277740 0.0241586 0.0277740 0.0241586 0.0277740 0.0241586
49926 0.0000340 0.0000297 0.0447045 0.0390019 0.0447045 0.0390019 0.0447045 0.0390019
49928 0.0000077 0.0000067 0.0101163 0.0088542 0.0101163 0.0088542 0.0101163 0.0088542
49929 0.0000077 0.0000068 0.0101771 0.0089170 0.0101771 0.0089170 0.0101771 0.0089170
49930 0.0000078 0.0000068 0.0108993 0.0095654 0.0108993 0.0095654 0.0108993 0.0095654
49932 0.0000154 0.0000136 0.0187066 0.0165173 0.0187066 0.0165173 0.0187066 0.0165173
49934 0.0000482 0.0000428 0.0551179 0.0489066 0.0551179 0.0489066 0.0551179 0.0489066
49959 0.0000210 0.0000174 0.0365454 0.0303604 0.0365454 0.0303604 0.0365454 0.0303604
49960 0.0000226 0.0000189 0.0392584 0.0328236 0.0392584 0.0328236 0.0392584 0.0328236
49961 0.0000713 0.0000602 0.1240852 0.1048064 0.1240852 0.1048064 0.1240852 0.1048064
49962 0.0000279 0.0000238 0.0419860 0.0357796 0.0419860 0.0357796 0.0419860 0.0357796
49964 0.0000305 0.0000261 0.0459104 0.0393284 0.0459104 0.0393284 0.0459104 0.0393284
49965 0.0000356 0.0000307 0.0536431 0.0461599 0.0536431 0.0461599 0.0536431 0.0461599
49966 0.0000340 0.0000294 0.0468464 0.0404903 0.0468464 0.0404903 0.0468464 0.0404903
49967 0.0000253 0.0000220 0.0349269 0.0303109 0.0349269 0.0303109 0.0349269 0.0303109
49968 0.0000620 0.0000541 0.0854074 0.0744895 0.0854074 0.0744895 0.0854074 0.0744895
49969 0.0001009 0.0000890 0.1229034 0.1083520 0.1229034 0.1083520 0.1229034 0.1083520
49970 0.0000961 0.0000853 0.1104161 0.0980440 0.1104161 0.0980440 0.1104161 0.0980440
50033 0.0000088 0.0000071 0.0191364 0.0155288 0.0191364 0.0155288 0.0191364 0.0155288
50034 0.0000638 0.0000535 0.1110609 0.0931655 0.1110609 0.0931655 0.1110609 0.0931655
50036 0.0000279 0.0000240 0.0400369 0.0343943 0.0400369 0.0343943 0.0400369 0.0343943
50045 0.0000620 0.0000548 0.0745342 0.0658706 0.0745342 0.0658706 0.0745342 0.0658706
50046 0.0000300 0.0000267 0.0332144 0.0295712 0.0332144 0.0295712 0.0332144 0.0295712
50047 0.0000345 0.0000308 0.0381629 0.0340659 0.0381629 0.0340659 0.0381629 0.0340659
50048 0.0000918 0.0000823 0.1015514 0.0910499 0.1015514 0.0910499 0.1015514 0.0910499
50067 0.0000316 0.0000261 0.0580604 0.0479583 0.0580604 0.0479583 0.0580604 0.0479583
50068 0.0000341 0.0000286 0.0576591 0.0482862 0.0576591 0.0482862 0.0576591 0.0482862
50070 0.0000219 0.0000186 0.0349794 0.0295953 0.0349794 0.0295953 0.0349794 0.0295953
50073 0.0000191 0.0000164 0.0291623 0.0250308 0.0291623 0.0250308 0.0291623 0.0250308
50074 0.0000189 0.0000163 0.0266097 0.0229167 0.0266097 0.0229167 0.0266097 0.0229167
50075 0.0000335 0.0000289 0.0460965 0.0398635 0.0460965 0.0398635 0.0460965 0.0398635
50076 0.0000242 0.0000211 0.0313399 0.0273215 0.0313399 0.0273215 0.0313399 0.0273215
50077 0.0000084 0.0000073 0.0105960 0.0092717 0.0105960 0.0092717 0.0105960 0.0092717
50343 0.0000633 0.0000572 0.0613548 0.0554765 0.0613548 0.0554765 0.0613548 0.0554765
50376 0.0000604 0.0000549 0.0553538 0.0503584 0.0553538 0.0503584 0.0553538 0.0503584
50377 0.0000321 0.0000293 0.0279965 0.0255519 0.0279965 0.0255519 0.0279965 0.0255519
50380 0.0000120 0.0000110 0.0100945 0.0092448 0.0100945 0.0092448 0.0100945 0.0092448
50463 0.0000448 0.0000385 0.0681115 0.0584906 0.0681115 0.0584906 0.0681115 0.0584906
50464 0.0001090 0.0000954 0.1460742 0.1278868 0.1460742 0.1278868 0.1460742 0.1278868
50465 0.0000319 0.0000283 0.0366658 0.0325071 0.0366658 0.0325071 0.0366658 0.0325071
50466 0.0000956 0.0000860 0.1003278 0.0901751 0.1003278 0.0901751 0.1003278 0.0901751
50467 0.0000216 0.0000195 0.0208866 0.0188666 0.0208866 0.0188666 0.0208866 0.0188666
50468 0.0000341 0.0000309 0.0330673 0.0299302 0.0330673 0.0299302 0.0330673 0.0299302
50470 0.0000204 0.0000185 0.0197402 0.0179058 0.0197402 0.0179058 0.0197402 0.0179058
50471 0.0000096 0.0000087 0.0093314 0.0084732 0.0093314 0.0084732 0.0093314 0.0084732
50483 0.0000159 0.0000145 0.0153851 0.0140431 0.0153851 0.0140431 0.0153851 0.0140431
50491 0.0000358 0.0000307 0.0535717 0.0458973 0.0535717 0.0458973 0.0535717 0.0458973
50492 0.0000702 0.0000607 0.0987987 0.0854484 0.0987987 0.0854484 0.0987987 0.0854484
50493 0.0000315 0.0000274 0.0411846 0.0358890 0.0411846 0.0358890 0.0411846 0.0358890
50496 0.0001037 0.0000913 0.1357050 0.1193833 0.1357050 0.1193833 0.1357050 0.1193833
50497 0.0000795 0.0000706 0.0908763 0.0807526 0.0908763 0.0807526 0.0908763 0.0807526
50500 0.0000937 0.0000841 0.0993083 0.0891345 0.0993083 0.0891345 0.0993083 0.0891345
50501 0.0000760 0.0000686 0.0750064 0.0677534 0.0750064 0.0677534 0.0750064 0.0677534
50517 0.0000071 0.0000061 0.0097130 0.0083921 0.0097130 0.0083921 0.0097130 0.0083921
50520 0.0000360 0.0000313 0.0493445 0.0429253 0.0493445 0.0429253 0.0493445 0.0429253
50522 0.0000177 0.0000155 0.0243091 0.0213008 0.0243091 0.0213008 0.0243091 0.0213008
50526 0.0000356 0.0000314 0.0437263 0.0384937 0.0437263 0.0384937 0.0437263 0.0384937
50527 0.0000180 0.0000159 0.0211655 0.0186942 0.0211655 0.0186942 0.0211655 0.0186942
50528 0.0000293 0.0000260 0.0344752 0.0305443 0.0344752 0.0305443 0.0344752 0.0305443
50529 0.0000604 0.0000537 0.0677396 0.0602539 0.0677396 0.0602539 0.0677396 0.0602539
50530 0.0000167 0.0000149 0.0181450 0.0161872 0.0181450 0.0161872 0.0181450 0.0161872
50531 0.0000093 0.0000083 0.0101304 0.0090479 0.0101304 0.0090479 0.0101304 0.0090479
50535 0.0000162 0.0000145 0.0171684 0.0153667 0.0171684 0.0153667 0.0171684 0.0153667
50536 0.0000644 0.0000579 0.0683029 0.0613415 0.0683029 0.0613415 0.0683029 0.0613415
50545 0.0000275 0.0000228 0.0517818 0.0429394 0.0517818 0.0429394 0.0517818 0.0429394
50546 0.0000239 0.0000200 0.0395141 0.0332006 0.0395141 0.0332006 0.0395141 0.0332006
50548 0.0000362 0.0000307 0.0568803 0.0482898 0.0568803 0.0482898 0.0568803 0.0482898
50549 0.0000373 0.0000323 0.0518708 0.0448486 0.0518708 0.0448486 0.0518708 0.0448486
50550 0.0000497 0.0000433 0.0691145 0.0601522 0.0691145 0.0601522 0.0691145 0.0601522
50551 0.0000307 0.0000269 0.0388035 0.0339713 0.0388035 0.0339713 0.0388035 0.0339713
50552 0.0001003 0.0000886 0.1265764 0.1118111 0.1265764 0.1118111 0.1265764 0.1118111
50553 0.0000248 0.0000220 0.0273741 0.0243671 0.0273741 0.0243671 0.0273741 0.0243671
50554 0.0000474 0.0000423 0.0523927 0.0467743 0.0523927 0.0467743 0.0523927 0.0467743
50558 0.0000563 0.0000457 0.1126921 0.0914229 0.1126921 0.0914229 0.1126921 0.0914229
50560 0.0000527 0.0000444 0.0921908 0.0777208 0.0921908 0.0777208 0.0921908 0.0777208
50561 0.0000284 0.0000243 0.0426914 0.0364571 0.0426914 0.0364571 0.0426914 0.0364571
50562 0.0000269 0.0000232 0.0404414 0.0347628 0.0404414 0.0347628 0.0404414 0.0347628
50563 0.0000150 0.0000130 0.0208431 0.0179921 0.0208431 0.0179921 0.0208431 0.0179921
50564 0.0000121 0.0000105 0.0168133 0.0145537 0.0168133 0.0145537 0.0168133 0.0145537
50565 0.0000406 0.0000353 0.0562083 0.0488804 0.0562083 0.0488804 0.0562083 0.0488804
50569 0.0000154 0.0000135 0.0196505 0.0171987 0.0196505 0.0171987 0.0196505 0.0171987
50570 0.0000227 0.0000200 0.0277157 0.0243637 0.0277157 0.0243637 0.0277157 0.0243637
50596 0.0000883 0.0000715 0.1822487 0.1476519 0.1822487 0.1476519 0.1822487 0.1476519
50597 0.0000172 0.0000145 0.0273489 0.0230479 0.0273489 0.0230479 0.0273489 0.0230479
50598 0.0000253 0.0000214 0.0397718 0.0336939 0.0397718 0.0336939 0.0397718 0.0336939
50599 0.0000645 0.0000552 0.1014652 0.0868290 0.1014652 0.0868290 0.1014652 0.0868290
50600 0.0000327 0.0000282 0.0456145 0.0393839 0.0456145 0.0393839 0.0456145 0.0393839
50601 0.0000216 0.0000188 0.0301728 0.0261892 0.0301728 0.0261892 0.0301728 0.0261892
50602 0.0000320 0.0000279 0.0446650 0.0389680 0.0446650 0.0389680 0.0446650 0.0389680
50603 0.0000873 0.0000771 0.1218478 0.1075626 0.1218478 0.1075626 0.1218478 0.1075626
50604 0.0000081 0.0000071 0.0090759 0.0080555 0.0090759 0.0080555 0.0090759 0.0080555
50605 0.0000309 0.0000275 0.0348403 0.0309868 0.0348403 0.0309868 0.0348403 0.0309868
50606 0.0000587 0.0000524 0.0661820 0.0590701 0.0661820 0.0590701 0.0661820 0.0590701
50607 0.0000159 0.0000142 0.0178782 0.0160261 0.0178782 0.0160261 0.0178782 0.0160261
50613 0.0000507 0.0000410 0.1030875 0.0834624 0.1030875 0.0834624 0.1030875 0.0834624
50614 0.0000256 0.0000213 0.0478390 0.0397343 0.0478390 0.0397343 0.0478390 0.0397343
50615 0.0000172 0.0000145 0.0321930 0.0271596 0.0321930 0.0271596 0.0321930 0.0271596
50616 0.0000242 0.0000206 0.0451566 0.0384910 0.0451566 0.0384910 0.0451566 0.0384910
50617 0.0000180 0.0000155 0.0336063 0.0289170 0.0336063 0.0289170 0.0336063 0.0289170
50650 0.0000080 0.0000068 0.0128043 0.0108389 0.0128043 0.0108389 0.0128043 0.0108389
50654 0.0000272 0.0000236 0.0393456 0.0340337 0.0393456 0.0340337 0.0393456 0.0340337
50655 0.0000167 0.0000146 0.0207818 0.0182210 0.0207818 0.0182210 0.0207818 0.0182210
50656 0.0000583 0.0000514 0.0726279 0.0640065 0.0726279 0.0640065 0.0726279 0.0640065
50658 0.0000714 0.0000634 0.0824398 0.0732178 0.0824398 0.0732178 0.0824398 0.0732178
50660 0.0000162 0.0000145 0.0171474 0.0153567 0.0171474 0.0153567 0.0171474 0.0153567
50661 0.0000083 0.0000075 0.0087986 0.0078895 0.0087986 0.0078895 0.0087986 0.0078895
50662 0.0000182 0.0000163 0.0192431 0.0172752 0.0192431 0.0172752 0.0192431 0.0172752
50663 0.0000361 0.0000325 0.0382033 0.0343856 0.0382033 0.0343856 0.0382033 0.0343856
50664 0.0000362 0.0000327 0.0382705 0.0345332 0.0382705 0.0345332 0.0382705 0.0345332
50665 0.0000116 0.0000105 0.0122353 0.0110590 0.0122353 0.0110590 0.0122353 0.0110590
50666 0.0000100 0.0000090 0.0105230 0.0095226 0.0105230 0.0095226 0.0105230 0.0095226
50667 0.0000591 0.0000536 0.0624673 0.0566502 0.0624673 0.0566502 0.0624673 0.0566502
50668 0.0000631 0.0000574 0.0666479 0.0606577 0.0666479 0.0606577 0.0666479 0.0606577
50669 0.0000430 0.0000393 0.0376819 0.0343939 0.0376819 0.0343939 0.0376819 0.0343939
50670 0.0000104 0.0000095 0.0091251 0.0083602 0.0091251 0.0083602 0.0091251 0.0083602
50671 0.0000302 0.0000277 0.0264373 0.0242487 0.0264373 0.0242487 0.0264373 0.0242487
50672 0.0000074 0.0000068 0.0058036 0.0053437 0.0058036 0.0053437 0.0058036 0.0053437
50673 0.0000225 0.0000207 0.0177024 0.0163106 0.0177024 0.0163106 0.0177024 0.0163106
50674 0.0000301 0.0000278 0.0227293 0.0210083 0.0227293 0.0210083 0.0227293 0.0210083
50675 0.0000420 0.0000388 0.0316758 0.0293143 0.0316758 0.0293143 0.0316758 0.0293143
50676 0.0000132 0.0000123 0.0099902 0.0092548 0.0099902 0.0092548 0.0099902 0.0092548
50677 0.0000155 0.0000143 0.0110873 0.0102871 0.0110873 0.0102871 0.0110873 0.0102871
50678 0.0000142 0.0000132 0.0101981 0.0094682 0.0101981 0.0094682 0.0101981 0.0094682
50679 0.0000326 0.0000303 0.0233943 0.0217393 0.0233943 0.0217393 0.0233943 0.0217393
50853 0.0000253 0.0000222 0.0332506 0.0291106 0.0332506 0.0291106 0.0332506 0.0291106
50854 0.0000090 0.0000080 0.0118647 0.0104529 0.0118647 0.0104529 0.0118647 0.0104529
50857 0.0000974 0.0000869 0.1109428 0.0989723 0.1109428 0.0989723 0.1109428 0.0989723
50862 0.0000438 0.0000397 0.0447491 0.0405366 0.0447491 0.0405366 0.0447491 0.0405366
50863 0.0000122 0.0000111 0.0124663 0.0113136 0.0124663 0.0113136 0.0124663 0.0113136
50874 0.0000465 0.0000399 0.0685150 0.0587481 0.0685150 0.0587481 0.0685150 0.0587481
50875 0.0000330 0.0000285 0.0485497 0.0419425 0.0485497 0.0419425 0.0485497 0.0419425
50876 0.0000362 0.0000314 0.0532792 0.0462816 0.0532792 0.0462816 0.0532792 0.0462816
50885 0.0000371 0.0000299 0.0747476 0.0603583 0.0747476 0.0603583 0.0747476 0.0603583
50886 0.0000259 0.0000212 0.0522010 0.0427300 0.0522010 0.0427300 0.0522010 0.0427300
50887 0.0000128 0.0000108 0.0259169 0.0217408 0.0259169 0.0217408 0.0259169 0.0217408
50889 0.0000075 0.0000063 0.0151160 0.0127734 0.0151160 0.0127734 0.0151160 0.0127734
50897 0.0000166 0.0000143 0.0234536 0.0201827 0.0234536 0.0201827 0.0234536 0.0201827
51015 0.0000504 0.0000459 0.0483387 0.0440024 0.0483387 0.0440024 0.0483387 0.0440024
51093 0.0000105 0.0000085 0.0204962 0.0166594 0.0204962 0.0166594 0.0204962 0.0166594
51152 0.0000194 0.0000167 0.0269992 0.0233073 0.0269992 0.0233073 0.0269992 0.0233073
51154 0.0000103 0.0000090 0.0143187 0.0124586 0.0143187 0.0124586 0.0143187 0.0124586
51159 0.0000929 0.0000820 0.1292502 0.1140996 0.1292502 0.1140996 0.1292502 0.1140996
51160 0.0000457 0.0000409 0.0496256 0.0444244 0.0496256 0.0444244 0.0496256 0.0444244
51162 0.0000341 0.0000314 0.0282668 0.0259686 0.0282668 0.0259686 0.0282668 0.0259686
51163 0.0000091 0.0000084 0.0075509 0.0069602 0.0075509 0.0069602 0.0075509 0.0069602
51165 0.0000124 0.0000115 0.0102949 0.0095142 0.0102949 0.0095142 0.0102949 0.0095142
51166 0.0000097 0.0000090 0.0080248 0.0074287 0.0080248 0.0074287 0.0080248 0.0074287
51167 0.0000319 0.0000296 0.0264163 0.0245182 0.0264163 0.0245182 0.0264163 0.0245182
51171 0.0000342 0.0000281 0.0638127 0.0523640 0.0638127 0.0523640 0.0638127 0.0523640
51172 0.0000098 0.0000081 0.0182235 0.0151846 0.0182235 0.0151846 0.0182235 0.0151846
51175 0.0000303 0.0000259 0.0470497 0.0401347 0.0470497 0.0401347 0.0470497 0.0401347
51176 0.0000267 0.0000231 0.0365512 0.0316688 0.0365512 0.0316688 0.0365512 0.0316688
51177 0.0000089 0.0000078 0.0122445 0.0106780 0.0122445 0.0106780 0.0122445 0.0106780
51178 0.0000494 0.0000434 0.0619604 0.0544255 0.0619604 0.0544255 0.0619604 0.0544255
51179 0.0000249 0.0000222 0.0271590 0.0242278 0.0271590 0.0242278 0.0271590 0.0242278
51180 0.0000092 0.0000082 0.0097410 0.0087110 0.0097410 0.0087110 0.0097410 0.0087110
51181 0.0000376 0.0000337 0.0392922 0.0352663 0.0392922 0.0352663 0.0392922 0.0352663
51182 0.0000116 0.0000104 0.0114846 0.0103458 0.0114846 0.0103458 0.0114846 0.0103458
51183 0.0000116 0.0000105 0.0113639 0.0102518 0.0113639 0.0102518 0.0113639 0.0102518
51187 0.0000097 0.0000088 0.0093535 0.0084614 0.0093535 0.0084614 0.0093535 0.0084614
51188 0.0000207 0.0000188 0.0200307 0.0181507 0.0200307 0.0181507 0.0200307 0.0181507
51200 0.0000289 0.0000246 0.0475912 0.0405160 0.0475912 0.0405160 0.0475912 0.0405160
51201 0.0000372 0.0000325 0.0493478 0.0431069 0.0493478 0.0431069 0.0493478 0.0431069
51202 0.0000302 0.0000266 0.0399553 0.0352500 0.0399553 0.0352500 0.0399553 0.0352500
51206 0.0000550 0.0000491 0.0625320 0.0557232 0.0625320 0.0557232 0.0625320 0.0557232
51208 0.0000376 0.0000338 0.0427455 0.0383509 0.0427455 0.0383509 0.0427455 0.0383509
51209 0.0000495 0.0000447 0.0495497 0.0446883 0.0495497 0.0446883 0.0495497 0.0446883
51210 0.0000460 0.0000417 0.0438617 0.0397504 0.0438617 0.0397504 0.0438617 0.0397504
51211 0.0000518 0.0000472 0.0493905 0.0449900 0.0493905 0.0449900 0.0493905 0.0449900
51212 0.0000918 0.0000840 0.0795778 0.0728316 0.0795778 0.0728316 0.0795778 0.0728316
51213 0.0000123 0.0000113 0.0100443 0.0092227 0.0100443 0.0092227 0.0100443 0.0092227
51214 0.0000193 0.0000178 0.0157224 0.0144514 0.0157224 0.0144514 0.0157224 0.0144514
51215 0.0000732 0.0000675 0.0596070 0.0549308 0.0596070 0.0549308 0.0596070 0.0549308
51217 0.0000110 0.0000102 0.0083630 0.0077241 0.0083630 0.0077241 0.0083630 0.0077241
51220 0.0000335 0.0000272 0.0661885 0.0537825 0.0661885 0.0537825 0.0661885 0.0537825
51222 0.0000460 0.0000397 0.0713749 0.0615052 0.0713749 0.0615052 0.0713749 0.0615052
51225 0.0000207 0.0000184 0.0248133 0.0220129 0.0248133 0.0220129 0.0248133 0.0220129
51226 0.0000093 0.0000083 0.0102081 0.0091079 0.0102081 0.0091079 0.0102081 0.0091079
51228 0.0000790 0.0000714 0.0837451 0.0756900 0.0837451 0.0756900 0.0837451 0.0756900
51229 0.0000373 0.0000341 0.0330099 0.0301666 0.0330099 0.0301666 0.0330099 0.0301666
51230 0.0000271 0.0000249 0.0219912 0.0202268 0.0219912 0.0202268 0.0219912 0.0202268
51234 0.0001087 0.0000895 0.2188186 0.1801105 0.2188186 0.1801105 0.2188186 0.1801105
51236 0.0000326 0.0000284 0.0446246 0.0388466 0.0446246 0.0388466 0.0446246 0.0388466
51237 0.0000271 0.0000239 0.0332512 0.0293070 0.0332512 0.0293070 0.0332512 0.0293070
RN   Bit10Corr  Bit10UC   Bit18Corr  Bit18UC   Bit22Corr  Bit22UC (units pb^-1)

Totals: 0.04225 0.03795 31.08360 27.36326 31.07850 27.35886  pb^-1
(int) 0
