
Processing get_luminosity_182630.C("listrunnumber.txt",1,1,2)...
RN   Bit10Corr  Bit10UC   Bit18Corr  Bit18UC   Bit22Corr  Bit22UC   Bit30Corr  Bit30UC (units pb^-1)

47352 0.0004713 0.0004327 0.0617357 0.0566782 0.0617357 0.0566782 0.0617357 0.0566782
47582 0.0001537 0.0001274 0.0946672 0.0784964 0.0946672 0.0784964 0.0946672 0.0784964
47588 0.0002810 0.0002385 0.1618485 0.1373818 0.1618485 0.1373818 0.1618485 0.1373818
47601 0.0000881 0.0000766 0.0204286 0.0177717 0.0204286 0.0177717 0.0204286 0.0177717
47619 0.0000579 0.0000512 0.0704532 0.0622565 0.0704532 0.0622565 0.0704532 0.0622565
47628 0.0000111 0.0000099 0.0135234 0.0120014 0.0135234 0.0120014 0.0135234 0.0120014
47791 0.0000469 0.0000415 0.0612962 0.0542423 0.0612962 0.0542423 0.0612962 0.0542423
47810 0.0000814 0.0000718 0.0996120 0.0878372 0.0996120 0.0878372 0.0996120 0.0878372
47824 0.0000511 0.0000454 0.0581703 0.0516628 0.0581703 0.0516628 0.0581703 0.0516628
47836 0.0000217 0.0000194 0.0226632 0.0203025 0.0226632 0.0203025 0.0226632 0.0203025
47852 0.0000125 0.0000112 0.0125788 0.0113250 0.0125788 0.0113250 0.0125788 0.0113250
47856 0.0000159 0.0000143 0.0160569 0.0144741 0.0160569 0.0144741 0.0160569 0.0144741
47869 0.0000169 0.0000153 0.0163660 0.0147935 0.0163660 0.0147935 0.0163660 0.0147935
47873 0.0000486 0.0000440 0.0469979 0.0425624 0.0469979 0.0425624 0.0469979 0.0425624
48011 0.0000465 0.0000414 0.0514815 0.0458641 0.0514815 0.0458641 0.0514815 0.0458641
48023 0.0000025 0.0000022 0.0027249 0.0024411 0.0027249 0.0024411 0.0027249 0.0024411
49033 0.0000034 0.0000032 0.0041143 0.0039288 0.0041143 0.0039288 0.0041143 0.0039288
49034 0.0000190 0.0000184 0.0066391 0.0064056 0.0066391 0.0064056 0.0066391 0.0064056
49035 0.0000237 0.0000229 0.0079246 0.0076572 0.0079246 0.0076572 0.0079246 0.0076572
49038 0.0000331 0.0000320 0.0108632 0.0105068 0.0108632 0.0105068 0.0108632 0.0105068
49042 0.0000387 0.0000375 0.0123098 0.0119154 0.0123098 0.0119154 0.0123098 0.0119154
49043 0.0000238 0.0000231 0.0072948 0.0070705 0.0072948 0.0070705 0.0072948 0.0070705
49045 0.0000482 0.0000469 0.0139428 0.0135400 0.0139428 0.0135400 0.0139428 0.0135400
49048 0.0000097 0.0000094 0.0028064 0.0027276 0.0028064 0.0027276 0.0028064 0.0027276
49050 0.0000086 0.0000083 0.0024777 0.0024089 0.0024777 0.0024089 0.0024777 0.0024089
49053 0.0000519 0.0000506 0.0134437 0.0130931 0.0134437 0.0130931 0.0134437 0.0130931
49054 0.0000455 0.0000444 0.0117915 0.0114915 0.0117915 0.0114915 0.0117915 0.0114915
49148 0.0000192 0.0000180 0.0125031 0.0117014 0.0125031 0.0117014 0.0125031 0.0117014
50232 0.0000378 0.0000325 0.0544515 0.0468388 0.0544515 0.0468388 0.0544515 0.0468388
50253 0.0000161 0.0000141 0.0205942 0.0179862 0.0205942 0.0179862 0.0205942 0.0179862
50262 0.0000790 0.0000695 0.1009441 0.0887588 0.1009441 0.0887588 0.1009441 0.0887588
50283 0.0001032 0.0000920 0.1192242 0.1062628 0.1192242 0.1062628 0.1192242 0.1062628
50313 0.0000706 0.0000634 0.0740433 0.0664852 0.0740433 0.0664852 0.0740433 0.0664852
50330 0.0000487 0.0000439 0.0484389 0.0436565 0.0484389 0.0436565 0.0484389 0.0436565
50356 0.0000297 0.0000269 0.0278643 0.0252534 0.0278643 0.0252534 0.0278643 0.0252534
50417 0.0000189 0.0000176 0.0126918 0.0118553 0.0126918 0.0118553 0.0126918 0.0118553
50424 0.0000562 0.0000529 0.0378040 0.0355706 0.0378040 0.0355706 0.0378040 0.0355706
50962 0.0000250 0.0000216 0.0376104 0.0324832 0.0376104 0.0324832 0.0376104 0.0324832
50965 0.0000210 0.0000182 0.0315321 0.0273895 0.0315321 0.0273895 0.0315321 0.0273895
50969 0.0000352 0.0000307 0.0453649 0.0396336 0.0453649 0.0396336 0.0453649 0.0396336
50973 0.0000295 0.0000259 0.0380907 0.0334512 0.0380907 0.0334512 0.0380907 0.0334512
50981 0.0000583 0.0000517 0.0751535 0.0667019 0.0751535 0.0667019 0.0751535 0.0667019
50987 0.0000423 0.0000379 0.0461861 0.0412949 0.0461861 0.0412949 0.0461861 0.0412949
50992 0.0000350 0.0000314 0.0381517 0.0342436 0.0381517 0.0342436 0.0381517 0.0342436
50996 0.0000374 0.0000337 0.0407967 0.0367380 0.0407967 0.0367380 0.0407967 0.0367380
51002 0.0000125 0.0000113 0.0136480 0.0123238 0.0136480 0.0123238 0.0136480 0.0123238
51008 0.0000164 0.0000148 0.0157002 0.0142164 0.0157002 0.0142164 0.0157002 0.0142164
51012 0.0000369 0.0000334 0.0353410 0.0320755 0.0353410 0.0320755 0.0353410 0.0320755
51095 0.0000032 0.0000030 0.0061977 0.0058770 0.0061977 0.0058770 0.0061977 0.0058770
51107 0.0000109 0.0000105 0.0037880 0.0036564 0.0037880 0.0036564 0.0037880 0.0036564
51109 0.0000266 0.0000257 0.0092651 0.0089467 0.0092651 0.0089467 0.0092651 0.0089467
51274 0.0000346 0.0000327 0.0202494 0.0191379 0.0202494 0.0191379 0.0202494 0.0191379
51277 0.0000074 0.0000071 0.0433678 0.0413348 0 0 0.0216839 0.0206674
51279 0.0000060 0.0000057 0.0350400 0.0335560 0.0350400 0.0335560 0.0350400 0.0335560
51281 0.0000054 0.0000051 0.0312587 0.0300127 0.0312587 0.0300127 0.0312587 0.0300127
51282 0.0000132 0.0000127 0.0527959 0.0508410 0.0527959 0.0508410 0.0527959 0.0508410
51283 0.0000085 0.0000082 0.0340578 0.0328748 0.0340578 0.0328748 0.0340578 0.0328748
51284 0.0000117 0.0000114 0.0469670 0.0454237 0.0469670 0.0454237 0.0469670 0.0454237
51285 0.0000047 0.0000045 0.0093850 0.0090874 0.0093850 0.0090874 0.0093850 0.0090874
51286 0.0000043 0.0000041 0.0085397 0.0082724 0.0085397 0.0082724 0.0085397 0.0082724
51297 0.0000089 0.0000085 0.0520385 0.0496343 0.0520385 0.0496343 0.0260192 0.0248171
51298 0.0000101 0.0000097 0.0592561 0.0567856 0.0592561 0.0567856 0.0296280 0.0283928
51300 0.0000075 0.0000072 0.0436931 0.0420303 0.0436931 0.0420303 0.0436931 0.0420303
51301 0.0000091 0.0000088 0.0531289 0.0512327 0.0531289 0.0512327 0.0531289 0.0512327
51334 0.0000039 0.0000037 0.0194557 0.0182951 0.0194557 0.0182951 0.0194557 0.0182951
51335 0.0000091 0.0000086 0.0452887 0.0428262 0.0452887 0.0428262 0.0452887 0.0428262
51336 0.0000018 0.0000017 0.0091912 0.0087321 0.0091912 0.0087321 0.0091912 0.0087321
51337 0.0000134 0.0000128 0.0671129 0.0639981 0.0671129 0.0639981 0.0671129 0.0639981
51338 0.0000120 0.0000115 0.0602197 0.0576889 0.0602197 0.0576889 0.0602197 0.0576889
51339 0.0000111 0.0000106 0.0553434 0.0532029 0.0553434 0.0532029 0.0553434 0.0532029
51370 0.0000080 0.0000079 0.0012740 0.0012677 0.0012740 0.0012677 0.0012740 0.0012677
51374 0.0000091 0.0000090 0.0014483 0.0014395 0.0014483 0.0014395 0.0014483 0.0014395
51395 0.0000182 0.0000176 0.0067810 0.0065585 0.0067810 0.0065585 0.0067810 0.0065585
51396 0.0001116 0.0001080 0.0243218 0.0235422 0.0243218 0.0235422 0.0243218 0.0235422
51487 0.0000375 0.0000357 0.0218425 0.0208127 0 0 0 0
51490 0.0000060 0.0000058 0.0300139 0.0287862 0.0300139 0.0287862 0.0300139 0.0287862
51491 0.0000161 0.0000154 0.0494090 0.0475430 0.0494090 0.0475430 0.0494090 0.0475430
51492 0.0000035 0.0000034 0.0062104 0.0059885 0.0062104 0.0059885 0.0062104 0.0059885
51493 0.0000381 0.0000368 0.0351172 0.0339069 0.0351172 0.0339069 0.0351172 0.0339069
51494 0.0000512 0.0000496 0.0408165 0.0394971 0.0408165 0.0394971 0.0408165 0.0394971
51495 0.0000277 0.0000269 0.0200353 0.0194177 0.0200353 0.0194177 0.0200353 0.0194177
51502 0.0000051 0.0000048 0.0066014 0.0062730 0 0 0 0
51504 0.0000089 0.0000085 0.0203397 0.0194233 0 0 0 0
51505 0.0000230 0.0000220 0.0402566 0.0386281 0 0 0 0
51506 0.0000062 0.0000060 0.0087661 0.0084360 0 0 0 0
51508 0.0000273 0.0000263 0.0374503 0.0361259 0 0 0 0
51509 0.0000200 0.0000193 0.0232990 0.0225232 0 0 0 0
51510 0.0000268 0.0000260 0.0295220 0.0285835 0 0 0 0
51511 0.0000305 0.0000296 0.0309988 0.0300597 0 0 0 0
51512 0.0000188 0.0000182 0.0179272 0.0174029 0 0 0 0
51517 0.0000050 0.0000047 0.0212185 0.0200597 0 0 0 0
51518 0.0000152 0.0000145 0.0649574 0.0618069 0 0 0 0
51520 0.0000084 0.0000080 0.0502007 0.0481499 0 0 0 0
51562 0.0000048 0.0000046 0.0346876 0.0332465 0 0 0 0
51563 0.0000033 0.0000031 0.0163041 0.0156611 0 0 0 0
51564 0.0000110 0.0000106 0.0526340 0.0506955 0 0 0 0
51565 0.0000059 0.0000057 0.0264638 0.0255464 0 0 0 0
51570 0.0000085 0.0000080 0.0160789 0.0152061 0 0 0 0
51572 0.0000022 0.0000021 0.0192453 0.0183057 0 0 0 0
51573 0.0000101 0.0000096 0.0642263 0.0613201 0 0 0 0
51574 0.0000102 0.0000098 0.0585860 0.0561756 0 0 0 0
51575 0.0000044 0.0000042 0.0194189 0.0186618 0 0 0 0
51576 0.0000027 0.0000026 0.0115528 0.0111229 0 0 0 0
51605 0.0000012 0.0000011 0.0116887 0.0110465 0 0 0 0
51607 0.0000014 0.0000014 0 0 0.0283508 0.0269914 0 0
51615 0.0000018 0.0000017 0 0 0.0348404 0.0333902 0 0
51616 0.0000024 0.0000023 0 0 0.0470078 0.0451987 0 0
51618 0.0000024 0.0000023 0 0 0.0468887 0.0453329 0 0
51619 0.0000012 0.0000012 0 0 0.0235501 0.0228046 0 0
51709 0.0000070 0.0000067 0 0 0.0534301 0.0514304 0.0534301 0.0514304
51710 0.0000037 0.0000036 0 0 0.0262763 0.0253466 0.0262763 0.0253466
51711 0.0000037 0.0000035 0 0 0.0250554 0.0241989 0.0250554 0.0241989
51713 0.0000007 0.0000006 0 0 0.0041692 0.0040365 0.0041692 0.0040365
51714 0.0000016 0.0000016 0 0 0.0100039 0.0096893 0.0100039 0.0096893
51715 0.0000012 0.0000012 0 0 0.0074145 0.0071845 0.0074145 0.0071845
51716 0.0000010 0.0000010 0 0 0.0059479 0.0057653 0.0059479 0.0057653
51718 0.0000008 0.0000008 0 0 0.0048218 0.0046757 0.0048218 0.0046757
51719 0.0000006 0.0000006 0 0 0.0037546 0.0036425 0.0037546 0.0036425
51735 0.0000012 0.0000012 0 0 0 0 0 0
51736 0.0000031 0.0000029 0 0 0 0 0 0
51740 0.0000015 0.0000015 0 0 0 0 0 0
51741 0.0000058 0.0000056 0 0 0 0 0 0
51742 0.0000022 0.0000021 0 0 0.0138723 0.0134354 0.0138723 0.0134354
51753 0.0000032 0.0000031 0 0 0.0185802 0.0180355 0.0185802 0.0180355
51754 0.0000036 0.0000035 0 0 0.0203144 0.0197393 0.0203144 0.0197393
51777 0.0000025 0.0000023 0 0 0.0238973 0.0227613 0 0
51778 0.0000006 0.0000006 0 0 0.0054762 0.0052280 0 0
51824 0.0000015 0.0000014 0 0 0.0151689 0.0144189 0 0
51825 0.0000066 0.0000063 0 0 0.0617263 0.0590072 0 0
51826 0.0000035 0.0000033 0 0 0.0280493 0.0269215 0.0280493 0.0269215
51827 0.0000068 0.0000066 0 0 0.0499280 0.0481380 0.0499280 0.0481380
51830 0.0000063 0.0000061 0 0 0.0373122 0.0362068 0.0373122 0.0362068
51837 0.0000063 0.0000060 0 0 0.0635907 0.0606519 0 0
51838 0.0000008 0.0000007 0 0 0.0063635 0.0060976 0.0063635 0.0060976
51839 0.0000047 0.0000045 0 0 0.0377243 0.0362416 0.0377243 0.0362416
51841 0.0000005 0.0000005 0 0 0.0036798 0.0035447 0.0036798 0.0035447
51842 0.0000012 0.0000011 0 0 0.0084875 0.0081812 0.0084875 0.0081812
51843 0.0000010 0.0000010 0 0 0.0070417 0.0067924 0.0070417 0.0067924
51854 0.0000016 0.0000015 0 0 0.0093698 0.0090913 0.0093698 0.0090913
51858 0.0000007 0.0000006 0 0 0.0037335 0.0036270 0.0037335 0.0036270
51860 0.0000015 0.0000014 0 0 0.0076600 0.0074545 0.0076600 0.0074545
51865 0.0000006 0.0000006 0 0 0.0068690 0.0065004 0.0068690 0.0065004
51874 0.0000040 0.0000038 0 0 0.0365561 0.0349560 0.0365561 0.0349560
51878 0.0000012 0.0000012 0 0 0.0096766 0.0092943 0.0096766 0.0092943
51881 0.0000068 0.0000065 0 0 0.0517093 0.0498106 0.0517093 0.0498106
51886 0.0000013 0.0000013 0 0 0.0088600 0.0085569 0.0088600 0.0085569
51900 0.0000052 0.0000051 0 0 0.0271493 0.0264459 0.0271493 0.0264459
51901 0.0000006 0.0000006 0 0 0.0031143 0.0030362 0.0031143 0.0030362
51902 0.0000025 0.0000025 0 0 0.0123678 0.0120615 0.0123678 0.0120615
51905 0.0000044 0.0000041 0 0 0.0562373 0.0529940 0 0
51906 0.0000033 0.0000032 0 0 0.0345581 0.0328160 0.0345581 0.0328160
51907 0.0000033 0.0000032 0 0 0.0297069 0.0283893 0.0297069 0.0283893
51908 0.0000014 0.0000014 0 0 0.0123126 0.0117867 0.0123126 0.0117867
51909 0.0000035 0.0000034 0 0 0.0276451 0.0265671 0.0276451 0.0265671
51914 0.0000018 0.0000017 0 0 0.0219231 0.0206475 0 0
51915 0.0000064 0.0000061 0 0 0.0673987 0.0642171 0 0
51921 0.0000042 0.0000040 0 0 0.0354395 0.0339655 0.0354395 0.0339655
51922 0.0000028 0.0000027 0 0 0.0210229 0.0202427 0.0210229 0.0202427
51924 0.0000036 0.0000035 0 0 0.0251343 0.0242701 0.0251343 0.0242701
51925 0.0000028 0.0000028 0 0 0.0185648 0.0179542 0.0185648 0.0179542
51927 0.0000013 0.0000013 0 0 0.0081536 0.0078963 0.0081536 0.0078963
51928 0.0000070 0.0000068 0 0 0.0391764 0.0380728 0.0391764 0.0380728
51929 0.0000027 0.0000026 0 0 0.0145888 0.0141898 0.0145888 0.0141898
51933 0.0000010 0.0000009 0 0 0.0117026 0.0110208 0 0
51934 0.0000006 0.0000006 0 0 0.0073182 0.0069147 0 0
51940 0.0000011 0.0000010 0 0 0.0105896 0.0101178 0.0105896 0.0101178
51941 0.0000021 0.0000020 0 0 0.0184800 0.0176799 0.0184800 0.0176799
51942 0.0000061 0.0000059 0 0 0.0514000 0.0493106 0.0514000 0.0493106
51943 0.0000015 0.0000014 0 0 0.0113327 0.0108985 0.0113327 0.0108985
51944 0.0000005 0.0000005 0 0 0.0041029 0.0039475 0.0041029 0.0039475
51945 0.0000030 0.0000029 0 0 0.0221981 0.0213739 0.0221981 0.0213739
51946 0.0000034 0.0000032 0 0 0.0240707 0.0232028 0.0240707 0.0232028
51949 0.0000020 0.0000020 0 0 0.0129475 0.0125331 0.0129475 0.0125331
51950 0 0 0 0 0 0 0 0
51952 0.0000009 0.0000009 0 0 0.0054965 0.0053253 0.0054965 0.0053253
51953 0 0 0 0 0 0
51954 0.0000057 0.0000055 0 0 0.0340407 0.0330157 0.0340407 0.0330157
51955 0.0000015 0.0000015 0 0 0.0088433 0.0085835 0.0088433 0.0085835
51958 0.0000006 0.0000006 0 0 0.0033585 0.0032610 0.0033585 0.0032610
51960 0.0000031 0.0000030 0 0 0.0174720 0.0169721 0.0174720 0.0169721
51977 0.0000010 0.0000009 0 0 0.0072987 0.0070335 0.0072987 0.0070335
51978 0.0000010 0.0000009 0 0 0.0067700 0.0065309 0.0067700 0.0065309
51982 0.0000008 0.0000008 0 0 0.0054072 0.0052424 0.0054072 0.0052424
51983 0.0000008 0.0000008 0 0 0.0047653 0.0046242 0.0047653 0.0046242
51985 0.0000040 0.0000039 0 0 0.0231207 0.0224585 0.0231207 0.0224585
51986 0.0000017 0.0000016 0 0 0.0090216 0.0087754 0.0090216 0.0087754
51987 0.0000023 0.0000023 0 0 0.0122309 0.0119099 0.0122309 0.0119099
51988 0.0000049 0.0000048 0 0 0.0248976 0.0242672 0.0248976 0.0242672
51990 0.0000020 0.0000019 0 0 0.0098182 0.0095750 0.0098182 0.0095750
51997 0.0000013 0.0000012 0 0 0.0146068 0.0137974 0 0
51998 0.0000031 0.0000030 0 0 0.0301300 0.0287062 0 0
51999 0.0000013 0.0000013 0 0 0.0115720 0.0110649 0.0115720 0.0110649
52005 0.0000026 0.0000025 0 0 0.0212790 0.0204201 0.0212790 0.0204201
52015 0.0000050 0.0000048 0 0 0.0380054 0.0365737 0.0380054 0.0365737
52018 0.0000058 0.0000056 0 0 0.0414358 0.0399803 0.0414358 0.0399803
52019 0.0000020 0.0000020 0 0 0.0136778 0.0132171 0.0136778 0.0132171
52022 0.0000047 0.0000045 0 0 0.0284189 0.0275571 0.0284189 0.0275571
52025 0.0000012 0.0000011 0 0 0.0146905 0.0138111 0 0
52026 0.0000041 0.0000039 0 0 0.0462836 0.0438055 0 0
52027 0.0000068 0.0000065 0 0 0.0671973 0.0640298 0.0671973 0.0640298
52030 0.0000039 0.0000037 0 0 0.0307613 0.0295395 0.0307613 0.0295395
52032 0.0000014 0.0000013 0 0 0.0098127 0.0094623 0.0098127 0.0094623
52034 0.0000006 0.0000006 0 0 0.0041007 0.0039608 0.0041007 0.0039608
52035 0.0000016 0.0000016 0 0 0.0110125 0.0106406 0.0110125 0.0106406
52036 0.0000008 0.0000008 0 0 0.0056802 0.0054910 0.0056802 0.0054910
52037 0.0000029 0.0000028 0 0 0.0189879 0.0183652 0.0189879 0.0183652
52038 0.0000009 0.0000009 0 0 0.0056749 0.0054964 0.0056749 0.0054964
52043 0.0000033 0.0000031 0 0 0.0316888 0.0302680 0 0
52044 0.0000007 0.0000007 0 0 0.0060632 0.0058068 0.0060632 0.0058068
52045 0.0000067 0.0000065 0 0 0.0549740 0.0528325 0.0549740 0.0528325
52046 0.0000248 0.0000239 0 0 0.0356349 0.0343814 0.0356349 0.0343814
52047 0.0000262 0.0000253 0 0 0.0342112 0.0331046 0.0342112 0.0331046
52048 0.0000344 0.0000334 0 0 0.0417489 0.0404998 0.0417489 0.0404998
52049 0.0000345 0.0000335 0 0 0.0391757 0.0380792 0.0391757 0.0380792
52050 0.0000130 0.0000126 0 0 0.0137907 0.0134209 0.0137907 0.0134209
52052 0.0000096 0.0000093 0 0 0.0097239 0.0094750 0.0097239 0.0094750
52060 0.0000172 0.0000162 0 0 0.0391671 0.0370323 0 0
52062 0.0000097 0.0000093 0 0 0.0188446 0.0179484 0.0188446 0.0179484
52065 0.0000065 0.0000061 0 0 0.0181423 0.0169287 0 0
52067 0.0000337 0.0000318 0 0 0.0804565 0.0760042 0 0
52068 0.0000085 0.0000081 0 0 0.0170066 0.0161590 0.0170066 0.0161590
52069 0.0000221 0.0000210 0 0 0.0426154 0.0405953 0.0426154 0.0405953
52097 0.0000709 0.0000670 0 0 0 0 0 0
52099 0.0000074 0.0000070 0 0 0.0156155 0.0148191 0 0
52101 0.0000054 0.0000052 0 0 0.0104324 0.0099341 0 0
52102 0.0000175 0.0000167 0 0 0.0336049 0.0320930 0 0
52103 0.0000054 0.0000052 0 0 0.0092401 0.0088438 0.0092401 0.0088438
52104 0.0000048 0.0000046 0 0 0.0079006 0.0075737 0.0079006 0.0075737
52107 0.0000345 0.0000333 0 0 0.0477808 0.0461514 0.0477808 0.0461514
52108 0.0000160 0.0000155 0 0 0.0207685 0.0200911 0.0207685 0.0200911
52110 0.0000035 0.0000034 0 0 0.0042911 0.0041579 0.0042911 0.0041579
52111 0.0000164 0.0000159 0 0 0.0199305 0.0193213 0.0199305 0.0193213
52112 0.0000031 0.0000030 0 0 0.0035886 0.0034833 0.0035886 0.0034833
52144 0.0000031 0.0000029 0 0 0.0047950 0.0046138 0.0047950 0.0046138
52145 0.0000078 0.0000075 0 0 0.0115151 0.0110918 0.0115151 0.0110918
52146 0.0000095 0.0000092 0 0 0.0139870 0.0134914 0.0139870 0.0134914
52265 0.0000098 0.0000092 0 0 0.0231066 0.0217755 0 0
52266 0.0000116 0.0000109 0 0 0.0254061 0.0240323 0.0254061 0.0240323
52268 0.0000208 0.0000198 0 0 0.0427042 0.0405827 0.0427042 0.0405827
52269 0.0000346 0.0000330 0 0 0.0634606 0.0606411 0.0317303 0.0303205
52270 0.0000375 0.0000360 0 0 0.0626641 0.0601348 0.0626641 0.0601348
52271 0.0000346 0.0000333 0 0 0.0525521 0.0505838 0.0525521 0.0505838
52276 0.0000207 0.0000200 0 0 0.0280349 0.0270862 0.0280349 0.0270862
52278 0.0000088 0.0000085 0 0 0.0112967 0.0109308 0.0112967 0.0109308
52286 0.0000317 0.0000301 0 0 0.0699172 0.0664935 0 0
52287 0.0000337 0.0000323 0 0 0.0593568 0.0568686 0.0593568 0.0568686
52288 0.0000290 0.0000279 0 0 0.0449176 0.0432323 0.0449176 0.0432323
52289 0.0000088 0.0000085 0 0 0.0123595 0.0119230 0.0123595 0.0119230
52290 0.0000035 0.0000034 0 0 0.0047731 0.0046074 0.0047731 0.0046074
52291 0.0000087 0.0000084 0 0 0.0118477 0.0114436 0.0118477 0.0114436
52292 0.0000142 0.0000137 0 0 0.0187718 0.0181471 0.0187718 0.0181471
52294 0.0000035 0.0000034 0 0 0.0045101 0.0043643 0.0045101 0.0043643
52295 0.0000049 0.0000048 0 0 0.0062906 0.0060890 0.0062906 0.0060890
52296 0.0000030 0.0000029 0 0 0.0037251 0.0036075 0.0037251 0.0036075
52302 0.0000089 0.0000084 0 0 0.0219018 0.0206229 0 0
52303 0.0000030 0.0000028 0 0 0.0064670 0.0061171 0.0064670 0.0061171
52304 0.0000050 0.0000048 0 0 0.0106085 0.0100527 0.0106085 0.0100527
52308 0.0000030 0.0000029 0 0 0.0057216 0.0054486 0.0057216 0.0054486
52309 0.0000055 0.0000052 0 0 0.0101545 0.0096810 0.0101545 0.0096810
52314 0.0000124 0.0000118 0 0 0.0217850 0.0208317 0.0217850 0.0208317
52317 0.0000033 0.0000031 0 0 0.0054692 0.0052572 0.0054692 0.0052572
52318 0.0000097 0.0000094 0 0 0.0147640 0.0142012 0.0147640 0.0142012
52319 0.0000067 0.0000064 0 0 0.0098595 0.0094916 0.0098595 0.0094916
52323 0.0000300 0.0000290 0 0 0.0413627 0.0399664 0.0413627 0.0399664
52324 0.0000073 0.0000070 0 0 0.0093888 0.0090819 0.0093888 0.0090819
52325 0.0000223 0.0000216 0 0 0.0279726 0.0270911 0.0279726 0.0270911
52326 0.0000110 0.0000106 0 0 0.0133186 0.0129091 0.0133186 0.0129091
52327 0.0000041 0.0000040 0 0 0.0048222 0.0046783 0.0048222 0.0046783
52343 0.0000046 0.0000044 0 0 0.0109481 0.0103324 0.0054741 0.0051663
52344 0.0000086 0.0000082 0 0 0.0204527 0.0193826 0.0102263 0.0096913
52345 0.0000279 0.0000266 0 0 0.0659459 0.0628995 0.0329729 0.0314497
52346 0.0000285 0.0000273 0 0 0.0479576 0.0460003 0.0479576 0.0460003
52347 0.0000047 0.0000045 0 0 0.0072692 0.0069865 0.0072692 0.0069865
52348 0.0000206 0.0000198 0 0 0.0305997 0.0294720 0.0305997 0.0294720
52349 0.0000300 0.0000290 0 0 0.0422651 0.0407969 0.0422651 0.0407969
52357 0.0000037 0.0000035 0 0 0.0046423 0.0044928 0.0046423 0.0044928
52359 0.0000111 0.0000108 0 0 0.0139258 0.0134859 0.0139258 0.0134859
52360 0.0000258 0.0000250 0 0 0.0312043 0.0302591 0.0312043 0.0302591
52361 0.0000342 0.0000332 0 0 0.0399557 0.0387944 0.0399557 0.0387944
52365 0.0000320 0.0000303 0 0 0.0756926 0.0717011 0.0756926 0.0717011
52366 0.0000337 0.0000322 0 0 0.0634082 0.0605829 0.0634082 0.0605829
52367 0.0000050 0.0000048 0 0 0.0082052 0.0078631 0.0082052 0.0078631
52368 0.0000076 0.0000073 0 0 0.0125522 0.0120404 0.0125522 0.0120404
52369 0.0000074 0.0000071 0 0 0.0116473 0.0111839 0.0116473 0.0111839
52370 0.0000351 0.0000338 0 0 0.0531813 0.0512087 0.0531813 0.0512087
52371 0.0000344 0.0000332 0 0 0.0483658 0.0466879 0.0483658 0.0466879
52372 0.0000096 0.0000093 0 0 0.0126792 0.0122571 0.0126792 0.0122571
52378 0.0000041 0.0000040 0 0 0.0051013 0.0049421 0.0051013 0.0049421
52380 0.0000199 0.0000193 0 0 0.0241954 0.0234588 0.0241954 0.0234588
52381 0.0000042 0.0000041 0 0 0.0051155 0.0049627 0.0051155 0.0049627
52382 0.0000142 0.0000138 0 0 0.0165614 0.0160729 0.0165614 0.0160729
52391 0.0000274 0.0000260 0 0 0.0590313 0.0560745 0.0590313 0.0560745
52392 0.0000099 0.0000094 0 0 0.0177408 0.0169479 0.0177408 0.0169479
52393 0.0000082 0.0000078 0 0 0.0138436 0.0132557 0.0138436 0.0132557
52394 0.0000063 0.0000061 0 0 0.0103429 0.0099186 0.0103429 0.0099186
52395 0.0000042 0.0000040 0 0 0.0062436 0.0060064 0.0062436 0.0060064
52396 0.0000044 0.0000042 0 0 0.0065434 0.0062989 0.0065434 0.0062989
52401 0.0000311 0.0000301 0 0 0.0419077 0.0405219 0.0419077 0.0405219
52402 0.0000064 0.0000062 0 0 0.0079925 0.0077415 0.0079925 0.0077415
52403 0.0000155 0.0000150 0 0 0.0192397 0.0186478 0.0192397 0.0186478
52405 0.0000097 0.0000094 0 0 0.0116266 0.0112769 0.0116266 0.0112769
52406 0.0000110 0.0000106 0 0 0.0130937 0.0127059 0.0130937 0.0127059
52410 0.0000087 0.0000083 0 0 0.0199509 0.0188543 0.0199509 0.0188543
52411 0.0000061 0.0000058 0 0 0.0124621 0.0118329 0.0124621 0.0118329
52412 0.0000311 0.0000297 0 0 0.0640129 0.0611463 0.0640129 0.0611463
52413 0.0000341 0.0000328 0 0 0.0557632 0.0535663 0.0557632 0.0535663
52414 0.0000029 0.0000028 0 0 0.0043474 0.0041846 0.0043474 0.0041846
52415 0.0000086 0.0000083 0 0 0.0122960 0.0118554 0.0122960 0.0118554
52417 0 0 0 0 0 0 0 0
52418 0.0000027 0.0000026 0 0 0.0037454 0.0036204 0.0037454 0.0036204
52419 0.0000087 0.0000084 0 0 0.0119957 0.0116013 0.0119957 0.0116013
52420 0.0000216 0.0000210 0 0 0.0299349 0.0290152 0.0299349 0.0290152
52421 0.0000123 0.0000119 0 0 0.0170369 0.0165330 0.0170369 0.0165330
52422 0.0000138 0.0000134 0 0 0.0190675 0.0185153 0.0190675 0.0185153
52423 0.0000084 0.0000081 0 0 0.0115858 0.0112596 0.0115858 0.0112596
52424 0.0000034 0.0000033 0 0 0.0046966 0.0045657 0.0046966 0.0045657
52431 0.0000117 0.0000110 0 0 0.0288154 0.0271737 0.0144077 0.0135868
52432 0.0000030 0.0000028 0 0 0.0073773 0.0069935 0.0036887 0.0034968
52433 0.0000270 0.0000257 0 0 0.0665521 0.0634449 0.0332760 0.0317224
52434 0.0000188 0.0000180 0 0 0.0464566 0.0445306 0.0232284 0.0222654
52436 0.0000015 0.0000014 0 0 0.0036991 0.0035533 0.0018496 0.0017767
52437 0.0000110 0.0000106 0 0 0.0165286 0.0159158 0.0165286 0.0159158
52438 0.0000229 0.0000221 0 0 0.0343684 0.0331461 0.0343684 0.0331461
52440 0.0000036 0.0000035 0 0 0.0048765 0.0047108 0.0048765 0.0047108
52441 0.0000076 0.0000074 0 0 0.0102441 0.0099004 0.0102441 0.0099004
52442 0.0000034 0.0000033 0 0 0.0045377 0.0043873 0.0045377 0.0043873
52443 0.0000080 0.0000078 0 0 0.0103944 0.0100537 0.0103944 0.0100537
52444 0.0000043 0.0000041 0 0 0.0053840 0.0052136 0.0053840 0.0052136
52446 0.0000081 0.0000079 0 0 0.0102749 0.0099539 0.0102749 0.0099539
52447 0.0000029 0.0000028 0 0 0.0036294 0.0035171 0.0036294 0.0035171
52449 0.0000050 0.0000048 0 0 0.0062706 0.0060849 0.0062706 0.0060849
52452 0.0000326 0.0000309 0 0 0.0768716 0.0727968 0 0
52453 0.0000088 0.0000083 0 0 0.0164655 0.0156948 0.0164655 0.0156948
52454 0.0000150 0.0000144 0 0 0.0270869 0.0258828 0.0135435 0.0129415
52455 0.0000059 0.0000056 0 0 0.0106244 0.0101701 0.0053122 0.0050851
52456 0.0000061 0.0000058 0 0 0.0098378 0.0094384 0.0098378 0.0094384
52458 0.0000193 0.0000186 0 0 0.0295658 0.0284415 0.0295658 0.0284415
52459 0.0000094 0.0000091 0 0 0.0133910 0.0129172 0.0133910 0.0129172
52460 0.0000182 0.0000176 0 0 0.0245851 0.0237563 0.0245851 0.0237563
52461 0.0000075 0.0000073 0 0 0.0098047 0.0094818 0.0098047 0.0094818
52462 0.0000130 0.0000126 0 0 0.0163917 0.0158699 0.0163917 0.0158699
52463 0.0000363 0.0000352 0 0 0.0458809 0.0444839 0.0458809 0.0444839
52466 0.0000303 0.0000286 0 0 0.0792326 0.0748548 0 0
52467 0.0000243 0.0000232 0 0 0.0633976 0.0605842 0 0
52468 0.0000161 0.0000155 0 0 0.0421866 0.0405065 0 0
52469 0.0000349 0.0000336 0 0 0.0502967 0.0485181 0.0502967 0.0485181
52470 0.0000194 0.0000187 0 0 0.0279615 0.0270260 0.0279615 0.0270260
52471 0.0000247 0.0000239 0 0 0.0357033 0.0345574 0.0357033 0.0345574
52472 0.0000032 0.0000031 0 0 0.0046297 0.0044870 0.0046297 0.0044870
52474 0.0000349 0.0000339 0 0 0.0415098 0.0402830 0.0415098 0.0402830
52475 0.0000121 0.0000118 0 0 0.0144049 0.0139924 0.0144049 0.0139924
52481 0.0000232 0.0000224 0 0 0.0369078 0.0355827 0 0
52482 0.0000175 0.0000170 0 0 0.0224404 0.0217456 0.0224404 0.0217456
52484 0.0000245 0.0000238 0 0 0.0280228 0.0272440 0.0280228 0.0272440
52485 0.0000134 0.0000130 0 0 0.0139149 0.0135520 0.0139149 0.0135520
52486 0.0000232 0.0000226 0 0 0.0225446 0.0220010 0.0225446 0.0220010
52491 0.0000234 0.0000229 0 0 0.0205043 0.0200607 0.0205043 0.0200607
52492 0.0000083 0.0000082 0 0 0.0069291 0.0067836 0.0069291 0.0067836
52493 0.0000120 0.0000117 0 0 0.0097688 0.0095678 0.0097688 0.0095678
52494 0.0000345 0.0000339 0 0 0.0268211 0.0263041 0.0268211 0.0263041
52495 0.0000211 0.0000207 0 0 0.0155422 0.0152519 0.0155422 0.0152519
52508 0.0000036 0.0000034 0 0 0.0075995 0.0072069 0 0
52518 0.0000335 0.0000319 0 0 0.0686722 0.0653929 0 0
52519 0.0000345 0.0000330 0 0 0.0602113 0.0576803 0 0
52520 0.0000066 0.0000063 0 0 0.0103164 0.0099076 0.0103164 0.0099076
52521 0.0000224 0.0000216 0 0 0.0340279 0.0327457 0.0340279 0.0327457
52522 0.0000285 0.0000275 0 0 0.0412708 0.0397933 0.0412708 0.0397933
52538 0.0000030 0.0000029 0 0 0.0038402 0.0037149 0.0038402 0.0037149
52539 0.0000352 0.0000341 0 0 0.0444050 0.0430099 0.0444050 0.0430099
52540 0.0000280 0.0000272 0 0 0.0336158 0.0326091 0.0336158 0.0326091
52558 0.0000116 0.0000110 0 0 0.0246152 0.0233564 0 0
52575 0.0000269 0.0000259 0 0 0.0485783 0.0468007 0.0485783 0.0468007
52576 0.0000109 0.0000105 0 0 0.0196338 0.0189781 0.0196338 0.0189781
52579 0.0000245 0.0000238 0 0 0.0292998 0.0284592 0.0292998 0.0284592
52580 0.0000142 0.0000138 0 0 0.0170113 0.0165376 0.0170113 0.0165376
52581 0.0000338 0.0000329 0 0 0.0364456 0.0354591 0.0364456 0.0354591
52584 0.0000041 0.0000038 0 0 0.0096385 0.0090869 0 0
52585 0.0000042 0.0000039 0 0 0.0089101 0.0084403 0 0
52586 0.0000336 0.0000321 0 0 0.0632290 0.0604446 0 0
52592 0.0000133 0.0000128 0 0 0.0202936 0.0195204 0 0
52593 0.0000256 0.0000247 0 0 0.0371369 0.0358067 0.0371369 0.0358067
52594 0.0000351 0.0000340 0 0 0.0466356 0.0450986 0.0233177 0.0225492
52595 0.0000071 0.0000069 0 0 0.0089433 0.0086583 0.0089433 0.0086583
52596 0.0000124 0.0000120 0 0 0.0156588 0.0151656 0.0156588 0.0151656
52610 0.0000314 0.0000299 0 0 0.0641576 0.0611291 0 0
52611 0.0000125 0.0000120 0 0 0.0221134 0.0211378 0.0221134 0.0211378
52613 0.0000350 0.0000336 0 0 0.0571788 0.0548859 0 0
52614 0.0000141 0.0000136 0 0 0.0214753 0.0206568 0.0214753 0.0206568
52615 0.0000062 0.0000060 0 0 0.0091472 0.0088064 0.0091472 0.0088064
52616 0.0000173 0.0000167 0 0 0.0247139 0.0238263 0.0247139 0.0238263
52617 0.0000350 0.0000338 0 0 0.0481394 0.0464960 0.0481394 0.0464960
52618 0.0000046 0.0000044 0 0 0.0059576 0.0057600 0.0029788 0.0028800
52619 0.0000134 0.0000129 0 0 0.0171068 0.0165540 0.0171068 0.0165540
52623 0.0000321 0.0000304 0 0 0.0397037 0.0375306 0 0
52624 0.0000268 0.0000256 0 0 0.0331337 0.0316043 0 0
52625 0.0000211 0.0000202 0 0 0.0260857 0.0250074 0 0
52626 0.0000215 0.0000207 0 0 0.0265421 0.0255408 0 0
52627 0.0000199 0.0000192 0 0 0.0245748 0.0237128 0 0
52628 0.0000161 0.0000155 0 0 0.0198509 0.0191972 0 0
52629 0.0000100 0.0000097 0 0 0.0123797 0.0119919 0 0
52637 0.0000327 0.0000312 0 0 0.0670107 0.0638623 0.0670107 0.0638623
52638 0.0000170 0.0000163 0 0 0.0289330 0.0277258 0.0289330 0.0277258
52639 0.0000219 0.0000210 0 0 0.0342643 0.0329394 0.0342643 0.0329394
52640 0.0000342 0.0000329 0 0 0.0495665 0.0478072 0.0247832 0.0239036
52641 0.0000340 0.0000329 0 0 0.0455946 0.0440866 0.0455946 0.0440866
52642 0.0000337 0.0000327 0 0 0.0422979 0.0409859 0.0422979 0.0409859
52643 0.0000296 0.0000288 0 0 0.0335343 0.0325849 0.0335343 0.0325849
52649 0.0000326 0.0000310 0 0 0.0700455 0.0666228 0 0
52650 0.0000340 0.0000326 0 0 0.0597442 0.0572265 0.0597442 0.0572265
52651 0.0000143 0.0000138 0 0 0.0224968 0.0216194 0 0
52652 0.0000343 0.0000331 0 0 0.0504415 0.0486207 0.0504415 0.0486207
52656 0.0000069 0.0000067 0 0 0.0090219 0.0087242 0.0090219 0.0087242
52658 0.0000121 0.0000117 0 0 0.0154072 0.0149107 0.0154072 0.0149107
52659 0.0000349 0.0000339 0 0 0.0428242 0.0415198 0.0428242 0.0415198
52660 0.0000126 0.0000122 0 0 0.0146861 0.0142533 0.0146861 0.0142533
52661 0.0000350 0.0000340 0 0 0.0400936 0.0389490 0.0400936 0.0389490
52662 0.0000122 0.0000119 0 0 0.0133790 0.0130088 0.0133790 0.0130088
52664 0.0000111 0.0000108 0 0 0.0112013 0.0109148 0.0112013 0.0109148
52665 0.0000053 0.0000051 0 0 0.0052351 0.0051024 0.0052351 0.0051024
52677 0.0000156 0.0000149 0 0 0.0293629 0.0280953 0 0
52678 0.0000078 0.0000075 0 0 0.0123238 0.0118422 0 0
52679 0.0000332 0.0000320 0 0 0.0497365 0.0479727 0.0497365 0.0479727
52680 0.0000305 0.0000295 0 0 0.0397949 0.0385311 0.0397949 0.0385311
52682 0.0000034 0.0000033 0 0 0.0037958 0.0036885 0.0037958 0.0036885
52684 0.0000341 0.0000332 0 0 0.0369695 0.0359792 0.0369695 0.0359792
52685 0.0000054 0.0000052 0 0 0.0054702 0.0053287 0.0054702 0.0053287
52690 0.0000172 0.0000168 0 0 0.0164674 0.0160701 0.0164674 0.0160701
52691 0.0000132 0.0000129 0 0 0.0122036 0.0119175 0.0122036 0.0119175
52692 0.0000170 0.0000166 0 0 0.0154483 0.0150937 0.0154483 0.0150937
52702 0.0000306 0.0000291 0 0 0.0692794 0.0658369 0 0
52703 0.0000341 0.0000326 0 0 0.0596571 0.0571675 0.0596571 0.0571675
52704 0.0000040 0.0000038 0 0 0.0061315 0.0058920 0.0061315 0.0058920
52705 0.0000045 0.0000043 0 0 0.0065737 0.0063286 0.0065737 0.0063286
52706 0.0000344 0.0000332 0 0 0.0491587 0.0474309 0.0491587 0.0474309
52707 0.0000077 0.0000074 0 0 0.0102152 0.0098765 0.0102152 0.0098765
52717 0.0000301 0.0000286 0 0 0.0724499 0.0687813 0 0
52718 0.0000041 0.0000039 0 0 0.0075639 0.0072150 0 0
52719 0.0000288 0.0000276 0 0 0.0512497 0.0490471 0.0512497 0.0490471
52721 0.0000351 0.0000337 0 0 0.0537323 0.0516888 0.0537323 0.0516888
52724 0.0000296 0.0000286 0 0 0.0399730 0.0386424 0.0399730 0.0386424
52725 0.0000121 0.0000117 0 0 0.0153910 0.0148975 0.0153910 0.0148975
52726 0.0000076 0.0000073 0 0 0.0094345 0.0091377 0.0094345 0.0091377
52728 0.0000072 0.0000069 0 0 0.0087327 0.0084637 0.0087327 0.0084637
52747 0.0000163 0.0000155 0 0 0.0306441 0.0292425 0.0306441 0.0292425
52749 0.0000340 0.0000326 0 0 0.0570594 0.0547698 0.0570594 0.0547698
52751 0.0000346 0.0000334 0 0 0.0499862 0.0482183 0.0499862 0.0482183
52752 0.0000189 0.0000183 0 0 0.0253909 0.0245400 0.0253909 0.0245400
52753 0.0000057 0.0000056 0 0 0.0074268 0.0071839 0.0074268 0.0071839
52754 0.0000328 0.0000318 0 0 0.0419086 0.0405837 0.0419086 0.0405837
52755 0.0000348 0.0000338 0 0 0.0413698 0.0401466 0.0413698 0.0401466
52756 0.0000254 0.0000247 0 0 0.0287543 0.0279371 0.0287543 0.0279371
52760 0.0000326 0.0000310 0 0 0.0700146 0.0665977 0 0
52761 0.0000179 0.0000171 0 0 0.0305211 0.0292434 0 0
52777 0.0000101 0.0000095 0 0 0.0084159 0.0079279 0 0
52778 0.0000336 0.0000319 0 0 0.0719614 0.0683707 0.0719614 0.0683707
52779 0.0000294 0.0000282 0 0 0.0535180 0.0511809 0.0535180 0.0511809
52780 0.0000112 0.0000107 0 0 0.0180457 0.0173100 0.0180457 0.0173100
52781 0.0000351 0.0000338 0 0 0.0530892 0.0511101 0.0265446 0.0255551
52782 0.0000352 0.0000339 0 0 0.0499931 0.0482295 0.0499931 0.0482295
52783 0.0000055 0.0000053 0 0 0.0074438 0.0071895 0.0074438 0.0071895
52784 0.0000145 0.0000140 0 0 0.0191710 0.0185315 0.0191710 0.0185315
52785 0.0000351 0.0000340 0 0 0.0454499 0.0439853 0.0454499 0.0439853
52786 0.0000114 0.0000110 0 0 0.0140500 0.0136115 0.0140500 0.0136115
52805 0.0000140 0.0000135 0 0 0 0 0 0
52811 0.0000014 0.0000013 0 0 0.0012873 0.0012395 0.0051492 0.0049578
52813 0.0000069 0.0000067 0 0 0 0 0.0138964 0.0133970
52814 0.0000215 0.0000208 0 0 0.0296383 0.0286237 0.0296383 0.0286237
52815 0.0000341 0.0000331 0 0 0.0447021 0.0432681 0.0447021 0.0432681
52816 0.0000162 0.0000157 0 0 0.0195921 0.0189964 0.0195921 0.0189964
52819 0.0000346 0.0000336 0 0 0.0388900 0.0378019 0.0388900 0.0378019
52844 0.0000343 0.0000325 0 0 0.0747734 0.0709001 0 0
52845 0.0000351 0.0000334 0 0 0.0675373 0.0643553 0.0675373 0.0643553
52846 0.0000035 0.0000033 0 0 0.0062171 0.0059355 0.0062171 0.0059355
52847 0.0000353 0.0000338 0 0 0.0618004 0.0591330 0.0618004 0.0591330
52848 0.0000350 0.0000336 0 0 0.0575032 0.0551725 0.0575032 0.0551725
52849 0.0000183 0.0000176 0 0 0.0283136 0.0272172 0.0283136 0.0272172
52850 0.0000354 0.0000341 0 0 0.0528480 0.0508741 0.0528480 0.0508741
52851 0.0000254 0.0000245 0 0 0.0366603 0.0353320 0.0366603 0.0353320
52857 0.0000305 0.0000291 0 0 0.0698526 0.0664595 0 0
52858 0.0000332 0.0000319 0 0 0.0570469 0.0547141 0.0570469 0.0547141
52859 0.0000114 0.0000110 0 0 0.0172935 0.0166447 0.0172935 0.0166447
52873 0.0000320 0.0000306 0 0 0.0621892 0.0594905 0 0
52874 0.0000245 0.0000236 0 0 0.0392456 0.0377149 0.0392456 0.0377149
52875 0.0000138 0.0000133 0 0 0.0202403 0.0194978 0.0101201 0.0097489
52876 0.0000347 0.0000336 0 0 0.0480585 0.0464361 0.0480585 0.0464361
52877 0.0000359 0.0000348 0 0 0.0454621 0.0440420 0.0454621 0.0440420
52878 0.0000216 0.0000209 0 0 0.0256939 0.0249289 0.0256939 0.0249289
52879 0.0000041 0.0000040 0 0 0.0046869 0.0045515 0.0046869 0.0045515
52880 0.0000356 0.0000346 0 0 0.0400795 0.0389554 0.0400795 0.0389554
52881 0.0000171 0.0000166 0 0 0.0185055 0.0179983 0.0185055 0.0179983
52887 0.0000272 0.0000259 0 0 0.0572714 0.0545212 0 0
52888 0.0000330 0.0000316 0 0 0.0575672 0.0551628 0 0
52889 0.0000242 0.0000233 0 0 0.0376270 0.0361765 0.0376270 0.0361765
52890 0.0000257 0.0000248 0 0 0.0373490 0.0360359 0.0373490 0.0360359
52895 0.0000134 0.0000127 0 0 0.0292324 0.0278182 0 0
52896 0.0000119 0.0000114 0 0 0.0260747 0.0249477 0 0
52897 0.0000163 0.0000156 0 0 0.0356736 0.0342534 0 0
52898 0.0000072 0.0000069 0 0 0.0156820 0.0150935 0 0
52900 0.0000066 0.0000064 0 0 0.0095367 0.0091916 0.0095367 0.0091916
52901 0.0000046 0.0000044 0 0 0.0066161 0.0063811 0.0066161 0.0063811
52902 0.0000107 0.0000104 0 0 0.0146259 0.0141231 0.0146259 0.0141231
52905 0.0000037 0.0000034 0 0 0.0090246 0.0084803 0 0
52910 0.0000200 0.0000190 0 0 0.0491078 0.0467621 0 0
52911 0.0000347 0.0000332 0 0 0.0628932 0.0601157 0.0628932 0.0601157
52912 0.0000350 0.0000336 0 0 0.0574859 0.0551561 0.0574859 0.0551561
52917 0.0000141 0.0000136 0 0 0.0231742 0.0222846 0.0231742 0.0222846
53046 0.0000097 0.0000091 0 0 0.0221333 0.0209118 0 0
53047 0.0000338 0.0000321 0 0 0.0702789 0.0668523 0.0702789 0.0668523
53048 0.0000265 0.0000254 0 0 0.0474539 0.0453845 0.0474539 0.0453845
53049 0.0000061 0.0000058 0 0 0.0098912 0.0094847 0.0098912 0.0094847
53050 0.0000356 0.0000343 0 0 0.0560104 0.0538580 0.0560104 0.0538580
53052 0.0000033 0.0000032 0 0 0.0048236 0.0046474 0.0048236 0.0046474
53053 0.0000115 0.0000111 0 0 0.0164402 0.0158508 0.0164402 0.0158508
53054 0.0000287 0.0000277 0 0 0.0399336 0.0385516 0.0399336 0.0385516
53055 0.0000185 0.0000179 0 0 0.0242800 0.0234823 0.0242800 0.0234823
53056 0.0000044 0.0000043 0 0 0.0057716 0.0055854 0.0057716 0.0055854
53057 0.0000062 0.0000060 0 0 0.0081805 0.0079191 0.0081805 0.0079191
53058 0.0000141 0.0000136 0 0 0.0184571 0.0178771 0.0184571 0.0178771
53059 0.0000073 0.0000071 0 0 0.0095458 0.0092532 0.0095458 0.0092532
53062 0.0000058 0.0000055 0 0 0.0124460 0.0117722 0 0
53064 0.0000041 0.0000039 0 0 0.0087397 0.0083261 0 0
53065 0.0000282 0.0000270 0 0 0.0600901 0.0575412 0 0
53066 0.0000242 0.0000233 0 0 0.0516023 0.0496805 0 0
53067 0.0000021 0.0000020 0 0 0.0045042 0.0043509 0 0
53068 0.0000181 0.0000175 0 0 0.0384778 0.0372291 0 0
53069 0.0000100 0.0000097 0 0 0.0123543 0.0119709 0.0123543 0.0119709
53070 0.0000250 0.0000242 0 0 0.0300914 0.0291885 0.0300914 0.0291885
53071 0.0000091 0.0000089 0 0 0.0104659 0.0101621 0.0104659 0.0101621
53073 0.0000055 0.0000054 0 0 0.0061048 0.0059351 0.0061048 0.0059351
53074 0.0000060 0.0000059 0 0 0.0066330 0.0064538 0.0066330 0.0064538
53076 0.0000315 0.0000307 0 0 0.0328667 0.0320100 0.0328667 0.0320100
53079 0.0000299 0.0000285 0 0 0.0659946 0.0629340 0 0
53081 0.0000331 0.0000318 0 0 0.0532224 0.0512222 0.0532224 0.0512222
53082 0.0000087 0.0000084 0 0 0.0118656 0.0114548 0.0118656 0.0114548
53165 0.0000316 0.0000300 0 0 0.0716358 0.0680515 0 0
53166 0.0000199 0.0000190 0 0 0.0357757 0.0342037 0.0357757 0.0342037
53167 0.0000240 0.0000230 0 0 0.0402222 0.0385580 0.0402222 0.0385580
53168 0.0000115 0.0000110 0 0 0.0180880 0.0173748 0.0180880 0.0173748
53169 0.0000335 0.0000323 0 0 0.0528380 0.0508697 0.0528380 0.0508697
53170 0.0000199 0.0000192 0 0 0.0282392 0.0272384 0.0282392 0.0272384
53171 0.0000315 0.0000304 0 0 0.0419884 0.0405896 0.0419884 0.0405896
53172 0.0000223 0.0000216 0 0 0.0283500 0.0274456 0.0283500 0.0274456
53173 0.0000030 0.0000029 0 0 0.0037400 0.0036225 0.0037400 0.0036225
53174 0.0000300 0.0000291 0 0 0.0368134 0.0356828 0.0368134 0.0356828
53194 0.0000316 0.0000304 0 0 0.0506987 0.0487442 0.0506987 0.0487442
53195 0.0000117 0.0000112 0 0 0.0187443 0.0180647 0.0187443 0.0180647
53197 0.0000093 0.0000090 0 0 0.0149360 0.0144358 0.0149360 0.0144358
53198 0.0000035 0.0000034 0 0 0.0056826 0.0054958 0.0056826 0.0054958
53199 0.0000234 0.0000227 0 0 0.0376067 0.0364113 0.0376067 0.0364113
53200 0.0000264 0.0000256 0 0 0.0319734 0.0310228 0.0319734 0.0310228
53201 0.0000033 0.0000032 0 0 0.0037211 0.0036151 0.0037211 0.0036151
53202 0.0000276 0.0000269 0 0 0.0310519 0.0301815 0.0310519 0.0301815
53203 0.0000053 0.0000052 0 0 0.0059927 0.0058283 0.0059927 0.0058283
53204 0.0000088 0.0000085 0 0 0.0093900 0.0091349 0.0093900 0.0091349
53205 0.0000062 0.0000061 0 0 0.0065859 0.0064081 0.0065859 0.0064081
53210 0.0000240 0.0000228 0 0 0.0541722 0.0514225 0 0
53211 0.0000341 0.0000326 0 0 0.0621374 0.0594350 0.0621374 0.0594350
53212 0.0000142 0.0000136 0 0 0.0227808 0.0218677 0.0227808 0.0218677
53213 0.0000223 0.0000214 0 0 0.0340735 0.0327790 0.0340735 0.0327790
53216 0.0000121 0.0000117 0 0 0.0174996 0.0168631 0.0174996 0.0168631
53217 0.0000118 0.0000114 0 0 0.0167424 0.0161479 0.0167424 0.0161479
53218 0.0000138 0.0000133 0 0 0.0195092 0.0188337 0.0195092 0.0188337
53219 0.0000352 0.0000340 0 0 0.0471878 0.0456110 0.0471878 0.0456110
53220 0.0000348 0.0000337 0 0 0.0440018 0.0426196 0.0440018 0.0426196
53221 0.0000065 0.0000063 0 0 0.0077908 0.0075520 0.0077908 0.0075520
53223 0.0000185 0.0000179 0 0 0.0220044 0.0213418 0.0220044 0.0213418
53224 0.0000237 0.0000230 0 0 0.0282010 0.0273736 0.0282010 0.0273736
53225 0.0000077 0.0000075 0 0 0.0087144 0.0084629 0.0087144 0.0084629
53226 0.0000289 0.0000281 0 0 0.0322616 0.0313545 0.0322616 0.0313545
53227 0.0000302 0.0000294 0 0 0.0328118 0.0319191 0.0328118 0.0319191
53236 0.0000058 0.0000054 0 0 0.0127089 0.0120310 0 0
53237 0.0000095 0.0000091 0 0 0.0172860 0.0165179 0.0172860 0.0165179
53239 0.0000133 0.0000127 0 0 0.0241349 0.0231385 0.0241349 0.0231385
53240 0.0000298 0.0000286 0 0 0.0541825 0.0521106 0.0541825 0.0521106
53241 0.0000094 0.0000091 0 0 0.0135044 0.0130193 0.0135044 0.0130193
53242 0.0000341 0.0000330 0 0 0.0466795 0.0451270 0.0466795 0.0451270
53243 0.0000042 0.0000040 0 0 0.0052047 0.0050405 0.0052047 0.0050405
53244 0.0000247 0.0000240 0 0 0.0309124 0.0299544 0.0309124 0.0299544
53246 0.0000186 0.0000180 0 0 0.0221324 0.0214681 0.0221324 0.0214681
53247 0.0000279 0.0000271 0 0 0.0320522 0.0311300 0.0320522 0.0311300
53248 0.0000042 0.0000041 0 0 0.0046324 0.0045028 0.0046324 0.0045028
53249 0.0000111 0.0000108 0 0 0.0122263 0.0118868 0.0122263 0.0118868
53282 0.0000048 0.0000046 0 0 0.0097800 0.0092988 0.0032599 0.0030996
53287 0.0000034 0.0000033 0 0 0.0058610 0.0056079 0.0058610 0.0056079
53289 0.0000154 0.0000148 0 0 0.0265117 0.0254521 0.0265117 0.0254521
53290 0.0000288 0.0000277 0 0 0.0435445 0.0419566 0.0435445 0.0419566
53291 0.0000131 0.0000127 0 0 0.0176229 0.0170320 0.0176229 0.0170320
53292 0.0000027 0.0000027 0 0 0.0036835 0.0035626 0.0036835 0.0035626
53293 0.0000343 0.0000332 0 0 0.0439485 0.0425669 0.0439485 0.0425669
53296 0.0000033 0.0000032 0 0 0.0039323 0.0038148 0.0039323 0.0038148
53297 0.0000287 0.0000279 0 0 0.0338499 0.0328675 0.0338499 0.0328675
53299 0.0000346 0.0000336 0 0 0.0376097 0.0365926 0.0376097 0.0365926
53300 0.0000174 0.0000170 0 0 0.0179994 0.0175317 0.0179994 0.0175317
53301 0.0000077 0.0000075 0 0 0.0077251 0.0075282 0.0077251 0.0075282
53304 0.0000290 0.0000276 0 0 0.0665500 0.0634120 0 0
53305 0.0000327 0.0000315 0 0 0.0515861 0.0496975 0.0515861 0.0496975
53306 0.0000230 0.0000222 0 0 0.0304624 0.0294771 0.0304624 0.0294771
53307 0.0000341 0.0000331 0 0 0.0406654 0.0394817 0.0406654 0.0394817
53308 0.0000155 0.0000151 0 0 0.0170142 0.0165478 0.0170142 0.0165478
53309 0.0000133 0.0000129 0 0 0.0140743 0.0136996 0.0140743 0.0136996
53310 0.0000153 0.0000149 0 0 0.0152158 0.0148339 0.0152158 0.0148339
53311 0.0000060 0.0000059 0 0 0.0057473 0.0056073 0.0057473 0.0056073
53312 0.0000241 0.0000235 0 0 0.0227838 0.0222420 0.0227838 0.0222420
53313 0.0000282 0.0000275 0 0 0.0258263 0.0252313 0.0258263 0.0252313
53314 0.0000324 0.0000317 0 0 0.0288267 0.0281815 0.0288267 0.0281815
53315 0.0000073 0.0000071 0 0 0.0063156 0.0061767 0.0063156 0.0061767
53329 0.0000032 0.0000030 0 0 0.0037233 0.0035193 0 0
53330 0.0000029 0.0000028 0 0 0.0034072 0.0032346 0 0
53331 0.0000055 0.0000053 0 0 0.0064438 0.0061338 0 0
53332 0.0000254 0.0000243 0 0 0.0295878 0.0283538 0 0
53333 0.0000323 0.0000312 0 0 0.0484522 0.0466975 0.0484522 0.0466975
53334 0.0000034 0.0000033 0 0 0.0045849 0.0044272 0.0045849 0.0044272
53335 0.0000043 0.0000042 0 0 0.0058750 0.0056752 0.0058750 0.0056752
53336 0.0000345 0.0000334 0 0 0.0450717 0.0436203 0.0450717 0.0436203
53337 0.0000145 0.0000141 0 0 0.0177707 0.0172231 0.0177707 0.0172231
53338 0.0000064 0.0000062 0 0 0.0078469 0.0076092 0.0078469 0.0076092
53339 0.0000316 0.0000306 0 0 0.0385948 0.0374629 0.0385948 0.0374629
53340 0.0000060 0.0000058 0 0 0.0067102 0.0065192 0.0067102 0.0065192
53341 0.0000347 0.0000338 0 0 0.0380656 0.0370262 0.0380656 0.0370262
53342 0.0000123 0.0000120 0 0 0.0129097 0.0125681 0.0129097 0.0125681
53343 0.0000115 0.0000112 0 0 0.0118195 0.0115127 0.0118195 0.0115127
53346 0.0000288 0.0000274 0 0 0.0329743 0.0314444 0 0
53347 0.0000337 0.0000324 0 0 0.0540913 0.0520263 0.0540913 0.0520263
53348 0.0000102 0.0000098 0 0 0.0143976 0.0138865 0.0143976 0.0138865
53349 0.0000101 0.0000097 0 0 0.0136222 0.0131587 0.0136222 0.0131587
53350 0.0000210 0.0000203 0 0 0.0263474 0.0255200 0.0263474 0.0255200
53364 0.0000066 0.0000062 0 0 0.0143082 0.0135645 0 0
53365 0.0000324 0.0000309 0 0 0.0622486 0.0595349 0.0622486 0.0595349
53366 0.0000202 0.0000195 0 0 0.0316682 0.0304564 0.0316682 0.0304564
53367 0.0000273 0.0000264 0 0 0.0396788 0.0382715 0.0396788 0.0382715
53368 0.0000344 0.0000333 0 0 0.0453297 0.0438638 0.0453297 0.0438638
53369 0.0000041 0.0000040 0 0 0.0050334 0.0048775 0.0050334 0.0048775
53370 0.0000256 0.0000248 0 0 0.0309040 0.0299740 0.0309040 0.0299740
53373 0.0000041 0.0000040 0 0 0.0046232 0.0044920 0.0046232 0.0044920
53374 0.0000028 0.0000027 0 0 0.0030765 0.0029913 0.0030765 0.0029913
53375 0.0000068 0.0000066 0 0 0.0073140 0.0071132 0.0073140 0.0071132
53376 0.0000199 0.0000193 0 0 0.0212352 0.0206650 0.0212352 0.0206650
53377 0.0000024 0.0000024 0 0 0.0025328 0.0024660 0.0025328 0.0024660
53378 0.0000073 0.0000071 0 0 0.0074765 0.0072808 0.0074765 0.0072808
53379 0.0000119 0.0000116 0 0 0.0121149 0.0118026 0.0121149 0.0118026
53383 0.0000249 0.0000237 0 0 0.0543208 0.0516772 0 0
53385 0.0000336 0.0000322 0 0 0.0573975 0.0550798 0.0573975 0.0550798
53386 0.0000259 0.0000250 0 0 0.0385149 0.0371132 0.0385149 0.0371132
53387 0.0000343 0.0000332 0 0 0.0464422 0.0449016 0.0464422 0.0449016
53388 0.0000338 0.0000328 0 0 0.0425023 0.0411851 0.0425023 0.0411851
53389 0.0000173 0.0000167 0 0 0.0203126 0.0197121 0.0203126 0.0197121
53390 0.0000061 0.0000059 0 0 0.0069839 0.0067817 0.0069839 0.0067817
53391 0.0000311 0.0000302 0 0 0.0348280 0.0338556 0.0348280 0.0338556
53392 0.0000136 0.0000132 0 0 0.0144642 0.0140752 0.0144642 0.0140752
53393 0.0000331 0.0000322 0 0 0.0345756 0.0336735 0.0345756 0.0336735
53394 0.0000084 0.0000081 0 0 0.0083810 0.0081680 0.0083810 0.0081680
53397 0.0000345 0.0000336 0 0 0.0336945 0.0328744 0.0336945 0.0328744
53398 0.0000181 0.0000177 0 0 0.0169849 0.0165839 0.0169849 0.0165839
53403 0.0000315 0.0000301 0 0 0.0645726 0.0616444 0.0645726 0.0616444
53404 0.0000339 0.0000326 0 0 0.0548899 0.0527641 0.0548899 0.0527641
53405 0.0000363 0.0000350 0 0 0.0522403 0.0504101 0.0522403 0.0504101
53406 0.0000048 0.0000046 0 0 0.0061922 0.0059894 0.0061922 0.0059894
53407 0.0000345 0.0000334 0 0 0.0440871 0.0426975 0.0440871 0.0426975
53408 0.0000298 0.0000289 0 0 0.0357277 0.0346611 0.0357277 0.0346611
53409 0.0000084 0.0000081 0 0 0.0095843 0.0093069 0.0095843 0.0093069
53410 0.0000307 0.0000298 0 0 0.0341614 0.0332115 0.0341614 0.0332115
53411 0.0000114 0.0000111 0 0 0.0121355 0.0118087 0.0121355 0.0118087
53423 0.0000304 0.0000291 0 0 0.0619943 0.0592799 0.0309972 0.0296399
53424 0.0000057 0.0000055 0 0 0.0088720 0.0085241 0.0088720 0.0085241
53425 0.0000030 0.0000029 0 0 0.0045488 0.0043743 0.0045488 0.0043743
53426 0.0000340 0.0000328 0 0 0.0505349 0.0487233 0.0505349 0.0487233
53427 0.0000039 0.0000037 0 0 0.0050975 0.0049272 0.0050975 0.0049272
53428 0.0000337 0.0000327 0 0 0.0434653 0.0420887 0.0434653 0.0420887
53429 0.0000167 0.0000162 0 0 0.0198878 0.0192926 0.0198878 0.0192926
53435 0.0000205 0.0000199 0 0 0.0229542 0.0223079 0.0229542 0.0223079
53436 0.0000040 0.0000039 0 0 0.0042882 0.0041712 0.0042882 0.0041712
53450 0.0000426 0.0000410 0 0 0.0669131 0.0643796 0.0669131 0.0643796
53451 0.0000129 0.0000125 0 0 0.0178900 0.0172698 0.0178900 0.0172698
53452 0.0000295 0.0000285 0 0 0.0394807 0.0381717 0.0394807 0.0381717
53453 0.0000235 0.0000228 0 0 0.0299853 0.0290293 0.0299853 0.0290293
53454 0.0000101 0.0000098 0 0 0.0123728 0.0119908 0.0123728 0.0119908
53455 0.0000110 0.0000106 0 0 0.0131869 0.0127863 0.0131869 0.0127863
53456 0.0000348 0.0000338 0 0 0.0406728 0.0394899 0.0406728 0.0394899
53457 0.0000292 0.0000284 0 0 0.0326009 0.0316891 0.0326009 0.0316891
53464 0.0000326 0.0000312 0 0 0.0621194 0.0594049 0.0621194 0.0594049
53465 0.0000121 0.0000116 0 0 0.0190041 0.0182623 0.0190041 0.0182623
53466 0.0000323 0.0000311 0 0 0.0484692 0.0467057 0.0484692 0.0467057
53467 0.0000030 0.0000029 0 0 0.0040975 0.0039557 0.0040975 0.0039557
53468 0.0000338 0.0000327 0 0 0.0457060 0.0442155 0.0457060 0.0442155
53469 0.0000080 0.0000077 0 0 0.0098769 0.0095685 0.0098769 0.0095685
53470 0.0000295 0.0000286 0 0 0.0349550 0.0339247 0.0349550 0.0339247
53471 0.0000059 0.0000058 0 0 0.0067126 0.0065203 0.0067126 0.0065203
53472 0.0000346 0.0000336 0 0 0.0381683 0.0371195 0.0381683 0.0371195
53473 0.0000136 0.0000133 0 0 0.0143079 0.0139291 0.0143079 0.0139291
53474 0.0000069 0.0000067 0 0 0.0070996 0.0069143 0.0070996 0.0069143
53475 0.0000033 0.0000032 0 0 0.0034071 0.0033189 0.0034071 0.0033189
53482 0.0000237 0.0000227 0 0 0.0436350 0.0417539 0.0436350 0.0417539
53483 0.0000218 0.0000210 0 0 0.0342291 0.0329207 0.0342291 0.0329207
53488 0.0000068 0.0000066 0 0 0.0094853 0.0091558 0.0094853 0.0091558
53489 0.0000076 0.0000074 0 0 0.0105596 0.0102001 0.0105596 0.0102001
53490 0.0000343 0.0000332 0 0 0.0446216 0.0431952 0.0446216 0.0431952
53491 0.0000304 0.0000295 0 0 0.0369016 0.0357923 0.0369016 0.0357923
53492 0.0000108 0.0000105 0 0 0.0124264 0.0120661 0.0124264 0.0120661
53493 0.0000240 0.0000234 0 0 0.0260407 0.0253335 0.0260407 0.0253335
53494 0.0000086 0.0000084 0 0 0.0090017 0.0087628 0.0090017 0.0087628
53505 0.0000090 0.0000086 0 0 0.0192033 0.0182318 0.0192033 0.0182318
53510 0.0000334 0.0000320 0 0 0.0590324 0.0566123 0.0590324 0.0566123
53511 0.0000170 0.0000164 0 0 0.0250735 0.0241618 0.0250735 0.0241618
53512 0.0000224 0.0000216 0 0 0.0311659 0.0300969 0.0311659 0.0300969
53513 0.0000127 0.0000122 0 0 0.0165005 0.0159707 0.0165005 0.0159707
53514 0.0000166 0.0000161 0 0 0.0205250 0.0198893 0.0205250 0.0198893
53515 0.0000344 0.0000334 0 0 0.0408929 0.0396920 0.0408929 0.0396920
53516 0.0000158 0.0000154 0 0 0.0176627 0.0171667 0.0176627 0.0171667
53517 0.0000046 0.0000045 0 0 0.0049169 0.0047830 0.0049169 0.0047830
53518 0.0000109 0.0000106 0 0 0.0115136 0.0112048 0.0115136 0.0112048
53519 0.0000166 0.0000162 0 0 0.0168095 0.0163809 0.0168095 0.0163809
53520 0.0000029 0.0000028 0 0 0.0028694 0.0027973 0.0028694 0.0027973
53530 0.0000299 0.0000287 0 0 0.0528640 0.0508692 0.0528640 0.0508692
53531 0.0000208 0.0000202 0 0 0.0272658 0.0263978 0.0272658 0.0263978
53532 0.0000119 0.0000115 0 0 0.0141902 0.0137661 0.0141902 0.0137661
53533 0.0000115 0.0000111 0 0 0.0132007 0.0128207 0.0132007 0.0128207
53534 0.0000072 0.0000070 0 0 0.0077019 0.0074948 0.0077019 0.0074948
53536 0.0000341 0.0000332 0 0 0.0328667 0.0320848 0.0328667 0.0320848
53537 0.0000177 0.0000173 0 0 0.0158632 0.0155052 0.0158632 0.0155052
53538 0.0000149 0.0000145 0 0 0.0135472 0.0132335 0.0135472 0.0132335
53539 0.0000181 0.0000177 0 0 0.0162255 0.0158583 0.0162255 0.0158583
53540 0.0000264 0.0000259 0 0 0.0231654 0.0226562 0.0231654 0.0226562
53547 0.0000061 0.0000058 0 0 0.0108135 0.0103419 0.0108135 0.0103419
53550 0.0000340 0.0000328 0 0 0.0501375 0.0483550 0.0501375 0.0483550
53551 0.0000207 0.0000200 0 0 0.0275748 0.0266612 0.0275748 0.0266612
53552 0.0000118 0.0000114 0 0 0.0157757 0.0152428 0.0157757 0.0152428
53553 0.0000118 0.0000114 0 0 0.0155503 0.0150335 0.0155503 0.0150335
53554 0.0000198 0.0000192 0 0 0.0256204 0.0247913 0.0256204 0.0247913
53555 0.0000063 0.0000061 0 0 0.0079105 0.0076603 0.0079105 0.0076603
53556 0.0000307 0.0000297 0 0 0.0378421 0.0366783 0.0378421 0.0366783
53557 0.0000069 0.0000067 0 0 0.0080773 0.0078362 0.0080773 0.0078362
53558 0.0000346 0.0000336 0 0 0.0398509 0.0387062 0.0398509 0.0387062
53559 0.0000100 0.0000098 0 0 0.0115622 0.0112389 0.0115622 0.0112389
53571 0.0000222 0.0000212 0 0 0.0437492 0.0417871 0.0145830 0.0139290
53578 0.0000303 0.0000289 0 0 0.0654464 0.0624138 0 0
53579 0.0000334 0.0000321 0 0 0.0539461 0.0518785 0.0539461 0.0518785
53580 0.0000231 0.0000223 0 0 0.0325076 0.0313844 0.0325076 0.0313844
53581 0.0000323 0.0000312 0 0 0.0417529 0.0404291 0.0417529 0.0404291
53582 0.0000344 0.0000334 0 0 0.0414601 0.0402279 0.0414601 0.0402279
53583 0.0000051 0.0000050 0 0 0.0057866 0.0056211 0.0057866 0.0056211
53585 0.0000038 0.0000037 0 0 0.0040252 0.0039176 0.0040252 0.0039176
53586 0.0000345 0.0000336 0 0 0.0362010 0.0352558 0.0362010 0.0352558
53587 0.0000068 0.0000067 0 0 0.0068603 0.0066854 0.0068603 0.0066854
53590 0.0000044 0.0000042 0 0 0.0087649 0.0083492 0.0043825 0.0041746
53592 0.0000229 0.0000220 0 0 0.0451882 0.0434670 0.0225941 0.0217335
53593 0.0000105 0.0000102 0 0 0.0147348 0.0142210 0.0147348 0.0142210
53594 0.0000130 0.0000126 0 0 0.0181613 0.0175800 0.0181613 0.0175800
53595 0.0000344 0.0000334 0 0 0.0418633 0.0406094 0.0418633 0.0406094
53596 0.0000340 0.0000330 0 0 0.0386628 0.0375738 0.0386628 0.0375738
53600 0.0000138 0.0000135 0 0 0.0147984 0.0144039 0.0147984 0.0144039
53601 0.0000340 0.0000332 0 0 0.0347869 0.0338979 0.0347869 0.0338979
53603 0.0000195 0.0000190 0 0 0.0190139 0.0185454 0.0190139 0.0185454
53616 0.0000036 0.0000035 0 0 0.0054001 0.0052223 0.0054001 0.0052223
53617 0.0000043 0.0000041 0 0 0.0053792 0.0052069 0.0053792 0.0052069
53618 0.0000102 0.0000099 0 0 0.0128515 0.0124492 0.0128515 0.0124492
53619 0.0000191 0.0000185 0 0 0.0228896 0.0222038 0.0228896 0.0222038
53620 0.0000330 0.0000320 0 0 0.0395099 0.0383899 0.0395099 0.0383899
53622 0.0000042 0.0000041 0 0 0.0045599 0.0044353 0.0045599 0.0044353
53623 0.0000133 0.0000130 0 0 0.0144558 0.0140672 0.0144558 0.0140672
53624 0.0000291 0.0000283 0 0 0.0299542 0.0291827 0.0299542 0.0291827
53625 0.0000106 0.0000103 0 0 0.0103663 0.0101090 0.0103663 0.0101090
53630 0.0000189 0.0000179 0 0 0.0420178 0.0398371 0 0
53631 0.0000122 0.0000117 0 0 0.0225617 0.0215293 0.0225617 0.0215293
53632 0.0000145 0.0000139 0 0 0.0251039 0.0240281 0.0251039 0.0240281
53634 0.0000075 0.0000072 0 0 0.0123734 0.0118633 0.0123734 0.0118633
53636 0.0000082 0.0000078 0 0 0.0129415 0.0124262 0.0129415 0.0124262
53637 0.0000114 0.0000110 0 0 0.0174546 0.0167849 0.0174546 0.0167849
53638 0.0000122 0.0000117 0 0 0.0181416 0.0174627 0.0181416 0.0174627
53639 0.0000221 0.0000214 0 0 0.0311251 0.0300271 0.0311251 0.0300271
53640 0.0000242 0.0000234 0 0 0.0328974 0.0317800 0.0328974 0.0317800
53646 0.0000085 0.0000080 0 0 0.0189427 0.0179254 0 0
53647 0.0000128 0.0000121 0 0 0.0259337 0.0246477 0.0086445 0.0082159
53648 0.0000341 0.0000326 0 0 0.0639142 0.0610520 0.0639142 0.0610520
53649 0.0000097 0.0000093 0 0 0.0163193 0.0156323 0.0163193 0.0156323
53650 0.0000106 0.0000101 0 0 0.0172815 0.0165711 0.0172815 0.0165711
53651 0.0000043 0.0000042 0 0 0.0071019 0.0068148 0.0071019 0.0068148
53652 0.0000321 0.0000308 0 0 0.0500562 0.0481202 0.0500562 0.0481202
53667 0.0000134 0.0000130 0 0 0.0190745 0.0183953 0.0190745 0.0183953
53668 0.0000300 0.0000289 0 0 0.0425395 0.0410791 0.0425395 0.0410791
53669 0.0000078 0.0000075 0 0 0.0102461 0.0099058 0.0102461 0.0099058
53670 0.0000041 0.0000039 0 0 0.0051647 0.0049986 0.0051647 0.0049986
53671 0.0000136 0.0000132 0 0 0.0165415 0.0160330 0.0165415 0.0160330
53672 0.0000112 0.0000108 0 0 0.0133240 0.0129225 0.0133240 0.0129225
53673 0.0000031 0.0000030 0 0 0.0035794 0.0034735 0.0035794 0.0034735
53680 0.0000318 0.0000303 0 0 0.0694282 0.0660599 0 0
53681 0.0000341 0.0000327 0 0 0.0590735 0.0566207 0.0590735 0.0566207
53685 0.0000093 0.0000089 0 0 0.0138528 0.0133335 0.0138528 0.0133335
53686 0.0000236 0.0000228 0 0 0.0339535 0.0327424 0.0339535 0.0327424
53705 0.0000286 0.0000271 0 0 0.0718474 0.0681890 0 0
53706 0.0000025 0.0000024 0 0 0.0063751 0.0060948 0 0
53707 0.0000334 0.0000320 0 0 0.0570675 0.0547759 0.0570675 0.0547759
53708 0.0000051 0.0000049 0 0 0.0075435 0.0072649 0.0075435 0.0072649
53709 0.0000132 0.0000127 0 0 0.0193387 0.0186474 0.0193387 0.0186474
53710 0.0000345 0.0000333 0 0 0.0463929 0.0448697 0.0463929 0.0448697
53711 0.0000039 0.0000038 0 0 0.0048155 0.0046652 0.0048155 0.0046652
53712 0.0000341 0.0000331 0 0 0.0420925 0.0408274 0.0420925 0.0408274
53713 0.0000142 0.0000138 0 0 0.0162759 0.0158059 0.0162759 0.0158059
53714 0.0000146 0.0000142 0 0 0.0161321 0.0156789 0.0161321 0.0156789
53716 0.0000064 0.0000062 0 0 0.0069522 0.0067613 0.0069522 0.0067613
53717 0.0000295 0.0000288 0 0 0.0321147 0.0312535 0.0321147 0.0312535
53719 0.0000126 0.0000123 0 0 0.0137434 0.0133858 0.0137434 0.0133858
53720 0.0000037 0.0000036 0 0 0.0037087 0.0036135 0.0037087 0.0036135
53722 0.0000185 0.0000181 0 0 0.0185477 0.0180796 0.0185477 0.0180796
53723 0.0000068 0.0000066 0 0 0.0066205 0.0064559 0.0066205 0.0064559
53724 0.0000262 0.0000256 0 0 0.0256433 0.0250228 0.0256433 0.0250228
53735 0.0000313 0.0000297 0 0 0.0697401 0.0663065 0 0
53736 0.0000344 0.0000329 0 0 0.0615326 0.0588786 0.0615326 0.0588786
53737 0.0000123 0.0000118 0 0 0.0198945 0.0190871 0.0198945 0.0190871
53738 0.0000347 0.0000334 0 0 0.0534894 0.0514689 0.0534894 0.0514689
53739 0.0000348 0.0000336 0 0 0.0499736 0.0482005 0.0499736 0.0482005
53740 0.0000189 0.0000183 0 0 0.0256200 0.0247479 0.0256200 0.0247479
53741 0.0000033 0.0000031 0 0 0.0042338 0.0040937 0.0042338 0.0040937
53742 0.0000033 0.0000032 0 0 0.0042607 0.0041206 0.0042607 0.0041206
53743 0.0000249 0.0000241 0 0 0.0320656 0.0310308 0.0320656 0.0310308
53744 0.0000307 0.0000298 0 0 0.0383713 0.0371732 0.0383713 0.0371732
53752 0.0000306 0.0000290 0 0 0.0735812 0.0697983 0 0
53753 0.0000159 0.0000152 0 0 0.0293251 0.0279942 0.0293251 0.0279942
53754 0.0000226 0.0000216 0 0 0.0415531 0.0397795 0.0415531 0.0397795
53755 0.0000204 0.0000196 0 0 0.0330748 0.0317411 0.0330748 0.0317411
53756 0.0000172 0.0000166 0 0 0.0263757 0.0253663 0.0263757 0.0253663
53757 0.0000104 0.0000101 0 0 0.0154202 0.0148464 0.0154202 0.0148464
53758 0.0000343 0.0000331 0 0 0.0506497 0.0488357 0.0506497 0.0488357
53759 0.0000315 0.0000305 0 0 0.0432224 0.0417472 0.0432224 0.0417472
53761 0.0000261 0.0000253 0 0 0.0325959 0.0315729 0.0325959 0.0315729
53768 0.0000121 0.0000115 0 0 0.0278017 0.0262944 0 0
53769 0.0000323 0.0000307 0 0 0.0660878 0.0628962 0.0660878 0.0628962
53770 0.0000189 0.0000181 0 0 0.0338925 0.0323927 0.0338925 0.0323927
53771 0.0000347 0.0000333 0 0 0.0588654 0.0564289 0.0588654 0.0564289
53772 0.0000350 0.0000336 0 0 0.0540902 0.0520273 0.0540902 0.0520273
53773 0.0000201 0.0000193 0 0 0.0291572 0.0280960 0.0291572 0.0280960
53774 0.0000349 0.0000337 0 0 0.0487805 0.0470875 0.0487805 0.0470875
53775 0.0000147 0.0000143 0 0 0.0194226 0.0187776 0.0194226 0.0187776
53776 0.0000057 0.0000055 0 0 0.0072597 0.0070238 0.0072597 0.0070238
53780 0.0000265 0.0000250 0 0 0.0653859 0.0617529 0 0
53781 0.0000342 0.0000326 0 0 0.0688375 0.0655415 0.0344186 0.0327707
53782 0.0000294 0.0000282 0 0 0.0523321 0.0500529 0.0523321 0.0500529
53783 0.0000151 0.0000145 0 0 0.0246220 0.0236150 0.0246220 0.0236150
53784 0.0000339 0.0000326 0 0 0.0554374 0.0532714 0.0554374 0.0532714
53785 0.0000028 0.0000027 0 0 0.0041295 0.0039734 0.0041295 0.0039734
53786 0.0000348 0.0000336 0 0 0.0519845 0.0500720 0.0519845 0.0500720
53787 0.0000062 0.0000060 0 0 0.0087387 0.0084257 0.0087387 0.0084257
53788 0.0000109 0.0000105 0 0 0.0154243 0.0148870 0.0154243 0.0148870
53789 0.0000038 0.0000036 0 0 0.0053278 0.0051442 0.0053278 0.0051442
53790 0.0000054 0.0000052 0 0 0.0076726 0.0074100 0.0076726 0.0074100
53791 0.0000379 0.0000367 0 0 0.0507356 0.0490429 0.0507356 0.0490429
53793 0.0000079 0.0000077 0 0 0.0105803 0.0102370 0.0105803 0.0102370
53794 0.0000275 0.0000266 0 0 0.0367548 0.0355857 0.0367548 0.0355857
53795 0.0000152 0.0000148 0 0 0.0187072 0.0181259 0.0187072 0.0181259
53827 0.0000325 0.0000307 0 0 0.0820619 0.0774099 0 0
53828 0.0000345 0.0000328 0 0 0.0707749 0.0672851 0.0707749 0.0672851
53829 0.0000349 0.0000333 0 0 0.0644412 0.0615356 0.0644412 0.0615356
53830 0.0000308 0.0000295 0 0 0.0518438 0.0496798 0.0518438 0.0496798
53831 0.0000139 0.0000134 0 0 0.0222572 0.0213610 0.0222572 0.0213610
53832 0.0000345 0.0000331 0 0 0.0551620 0.0530163 0.0551620 0.0530163
53833 0.0000038 0.0000036 0 0 0.0056380 0.0054245 0.0056380 0.0054245
53834 0.0000345 0.0000332 0 0 0.0514635 0.0495865 0.0514635 0.0495865
53835 0.0000042 0.0000041 0 0 0.0063207 0.0060957 0.0063207 0.0060957
53836 0.0000158 0.0000153 0 0 0.0236623 0.0228307 0.0236623 0.0228307
53852 0.0000162 0.0000154 0 0 0.0384409 0.0363700 0 0
53853 0.0000098 0.0000093 0 0 0.0198503 0.0188648 0.0198503 0.0188648
53854 0.0000345 0.0000329 0 0 0.0661863 0.0631251 0.0661863 0.0631251
53855 0.0000248 0.0000238 0 0 0.0431516 0.0412986 0.0431516 0.0412986
53856 0.0000096 0.0000092 0 0 0.0156622 0.0150214 0.0156622 0.0150214
53857 0.0000079 0.0000075 0 0 0.0127797 0.0122682 0.0127797 0.0122682
53860 0.0000344 0.0000331 0 0 0.0529819 0.0509947 0.0529819 0.0509947
53861 0.0000206 0.0000199 0 0 0.0295986 0.0285301 0.0295986 0.0285301
53862 0.0000351 0.0000339 0 0 0.0486305 0.0469487 0.0486305 0.0469487
53864 0.0000209 0.0000202 0 0 0.0277728 0.0268444 0.0277728 0.0268444
RN   Bit10Corr  Bit10UC   Bit18Corr  Bit18UC   Bit22Corr  Bit22UC (units pb^-1)

Totals: 0.01584 0.01510 3.51568 3.24242 23.10762 22.08951  pb^-1
(int) 0
