
Processing get_luminosity_182630.C("listrunnumber.txt",5,1,1)...
RN   Bit10Corr  Bit10UC   Bit18Corr  Bit18UC   Bit22Corr  Bit22UC   Bit30Corr  Bit30UC (units pb^-1)

47289 0.0000847 0.0000747 0.0354023 0.0312447 0.0354023 0.0312447 0.0354023 0.0312447
47291 0.0000583 0.0000516 0.0243500 0.0215516 0.0243500 0.0215516 0.0243500 0.0215516
47293 0.0000640 0.0000567 0.0267336 0.0237167 0.0267336 0.0237167 0.0267336 0.0237167
47306 0.0000791 0.0000707 0.0287147 0.0256648 0.0287147 0.0256648 0.0287147 0.0256648
47310 0.0002251 0.0002023 0.0787743 0.0707924 0.0787743 0.0707924 0.0787743 0.0707924
47313 0.0004327 0.0003926 0.1371557 0.1244431 0.1371557 0.1244431 0.1371557 0.1244431
47314 0.0003131 0.0002857 0.0926700 0.0845580 0.0926700 0.0845580 0.0926700 0.0845580
47315 0.0001128 0.0001032 0.0226764 0.0207434 0.0226764 0.0207434 0.0226764 0.0207434
47316 0.0002740 0.0002511 0.0413804 0.0379197 0.0413804 0.0379197 0.0413804 0.0379197
47333 0.0000790 0.0000716 0.0258479 0.0234229 0.0258479 0.0234229 0.0258479 0.0234229
47334 0.0001629 0.0001481 0.0532792 0.0484432 0.0532792 0.0484432 0.0532792 0.0484432
47357 0.0001630 0.0001501 0.0213486 0.0196578 0.0213486 0.0196578 0.0213486 0.0196578
47360 0.0006790 0.0006272 0.0780884 0.0721225 0.0780884 0.0721225 0.0780884 0.0721225
47363 0.0010187 0.0009453 0.1059418 0.0983127 0.1059418 0.0983127 0.1059418 0.0983127
47376 0.0004143 0.0003740 0.0783044 0.0706884 0.0783044 0.0706884 0.0783044 0.0706884
47377 0.0001681 0.0001525 0.0275751 0.0250095 0.0275751 0.0250095 0.0275751 0.0250095
47378 0.0008475 0.0007738 0.1305212 0.1191604 0.1305212 0.1191604 0.1305212 0.1191604
47379 0.0002349 0.0002153 0.0310107 0.0284192 0.0310107 0.0284192 0.0310107 0.0284192
47380 0.0000913 0.0000838 0.0116924 0.0107283 0.0116924 0.0107283 0.0116924 0.0107283
47381 0.0002694 0.0002475 0.0339466 0.0311844 0.0339466 0.0311844 0.0339466 0.0311844
47382 0.0001699 0.0001566 0.0202214 0.0186372 0.0202214 0.0186372 0.0202214 0.0186372
47391 0.0004196 0.0003770 0.0654547 0.0588101 0.0654547 0.0588101 0.0654547 0.0588101
47393 0.0000941 0.0000850 0.0173171 0.0156381 0.0173171 0.0156381 0.0173171 0.0156381
47394 0.0000883 0.0000799 0.0162507 0.0147018 0.0162507 0.0147018 0.0162507 0.0147018
47395 0.0003403 0.0003088 0.0575110 0.0521943 0.0575110 0.0521943 0.0575110 0.0521943
47396 0.0004537 0.0004138 0.0766803 0.0699260 0.0766803 0.0699260 0.0766803 0.0699260
47440 0.0009443 0.0008492 0.1529800 0.1375784 0.1529800 0.1375784 0.1529800 0.1375784
47443 0.0003311 0.0002999 0.0536432 0.0485874 0.0536432 0.0485874 0.0536432 0.0485874
47454 0.0005145 0.0004643 0.1137001 0.1026123 0.1137001 0.1026123 0.1137001 0.1026123
47455 0.0000693 0.0000630 0.0108179 0.0098239 0.0108179 0.0098239 0.0108179 0.0098239
47457 0.0004049 0.0003691 0.0631608 0.0575791 0.0631608 0.0575791 0.0631608 0.0575791
47458 0.0008172 0.0007489 0.1274833 0.1168255 0.1274833 0.1168255 0.1274833 0.1168255
47459 0.0000779 0.0000716 0.0121459 0.0111686 0.0121459 0.0111686 0.0121459 0.0111686
47461 0.0009932 0.0009167 0.1142160 0.1054229 0.1142160 0.1054229 0.1142160 0.1054229
47462 0.0001928 0.0001784 0.0204351 0.0189131 0.0204351 0.0189131 0.0204351 0.0189131
47463 0.0009278 0.0008608 0.0955614 0.0886623 0.0955614 0.0886623 0.0955614 0.0886623
47464 0.0003863 0.0003594 0.0397920 0.0370147 0.0397920 0.0370147 0.0397920 0.0370147
47474 0.0002858 0.0002535 0.0568656 0.0504491 0.0568656 0.0504491 0.0568656 0.0504491
47478 0.0007428 0.0006751 0.1374152 0.1249010 0.1374152 0.1249010 0.1374152 0.1249010
47480 0.0003570 0.0003281 0.0464048 0.0426587 0.0464048 0.0426587 0.0464048 0.0426587
47481 0.0000968 0.0000893 0.0108390 0.0100040 0.0108390 0.0100040 0.0108390 0.0100040
47482 0.0001634 0.0001511 0.0176431 0.0163158 0.0176431 0.0163158 0.0176431 0.0163158
47484 0.0001518 0.0001407 0.0154794 0.0143531 0.0154794 0.0143531 0.0154794 0.0143531
47485 0.0001713 0.0001596 0.0155849 0.0145195 0.0155849 0.0145195 0.0155849 0.0145195
47489 0.0010761 0.0010086 0.0914709 0.0857283 0.0914709 0.0857283 0.0914709 0.0857283
47491 0.0011515 0.0010849 0.0840566 0.0791956 0.0840566 0.0791956 0.0840566 0.0791956
47492 0.0003386 0.0003197 0.0226831 0.0214203 0.0226831 0.0214203 0.0226831 0.0214203
47494 0.0001249 0.0001181 0.0081217 0.0076771 0.0081217 0.0076771 0.0081217 0.0076771
47495 0.0008648 0.0008189 0.0562131 0.0532315 0.0562131 0.0532315 0.0562131 0.0532315
47497 0.0001058 0.0001004 0.0068789 0.0065250 0.0068789 0.0065250 0.0068789 0.0065250
47501 0.0007939 0.0007012 0.1817955 0.1605676 0.1817955 0.1605676 0.1817955 0.1605676
47502 0.0007095 0.0006356 0.1624740 0.1455537 0.1624740 0.1455537 0.1624740 0.1455537
47503 0.0006061 0.0005473 0.1109178 0.1001600 0.1109178 0.1001600 0.1109178 0.1001600
47505 0.0001479 0.0001345 0.0226258 0.0205748 0.0226258 0.0205748 0.0226258 0.0205748
47506 0.0008515 0.0007772 0.1302789 0.1189144 0.1302789 0.1189144 0.1302789 0.1189144
47507 0.0003816 0.0003497 0.0583874 0.0535060 0.0583874 0.0535060 0.0583874 0.0535060
47509 0.0005436 0.0004997 0.0679521 0.0624627 0.0679521 0.0624627 0.0679521 0.0624627
47513 0.0001744 0.0001477 0.0667960 0.0565565 0.0667960 0.0565565 0.0667960 0.0565565
47514 0.0002612 0.0002292 0.0700062 0.0614290 0.0700062 0.0614290 0.0700062 0.0614290
47516 0.0006254 0.0005578 0.1676057 0.1494883 0.1676057 0.1494883 0.1676057 0.1494883
47517 0.0007651 0.0006905 0.1231803 0.1111738 0.1231803 0.1111738 0.1231803 0.1111738
47519 0.0004376 0.0003975 0.0590802 0.0536606 0.0590802 0.0536606 0.0590802 0.0536606
47521 0.0010549 0.0009663 0.1255389 0.1149929 0.1255389 0.1149929 0.1255389 0.1149929
47522 0.0003796 0.0003491 0.0402391 0.0370098 0.0402391 0.0370098 0.0402391 0.0370098
47524 0.0007972 0.0007354 0.0805135 0.0742722 0.0805135 0.0742722 0.0805135 0.0742722
47525 0.0002579 0.0002385 0.0245023 0.0226578 0.0245023 0.0226578 0.0245023 0.0226578
47540 0.0007925 0.0007096 0.1466159 0.1312806 0.1466159 0.1312806 0.1466159 0.1312806
47547 0.0000817 0.0000743 0.0115949 0.0105545 0.0115949 0.0105545 0.0115949 0.0105545
47548 0.0001426 0.0001299 0.0179621 0.0163660 0.0179621 0.0163660 0.0179621 0.0163660
47549 0.0006771 0.0006185 0.0853184 0.0779360 0.0853184 0.0779360 0.0853184 0.0779360
47552 0.0010659 0.0009783 0.1343078 0.1232688 0.1343078 0.1232688 0.1343078 0.1232688
47557 0.0003596 0.0003035 0.1344847 0.1135088 0.1344847 0.1135088 0.1344847 0.1135088
47568 0.0003820 0.0003371 0.0664620 0.0586527 0.0664620 0.0586527 0.0664620 0.0586527
47634 0.0000782 0.0000698 0.0848990 0.0758185 0.0848990 0.0758185 0.0848990 0.0758185
47635 0.0001248 0.0001123 0.1275129 0.1147431 0.1275129 0.1147431 0.1275129 0.1147431
47636 0.0000390 0.0000352 0.0398628 0.0359977 0.0398628 0.0359977 0.0398628 0.0359977
47637 0.0001390 0.0001259 0.1420385 0.1287110 0.1420385 0.1287110 0.1420385 0.1287110
47638 0.0000376 0.0000342 0.0341498 0.0310462 0.0341498 0.0310462 0.0341498 0.0310462
47650 0.0000494 0.0000410 0.0882803 0.0731546 0.0882803 0.0731546 0.0882803 0.0731546
47657 0.0000496 0.0000420 0.0803679 0.0679995 0.0803679 0.0679995 0.0803679 0.0679995
47658 0.0001119 0.0000965 0.1624187 0.1400248 0.1624187 0.1400248 0.1624187 0.1400248
47659 0.0000264 0.0000229 0.0349260 0.0303551 0.0349260 0.0303551 0.0349260 0.0303551
47661 0.0000680 0.0000595 0.0880521 0.0769692 0.0880521 0.0769692 0.0880521 0.0769692
47662 0.0000443 0.0000389 0.0546480 0.0479903 0.0546480 0.0479903 0.0546480 0.0479903
47664 0.0000872 0.0000770 0.1037353 0.0916184 0.1037353 0.0916184 0.1037353 0.0916184
47666 0.0000485 0.0000432 0.0534096 0.0475698 0.0534096 0.0475698 0.0534096 0.0475698
47667 0.0000568 0.0000507 0.0610692 0.0545757 0.0610692 0.0545757 0.0610692 0.0545757
47714 0.0000696 0.0000574 0.1313688 0.1083200 0.1313688 0.1083200 0.1313688 0.1083200
47715 0.0000226 0.0000189 0.0378783 0.0316745 0.0378783 0.0316745 0.0378783 0.0316745
47716 0.0000264 0.0000223 0.0423416 0.0357145 0.0423416 0.0357145 0.0423416 0.0357145
47719 0.0000373 0.0000321 0.0540913 0.0464895 0.0540913 0.0464895 0.0540913 0.0464895
47720 0.0001059 0.0000920 0.1455974 0.1265362 0.1455974 0.1265362 0.1455974 0.1265362
47721 0.0000139 0.0000121 0.0174439 0.0152660 0.0174439 0.0152660 0.0174439 0.0152660
47722 0.0000856 0.0000753 0.1063386 0.0934941 0.1063386 0.0934941 0.1063386 0.0934941
47723 0.0000928 0.0000822 0.1088449 0.0963686 0.1088449 0.0963686 0.1088449 0.0963686
47724 0.0001063 0.0000947 0.1186557 0.1056963 0.1186557 0.1056963 0.1186557 0.1056963
47725 0.0000307 0.0000275 0.0326093 0.0291752 0.0326093 0.0291752 0.0326093 0.0291752
47726 0.0001483 0.0001333 0.1534424 0.1379351 0.1534424 0.1379351 0.1534424 0.1379351
47727 0.0000732 0.0000661 0.0716296 0.0646663 0.0716296 0.0646663 0.0358147 0.0323331
47729 0.0000183 0.0000166 0.0174634 0.0158023 0.0174634 0.0158023 0.0174634 0.0158023
47730 0.0000220 0.0000199 0.0206829 0.0187348 0.0206829 0.0187348 0.0206829 0.0187348
47732 0.0001481 0.0001346 0.1369566 0.1244842 0.1369566 0.1244842 0.1369566 0.1244842
47733 0.0001474 0.0001345 0.1301367 0.1187945 0.1301367 0.1187945 0.1301367 0.1187945
47783 0.0000132 0.0000116 0.0173296 0.0151713 0.0173296 0.0151713 0.0173296 0.0151713
47831 0.0000210 0.0000187 0.0229517 0.0204509 0.0229517 0.0204509 0.0229517 0.0204509
47834 0.0000503 0.0000449 0.0542658 0.0484850 0.0542658 0.0484850 0.0542658 0.0484850
47889 0.0001151 0.0000978 0.1798387 0.1527833 0.1798387 0.1527833 0.1798387 0.1527833
47890 0.0000388 0.0000332 0.0568515 0.0486404 0.0568515 0.0486404 0.0568515 0.0486404
47892 0.0000724 0.0000622 0.1035822 0.0890643 0.1035822 0.0890643 0.1035822 0.0890643
47893 0.0000368 0.0000319 0.0492574 0.0427678 0.0492574 0.0427678 0.0492574 0.0427678
47940 0.0000046 0.0000038 0.0085123 0.0070043 0.0085123 0.0070043 0.0085123 0.0070043
47944 0.0000046 0.0000039 0.0075158 0.0063695 0.0075158 0.0063695 0.0075158 0.0063695
47946 0.0000034 0.0000029 0.0048473 0.0041607 0.0048473 0.0041607 0.0048473 0.0041607
47966 0.0000211 0.0000189 0.0261654 0.0234773 0.0261654 0.0234773 0.0261654 0.0234773
47972 0.0000992 0.0000907 0.0880192 0.0804870 0.0880192 0.0804870 0.0880192 0.0804870
47973 0.0000241 0.0000221 0.0194468 0.0178747 0.0194468 0.0178747 0.0194468 0.0178747
47975 0.0000103 0.0000095 0.0081616 0.0075138 0.0081616 0.0075138 0.0081616 0.0075138
47976 0.0000538 0.0000497 0.0410159 0.0379073 0.0410159 0.0379073 0.0410159 0.0379073
47977 0.0000135 0.0000125 0.0098249 0.0091067 0.0098249 0.0091067 0.0098249 0.0091067
47978 0.0000727 0.0000675 0.0520510 0.0483297 0.0520510 0.0483297 0.0520510 0.0483297
47979 0.0000534 0.0000496 0.0373155 0.0347036 0.0373155 0.0347036 0.0373155 0.0347036
47982 0.0000450 0.0000419 0.0302729 0.0282281 0.0302729 0.0282281 0.0302729 0.0282281
47998 0.0000297 0.0000247 0.0522140 0.0434392 0.0522140 0.0434392 0.0522140 0.0434392
47999 0.0000418 0.0000355 0.0656050 0.0557438 0.0656050 0.0557438 0.0656050 0.0557438
48001 0.0000356 0.0000306 0.0514952 0.0442850 0.0514952 0.0442850 0.0514952 0.0442850
48002 0.0000907 0.0000787 0.1311299 0.1137391 0.1311299 0.1137391 0.1311299 0.1137391
48008 0.0000653 0.0000576 0.0796726 0.0703798 0.0796726 0.0703798 0.0796726 0.0703798
48073 0.0000114 0.0000100 0.0198446 0.0173381 0.0198446 0.0173381 0.0198446 0.0173381
48076 0.0000492 0.0000436 0.0854904 0.0757390 0.0854904 0.0757390 0.0854904 0.0757390
48079 0.0000192 0.0000172 0.0207179 0.0185244 0.0207179 0.0185244 0.0207179 0.0185244
48082 0.0000216 0.0000194 0.0223654 0.0200594 0.0223654 0.0200594 0.0223654 0.0200594
48084 0.0000804 0.0000724 0.0817094 0.0735295 0.0817094 0.0735295 0.0817094 0.0735295
48085 0.0000315 0.0000285 0.0299201 0.0270836 0.0299201 0.0270836 0.0299201 0.0270836
48086 0.0000553 0.0000502 0.0507438 0.0461138 0.0507438 0.0461138 0.0507438 0.0461138
48088 0.0000606 0.0000526 0.0889104 0.0771961 0.0889104 0.0771961 0.0889104 0.0771961
48089 0.0000505 0.0000446 0.0611895 0.0540212 0.0611895 0.0540212 0.0611895 0.0540212
48097 0.0000281 0.0000255 0.0291650 0.0264820 0.0291650 0.0264820 0.0291650 0.0264820
48099 0.0000518 0.0000471 0.0470349 0.0427961 0.0470349 0.0427961 0.0470349 0.0427961
48166 0.0000769 0.0000699 0 0 0 0 0 0
48172 0.0003346 0.0002893 0 0 0 0 0 0
48176 0.0000601 0.0000530 0.0759731 0.0671006 0.0759731 0.0671006 0.0759731 0.0671006
48177 0.0000627 0.0000559 0.0702994 0.0626520 0.0702994 0.0626520 0.0702994 0.0626520
48179 0.0000528 0.0000473 0.0556767 0.0499497 0.0556767 0.0499497 0.0556767 0.0499497
48181 0.0000507 0.0000459 0.0535061 0.0484104 0.0535061 0.0484104 0.0535061 0.0484104
48185 0.0000215 0.0000195 0.0226621 0.0206185 0.0226621 0.0206185 0.0226621 0.0206185
48230 0.0000542 0.0000467 0.0150842 0.0130091 0.0075813 0.0065384 0.0074643 0.0064374
48233 0.0000202 0.0000178 0.0475551 0.0420591 0.0475551 0.0420591 0.0475551 0.0420591
48236 0.0000276 0.0000247 0.0588655 0.0526773 0.0588655 0.0526773 0.0588655 0.0526773
48237 0.0000383 0.0000345 0.0779714 0.0701657 0.0779714 0.0701657 0.0779714 0.0701657
48238 0.0000308 0.0000279 0.0589252 0.0533437 0.0589252 0.0533437 0.0589252 0.0533437
48239 0.0000289 0.0000262 0.0552225 0.0501345 0.0552225 0.0501345 0.0552225 0.0501345
48240 0.0000293 0.0000267 0.0560675 0.0510440 0.0560675 0.0510440 0.0560675 0.0510440
48244 0.0001481 0.0001352 0 0 0 0 0 0
48245 0.0000127 0.0000116 0.0217264 0.0198638 0.0217264 0.0198638 0.0217264 0.0198638
48246 0.0000355 0.0000325 0.0606283 0.0555247 0.0606283 0.0555247 0.0606283 0.0555247
48253 0.0000129 0.0000113 0.0334626 0.0293139 0.0334626 0.0293139 0.0167312 0.0146569
48255 0.0000356 0.0000316 0.0850922 0.0756675 0.0850922 0.0756675 0.0425461 0.0378337
48256 0.0000327 0.0000294 0.0781502 0.0702402 0.0781502 0.0702402 0.0390751 0.0351201
48257 0.0000303 0.0000274 0.0725271 0.0656412 0.0725271 0.0656412 0.0362635 0.0328206
48258 0.0000287 0.0000261 0.0686670 0.0624723 0.0686670 0.0624723 0.0343335 0.0312362
48259 0.0000172 0.0000157 0.0412556 0.0376696 0.0412556 0.0376696 0.0206277 0.0188348
48260 0.0000261 0.0000239 0.0623421 0.0572057 0.0623421 0.0572057 0.0311710 0.0286028
48261 0.0000076 0.0000070 0.0180824 0.0166279 0.0180824 0.0166279 0.0090412 0.0083139
48262 0.0000242 0.0000223 0.0578965 0.0534349 0.0578965 0.0534349 0.0289483 0.0267175
48263 0.0000178 0.0000165 0.0425588 0.0393639 0.0425588 0.0393639 0.0212794 0.0196820
48265 0.0000227 0.0000211 0.0543284 0.0503909 0.0543284 0.0503909 0.0271643 0.0251955
48290 0.0000426 0.0000379 0.0958654 0.0852944 0.0958654 0.0852944 0.0958654 0.0852944
48291 0.0000381 0.0000341 0.0799806 0.0716777 0.0799806 0.0716777 0.0799806 0.0716777
48293 0.0000374 0.0000337 0.0759574 0.0683435 0.0759574 0.0683435 0.0759574 0.0683435
48294 0.0000381 0.0000344 0.0748424 0.0675638 0.0748424 0.0675638 0.0748424 0.0675638
48295 0.0000191 0.0000172 0.0363589 0.0328955 0.0363589 0.0328955 0.0363589 0.0328955
48307 0.0000057 0.0000050 0.0133614 0.0118207 0.0133614 0.0118207 0.0133614 0.0118207
48312 0.0000396 0.0000356 0.0836537 0.0751393 0.0836537 0.0751393 0.0836537 0.0751393
48313 0.0000195 0.0000176 0.0382693 0.0345656 0.0382693 0.0345656 0.0382693 0.0345656
48318 0.0000065 0.0000059 0.0117414 0.0106837 0.0117414 0.0106837 0.0117414 0.0106837
48320 0.0000185 0.0000169 0.0327552 0.0298583 0.0327552 0.0298583 0.0327552 0.0298583
48323 0.0000375 0.0000344 0.0627990 0.0576004 0.0627990 0.0576004 0.0627990 0.0576004
48324 0.0000333 0.0000306 0.0535762 0.0493079 0.0535762 0.0493079 0.0535762 0.0493079
48325 0.0000355 0.0000327 0.0571208 0.0527149 0.0571208 0.0527149 0.0571208 0.0527149
48326 0.0000193 0.0000179 0.0311637 0.0288181 0.0311637 0.0288181 0.0311637 0.0288181
48327 0.0000047 0.0000044 0.0076262 0.0070829 0.0076262 0.0070829 0.0076262 0.0070829
48336 0.0000164 0.0000144 0.0386101 0.0341078 0.0386101 0.0341078 0.0386101 0.0341078
48337 0.0000073 0.0000065 0.0172000 0.0152498 0.0172000 0.0152498 0.0172000 0.0152498
48341 0.0000059 0.0000053 0.0140421 0.0125091 0.0140421 0.0125091 0.0140421 0.0125091
48342 0.0000268 0.0000239 0.0570482 0.0510304 0.0570482 0.0510304 0.0570482 0.0510304
48343 0.0000102 0.0000092 0.0209739 0.0188293 0.0209739 0.0188293 0.0209739 0.0188293
48346 0.0000346 0.0000313 0.0681872 0.0615447 0.0681872 0.0615447 0.0681872 0.0615447
48347 0.0000066 0.0000060 0.0311865 0.0282152 0.0311865 0.0282152 0.0311865 0.0282152
48348 0.0000358 0.0000325 0.0665127 0.0603860 0.0665127 0.0603860 0.0665127 0.0603860
48349 0.0000091 0.0000083 0.0164484 0.0149592 0.0164484 0.0149592 0.0164484 0.0149592
48352 0.0000326 0.0000297 0.0570445 0.0520614 0.0570445 0.0520614 0.0570445 0.0520614
48356 0.0000368 0.0000324 0.0941060 0.0827953 0.0941060 0.0827953 0.0941060 0.0827953
48358 0.0000366 0.0000328 0.0776948 0.0696610 0.0776948 0.0696610 0.0776948 0.0696610
48359 0.0000366 0.0000330 0.0733792 0.0661601 0.0733792 0.0661601 0.0733792 0.0661601
48366 0.0000345 0.0000316 0.0594708 0.0543946 0.0594708 0.0543946 0.0594708 0.0543946
48367 0.0000368 0.0000337 0.0611984 0.0561339 0.0611984 0.0561339 0.0611984 0.0561339
48368 0.0000360 0.0000331 0.0598717 0.0550445 0.0598717 0.0550445 0.0598717 0.0550445
48369 0.0000296 0.0000272 0.0491787 0.0453016 0.0491787 0.0453016 0.0491787 0.0453016
48398 0.0000119 0.0000105 0.0295750 0.0259886 0.0295750 0.0259886 0.0295750 0.0259886
48409 0.0000358 0.0000321 0.0771644 0.0690436 0.0771644 0.0690436 0.0771644 0.0690436
48410 0.0000387 0.0000348 0.0833400 0.0749748 0.0833400 0.0749748 0.0833400 0.0749748
48412 0.0000319 0.0000289 0.0686058 0.0621545 0.0686058 0.0621545 0.0686058 0.0621545
48416 0.0000190 0.0000173 0.0409963 0.0372337 0.0409963 0.0372337 0.0409963 0.0372337
48417 0.0000294 0.0000268 0.0634056 0.0577866 0.0634056 0.0577866 0.0634056 0.0577866
48418 0.0000062 0.0000057 0.0134401 0.0122716 0.0134401 0.0122716 0.0134401 0.0122716
48421 0.0000265 0.0000243 0.0449108 0.0411197 0.0449108 0.0411197 0.0449108 0.0411197
48423 0.0000093 0.0000085 0.0157348 0.0144349 0.0157348 0.0144349 0.0157348 0.0144349
48455 0.0000189 0.0000164 0.0533092 0.0461454 0.0533092 0.0461454 0.0533092 0.0461454
48456 0.0000077 0.0000067 0.0201506 0.0175648 0.0201506 0.0175648 0.0201506 0.0175648
48461 0.0000304 0.0000268 0.0736426 0.0649719 0.0736426 0.0649719 0.0736426 0.0649719
48462 0.0000315 0.0000280 0.0761899 0.0677472 0.0761899 0.0677472 0.0761899 0.0677472
48463 0.0000340 0.0000304 0.0726308 0.0650070 0.0726308 0.0650070 0.0726308 0.0650070
48469 0.0000332 0.0000301 0.0648819 0.0586786 0.0648819 0.0586786 0.0648819 0.0586786
48471 0.0000057 0.0000052 0.0106550 0.0096607 0.0106550 0.0096607 0.0106550 0.0096607
48510 0.0000135 0.0000115 0.0416402 0.0354267 0.0416402 0.0354267 0.0416402 0.0354267
48511 0.0000133 0.0000114 0.0411702 0.0351486 0.0411702 0.0351486 0.0411702 0.0351486
48512 0.0000149 0.0000128 0.0460343 0.0395110 0.0460343 0.0395110 0.0460343 0.0395110
48513 0.0000340 0.0000294 0.1051092 0.0908319 0.1051092 0.0908319 0.1051092 0.0908319
48514 0.0000196 0.0000171 0.0607285 0.0527962 0.0607285 0.0527962 0.0607285 0.0527962
48516 0.0000186 0.0000162 0.0573803 0.0501505 0.0573803 0.0501505 0.0573803 0.0501505
48518 0.0000336 0.0000295 0.0826995 0.0726957 0.0826995 0.0726957 0.0826995 0.0726957
48519 0.0000211 0.0000186 0.0518646 0.0457434 0.0518646 0.0457434 0.0518646 0.0457434
48520 0.0000353 0.0000313 0.0869752 0.0771481 0.0869752 0.0771481 0.0869752 0.0771481
48521 0.0000354 0.0000315 0.0871586 0.0775414 0.0871586 0.0775414 0.0871586 0.0775414
48522 0.0000362 0.0000323 0.0890822 0.0794972 0.0890822 0.0794972 0.0890822 0.0794972
48527 0.0000043 0.0000039 0.0105946 0.0094892 0.0105946 0.0094892 0.0105946 0.0094892
48529 0.0000130 0.0000117 0.0321040 0.0288033 0.0321040 0.0288033 0.0321040 0.0288033
48530 0.0000304 0.0000274 0.0749159 0.0674216 0.0749159 0.0674216 0.0749159 0.0674216
48531 0.0000293 0.0000264 0.0720331 0.0649599 0.0720331 0.0649599 0.0720331 0.0649599
48532 0.0000277 0.0000250 0.0682335 0.0616500 0.0682335 0.0616500 0.0682335 0.0616500
48533 0.0000202 0.0000182 0.0496231 0.0449061 0.0496231 0.0449061 0.0496231 0.0449061
48536 0.0000093 0.0000084 0.0228920 0.0207616 0.0228920 0.0207616 0.0228920 0.0207616
48635 0.0000381 0.0000331 0.1019645 0.0886731 0.1019645 0.0886731 0.1019645 0.0886731
48636 0.0000349 0.0000306 0.0934707 0.0818555 0.0934707 0.0818555 0.0934707 0.0818555
48638 0.0000226 0.0000199 0.0606330 0.0533841 0.0606330 0.0533841 0.0606330 0.0533841
48639 0.0000242 0.0000214 0.0649612 0.0574324 0.0649612 0.0574324 0.0649612 0.0574324
48640 0.0000313 0.0000279 0.0838014 0.0746866 0.0838014 0.0746866 0.0838014 0.0746866
48645 0.0000287 0.0000258 0.0768794 0.0689945 0.0768794 0.0689945 0.0768794 0.0689945
48656 0.0000095 0.0000085 0.0253403 0.0228828 0.0253403 0.0228828 0.0253403 0.0228828
48657 0.0000270 0.0000245 0.0724478 0.0655489 0.0724478 0.0655489 0.0724478 0.0655489
48658 0.0000256 0.0000233 0.0686834 0.0622931 0.0686834 0.0622931 0.0686834 0.0622931
48660 0.0000177 0.0000161 0.0474709 0.0431651 0.0474709 0.0431651 0.0474709 0.0431651
48701 0.0000225 0.0000190 0.0754622 0.0635849 0.0754622 0.0635849 0.0754622 0.0635849
48706 0.0000057 0.0000045 0.0238876 0.0190752 0.0238876 0.0190752 0.0238876 0.0190752
48720 0.0000267 0.0000231 0.0746391 0.0646685 0.0746391 0.0646685 0.0746391 0.0646685
48721 0.0000172 0.0000151 0.0414527 0.0365295 0.0414527 0.0365295 0.0414527 0.0365295
48722 0.0000540 0.0000481 0.1304017 0.1160669 0.1304017 0.1160669 0.1304017 0.1160669
48725 0.0000377 0.0000339 0.0908873 0.0817311 0.0908873 0.0817311 0.0908873 0.0817311
48726 0.0000425 0.0000385 0.1026216 0.0928218 0.1026216 0.0928218 0.1026216 0.0928218
48727 0.0000544 0.0000496 0.1313600 0.1197253 0.1313600 0.1197253 0.1313600 0.1197253
48730 0.0000057 0.0000045 0.0230985 0.0185683 0.0230985 0.0185683 0.0230985 0.0185683
48731 0.0000356 0.0000291 0.1412487 0.1152333 0.1412487 0.1152333 0.1412487 0.1152333
48732 0.0000073 0.0000061 0.0253081 0.0211609 0.0253081 0.0211609 0.0253081 0.0211609
48734 0.0000505 0.0000428 0.0816596 0.0690997 0.0816596 0.0690997 0.0816596 0.0690997
48735 0.0000580 0.0000499 0.0838382 0.0721737 0.0838382 0.0721737 0.0838382 0.0721737
48736 0.0000213 0.0000185 0.0278395 0.0242606 0.0278395 0.0242606 0.0278395 0.0242606
48742 0.0000408 0.0000358 0.0504469 0.0443216 0.0504469 0.0443216 0.0504469 0.0443216
48743 0.0000317 0.0000282 0.0356121 0.0316810 0.0356121 0.0316810 0.0356121 0.0316810
48745 0.0000163 0.0000145 0.0175188 0.0156451 0.0175188 0.0156451 0.0175188 0.0156451
48746 0.0000121 0.0000108 0.0127762 0.0114841 0.0127762 0.0114841 0.0127762 0.0114841
48801 0.0000755 0.0000648 0.1219997 0.1046088 0.1219997 0.1046088 0.1219997 0.1046088
48803 0.0000388 0.0000339 0.0508476 0.0444452 0.0508476 0.0444452 0.0508476 0.0444452
48805 0.0000551 0.0000486 0.0723095 0.0637895 0.0723095 0.0637895 0.0723095 0.0637895
48806 0.0000124 0.0000110 0.0162430 0.0144181 0.0162430 0.0144181 0.0162430 0.0144181
48807 0.0000786 0.0000701 0.1030727 0.0920184 0.1030727 0.0920184 0.1030727 0.0920184
48810 0.0000183 0.0000165 0.0239734 0.0217062 0.0239734 0.0217062 0.0239734 0.0217062
48811 0.0000139 0.0000126 0.0181948 0.0165086 0.0181948 0.0165086 0.0181948 0.0165086
48812 0.0000326 0.0000296 0.0427372 0.0388902 0.0427372 0.0388902 0.0427372 0.0388902
48813 0.0000453 0.0000415 0.0594130 0.0544074 0.0594130 0.0544074 0.0594130 0.0544074
48814 0.0000873 0.0000803 0.1145335 0.1053955 0.1145335 0.1053955 0.1145335 0.1053955
48824 0.0000411 0.0000337 0.0782233 0.0641129 0.0782233 0.0641129 0.0782233 0.0641129
48826 0.0000568 0.0000518 0.0530200 0.0484003 0.0530200 0.0484003 0.0530200 0.0484003
48828 0.0001175 0.0001031 0.1545016 0.1355243 0.1545016 0.1355243 0.1545016 0.1355243
48829 0.0000297 0.0000263 0.0337919 0.0299925 0.0337919 0.0299925 0.0337919 0.0299925
48830 0.0000207 0.0000184 0.0229439 0.0204198 0.0229439 0.0204198 0.0229439 0.0204198
48832 0.0000860 0.0000771 0.0925255 0.0829137 0.0925255 0.0829137 0.0925255 0.0829137
48836 0.0001049 0.0000953 0.0978713 0.0889489 0.0978713 0.0889489 0.0978713 0.0889489
48838 0.0000735 0.0000673 0.0628036 0.0575012 0.0628036 0.0575012 0.0628036 0.0575012
48839 0.0000786 0.0000722 0.0672278 0.0617579 0.0672278 0.0617579 0.0672278 0.0617579
48863 0.0000222 0.0000188 0.0354988 0.0300733 0.0354988 0.0300733 0.0354988 0.0300733
48864 0.0000680 0.0000583 0.1088955 0.0933559 0.1088955 0.0933559 0.1088955 0.0933559
48865 0.0000445 0.0000387 0.0712518 0.0619614 0.0712518 0.0619614 0.0712518 0.0619614
48867 0.0000258 0.0000227 0.0328250 0.0288514 0.0328250 0.0288514 0.0328250 0.0288514
48883 0.0000194 0.0000159 0.0363612 0.0297305 0.0363612 0.0297305 0.0363612 0.0297305
48884 0.0000199 0.0000164 0.0372525 0.0307509 0.0372525 0.0307509 0.0372525 0.0307509
48885 0.0000126 0.0000105 0.0236681 0.0196742 0.0236681 0.0196742 0.0236681 0.0196742
48888 0.0000461 0.0000391 0.0776174 0.0658839 0.0776174 0.0658839 0.0776174 0.0658839
48891 0.0000861 0.0000752 0.1139352 0.0995006 0.1139352 0.0995006 0.1139352 0.0995006
48892 0.0000317 0.0000279 0.0385592 0.0339317 0.0385592 0.0339317 0.0385592 0.0339317
48893 0.0000260 0.0000229 0.0307647 0.0271589 0.0307647 0.0271589 0.0307647 0.0271589
48894 0.0000183 0.0000162 0.0211247 0.0186978 0.0211247 0.0186978 0.0211247 0.0186978
48895 0.0000588 0.0000522 0.0669306 0.0594521 0.0669306 0.0594521 0.0669306 0.0594521
48897 0.0000589 0.0000527 0.0631742 0.0565100 0.0631742 0.0565100 0.0631742 0.0565100
48899 0.0000756 0.0000681 0.0775451 0.0698257 0.0775451 0.0698257 0.0775451 0.0698257
48900 0.0000287 0.0000260 0.0277209 0.0250575 0.0277209 0.0250575 0.0277209 0.0250575
48901 0.0000231 0.0000209 0.0218477 0.0197825 0.0218477 0.0197825 0.0218477 0.0197825
48902 0.0001116 0.0001014 0.1039797 0.0945228 0.1039797 0.0945228 0.1039797 0.0945228
48903 0.0000969 0.0000881 0.0904330 0.0821582 0.0904330 0.0821582 0.0904330 0.0821582
48935 0.0000374 0.0000304 0.0740139 0.0602467 0.0740139 0.0602467 0.0740139 0.0602467
48938 0.0000341 0.0000290 0.0536330 0.0455413 0.0536330 0.0455413 0.0536330 0.0455413
48940 0.0000279 0.0000240 0.0406303 0.0349668 0.0406303 0.0349668 0.0406303 0.0349668
48943 0.0001314 0.0001152 0.1912431 0.1676525 0.1912431 0.1676525 0.1912431 0.1676525
48946 0.0000723 0.0000644 0.1052133 0.0936516 0.1052133 0.0936516 0.1052133 0.0936516
48947 0.0000559 0.0000501 0.0812676 0.0728445 0.0812676 0.0728445 0.0812676 0.0728445
48949 0.0000844 0.0000763 0.1227586 0.1109711 0.1227586 0.1109711 0.1227586 0.1109711
48951 0.0000320 0.0000291 0.0465632 0.0423468 0.0465632 0.0423468 0.0465632 0.0423468
48952 0.0001049 0.0000959 0.1526344 0.1395500 0.1526344 0.1395500 0.1526344 0.1395500
48971 0.0000365 0.0000297 0.0721624 0.0586954 0.0721624 0.0586954 0.0721624 0.0586954
48976 0.0000188 0.0000157 0.0343362 0.0285625 0.0343362 0.0285625 0.0343362 0.0285625
48982 0.0000338 0.0000289 0.0616850 0.0527895 0.0616850 0.0527895 0.0616850 0.0527895
48983 0.0001033 0.0000897 0.1885209 0.1636469 0.1885209 0.1636469 0.1885209 0.1636469
48984 0.0000395 0.0000347 0.0720620 0.0632938 0.0720620 0.0632938 0.0720620 0.0632938
48985 0.0000973 0.0000863 0.1775691 0.1574259 0.1775691 0.1574259 0.1775691 0.1574259
48986 0.0000524 0.0000469 0.0566849 0.0506586 0.0566849 0.0506586 0.0566849 0.0506586
48987 0.0000206 0.0000185 0.0222439 0.0199880 0.0222439 0.0199880 0.0222439 0.0199880
48988 0.0001116 0.0001007 0.1206384 0.1088369 0.1206384 0.1088369 0.1206384 0.1088369
48989 0.0001281 0.0001163 0.1385060 0.1257700 0.1385060 0.1257700 0.1385060 0.1257700
48990 0.0000411 0.0000375 0.0363354 0.0331347 0.0363354 0.0331347 0.0363354 0.0331347
48991 0.0001129 0.0001032 0.0977315 0.0894126 0.0977315 0.0894126 0.0977315 0.0894126
49019 0.0000820 0.0000672 0.1593608 0.1305807 0.1593608 0.1305807 0.1593608 0.1305807
49023 0.0000386 0.0000335 0.0750992 0.0651220 0.0750992 0.0651220 0.0750992 0.0651220
49026 0.0000251 0.0000214 0.0373715 0.0319721 0.0373715 0.0319721 0.0373715 0.0319721
49027 0.0000219 0.0000189 0.0311297 0.0267984 0.0311297 0.0267984 0.0311297 0.0267984
49029 0.0000242 0.0000210 0.0326371 0.0283166 0.0326371 0.0283166 0.0326371 0.0283166
49030 0.0000325 0.0000284 0.0419631 0.0366404 0.0419631 0.0366404 0.0419631 0.0366404
49031 0.0000313 0.0000275 0.0392226 0.0343907 0.0392226 0.0343907 0.0392226 0.0343907
49057 0.0000950 0.0000794 0.1685554 0.1410211 0.1685554 0.1410211 0.1685554 0.1410211
49059 0.0000146 0.0000124 0.0258329 0.0220450 0.0258329 0.0220450 0.0258329 0.0220450
49060 0.0000223 0.0000191 0.0395686 0.0339848 0.0395686 0.0339848 0.0395686 0.0339848
49061 0.0000169 0.0000146 0.0233500 0.0202034 0.0233500 0.0202034 0.0233500 0.0202034
49062 0.0000625 0.0000555 0.0724579 0.0642701 0.0724579 0.0642701 0.0724579 0.0642701
49063 0.0000286 0.0000255 0.0331193 0.0295202 0.0331193 0.0295202 0.0331193 0.0295202
49064 0.0000692 0.0000622 0.0733310 0.0658569 0.0733310 0.0658569 0.0733310 0.0658569
49065 0.0000898 0.0000811 0.0951289 0.0858472 0.0951289 0.0858472 0.0951289 0.0858472
49066 0.0000468 0.0000424 0.0438736 0.0397929 0.0438736 0.0397929 0.0438736 0.0397929
49067 0.0000533 0.0000485 0.0500017 0.0454804 0.0500017 0.0454804 0.0500017 0.0454804
49068 0.0000398 0.0000363 0.0349669 0.0319068 0.0349669 0.0319068 0.0349669 0.0319068
49069 0.0001060 0.0000972 0.0930408 0.0853396 0.0930408 0.0853396 0.0930408 0.0853396
49070 0.0000530 0.0000487 0.0465278 0.0427900 0.0465278 0.0427900 0.0465278 0.0427900
49071 0.0000521 0.0000480 0.0410176 0.0378023 0.0410176 0.0378023 0.0410176 0.0378023
49072 0.0000453 0.0000419 0.0356788 0.0329450 0.0356788 0.0329450 0.0356788 0.0329450
49073 0.0000298 0.0000275 0.0220766 0.0204357 0.0220766 0.0204357 0.0220766 0.0204357
49098 0.0000133 0.0000109 0.0237135 0.0195235 0.0237135 0.0195235 0.0237135 0.0195235
49099 0.0000784 0.0000655 0.1379752 0.1152117 0.1379752 0.1152117 0.1379752 0.1152117
49100 0.0000399 0.0000338 0.0631469 0.0535664 0.0631469 0.0535664 0.0631469 0.0535664
49110 0.0000923 0.0000809 0.1290096 0.1131011 0.1290096 0.1131011 0.1290096 0.1131011
49111 0.0000632 0.0000561 0.0725226 0.0643609 0.0725226 0.0643609 0.0725226 0.0643609
49113 0.0000468 0.0000421 0.0493162 0.0442815 0.0493162 0.0442815 0.0493162 0.0442815
49114 0.0000583 0.0000526 0.0577633 0.0520980 0.0577633 0.0520980 0.0577633 0.0520980
49116 0.0001265 0.0001147 0.1213433 0.1099806 0.1213433 0.1099806 0.1213433 0.1099806
49117 0.0000687 0.0000625 0.0623357 0.0567348 0.0623357 0.0567348 0.0623357 0.0567348
49118 0.0000469 0.0000429 0.0400385 0.0366382 0.0400385 0.0366382 0.0400385 0.0366382
49121 0.0000814 0.0000664 0.1657080 0.1352031 0.1657080 0.1352031 0.1657080 0.1352031
49125 0.0001018 0.0000868 0.1675926 0.1429583 0.1675926 0.1429583 0.1675926 0.1429583
49126 0.0000552 0.0000480 0.0752350 0.0653080 0.0752350 0.0653080 0.0752350 0.0653080
49127 0.0001407 0.0001237 0.1915840 0.1685220 0.1915840 0.1685220 0.1915840 0.1685220
49128 0.0000209 0.0000185 0.0236916 0.0210242 0.0236916 0.0210242 0.0236916 0.0210242
49132 0.0000213 0.0000191 0.0226584 0.0203303 0.0226584 0.0203303 0.0226584 0.0203303
49133 0.0000450 0.0000407 0.0437701 0.0395484 0.0437701 0.0395484 0.0437701 0.0395484
49134 0.0000829 0.0000752 0.0806124 0.0731118 0.0806124 0.0731118 0.0806124 0.0731118
49135 0.0000505 0.0000460 0.0457304 0.0416227 0.0457304 0.0416227 0.0457304 0.0416227
49136 0.0001357 0.0001241 0.1228420 0.1123102 0.1228420 0.1123102 0.1228420 0.1123102
49137 0.0000729 0.0000669 0.0599707 0.0550773 0.0599707 0.0550773 0.0599707 0.0550773
49138 0.0000450 0.0000415 0.0348321 0.0321377 0.0348321 0.0321377 0.0348321 0.0321377
49139 0.0000394 0.0000364 0.0292934 0.0271112 0.0292934 0.0271112 0.0292934 0.0271112
49140 0.0000499 0.0000463 0.0357962 0.0332262 0.0357962 0.0332262 0.0357962 0.0332262
49141 0.0001081 0.0001006 0.0761264 0.0708259 0.0761264 0.0708259 0.0761264 0.0708259
49142 0.0000289 0.0000270 0.0195250 0.0182023 0.0195250 0.0182023 0.0195250 0.0182023
49143 0.0000251 0.0000235 0.0163282 0.0152597 0.0163282 0.0152597 0.0163282 0.0152597
49144 0.0000103 0.0000097 0.0067209 0.0062848 0.0067209 0.0062848 0.0067209 0.0062848
49155 0.0000242 0.0000227 0.0157427 0.0147712 0.0157427 0.0147712 0.0157427 0.0147712
49157 0.0000368 0.0000346 0.0221714 0.0208307 0.0221714 0.0208307 0.0221714 0.0208307
49158 0.0000509 0.0000480 0.0293813 0.0276809 0.0293813 0.0276809 0.0293813 0.0276809
49159 0.0000835 0.0000788 0.0481953 0.0454893 0.0481953 0.0454893 0.0481953 0.0454893
49165 0.0000376 0.0000356 0.0205122 0.0193912 0.0205122 0.0193912 0.0205122 0.0193912
49168 0.0000376 0.0000355 0.0204759 0.0193723 0.0204759 0.0193723 0.0204759 0.0193723
49217 0.0000417 0.0000343 0.0798745 0.0657145 0.0798745 0.0657145 0.0798745 0.0657145
49218 0.0000234 0.0000195 0.0405561 0.0338123 0.0405561 0.0338123 0.0405561 0.0338123
49219 0.0001132 0.0000971 0.1778855 0.1524799 0.1778855 0.1524799 0.1778855 0.1524799
49224 0.0000253 0.0000222 0.0312224 0.0274137 0.0312224 0.0274137 0.0312224 0.0274137
49226 0.0000455 0.0000402 0.0561236 0.0495060 0.0561236 0.0495060 0.0561236 0.0495060
49227 0.0000675 0.0000599 0.0832745 0.0738601 0.0832745 0.0738601 0.0832745 0.0738601
49228 0.0000874 0.0000781 0.0963563 0.0860973 0.0963563 0.0860973 0.0963563 0.0860973
49229 0.0000338 0.0000303 0.0348789 0.0312976 0.0348789 0.0312976 0.0348789 0.0312976
49230 0.0000347 0.0000314 0.0334227 0.0302154 0.0334227 0.0302154 0.0334227 0.0302154
49232 0.0001113 0.0001010 0.1071494 0.0972267 0.1071494 0.0972267 0.1071494 0.0972267
49233 0.0000128 0.0000116 0.0114924 0.0104572 0.0114924 0.0104572 0.0114924 0.0104572
49240 0.0000527 0.0000433 0.1048894 0.0862492 0.1048894 0.0862492 0.1048894 0.0862492
49241 0.0000343 0.0000287 0.0682625 0.0571603 0.0682625 0.0571603 0.0682625 0.0571603
49244 0.0000709 0.0000604 0.1124579 0.0957468 0.1124579 0.0957468 0.1124579 0.0957468
49245 0.0000348 0.0000300 0.0491235 0.0423590 0.0491235 0.0423590 0.0491235 0.0423590
49246 0.0000321 0.0000279 0.0433079 0.0375920 0.0433079 0.0375920 0.0433079 0.0375920
49247 0.0000365 0.0000318 0.0491794 0.0429222 0.0491794 0.0429222 0.0491794 0.0429222
49248 0.0001194 0.0001053 0.1472519 0.1298831 0.1472519 0.1298831 0.1472519 0.1298831
49249 0.0000238 0.0000212 0.0262706 0.0233918 0.0262706 0.0233918 0.0262706 0.0233918
49250 0.0000215 0.0000193 0.0220470 0.0197980 0.0220470 0.0197980 0.0220470 0.0197980
49251 0.0000306 0.0000276 0.0299881 0.0270604 0.0299881 0.0270604 0.0299881 0.0270604
49253 0.0000740 0.0000670 0.0725226 0.0656654 0.0725226 0.0656654 0.0725226 0.0656654
49254 0.0000376 0.0000342 0.0368372 0.0334677 0.0368372 0.0334677 0.0368372 0.0334677
49262 0.0000459 0.0000404 0.0576751 0.0507796 0.0576751 0.0507796 0.0576751 0.0507796
49263 0.0000529 0.0000469 0.0617213 0.0546679 0.0617213 0.0546679 0.0617213 0.0546679
49264 0.0000898 0.0000801 0.1047467 0.0934362 0.1047467 0.0934362 0.1047467 0.0934362
49265 0.0000670 0.0000601 0.0698084 0.0626609 0.0698084 0.0626609 0.0698084 0.0626609
49266 0.0000514 0.0000466 0.0484394 0.0439181 0.0484394 0.0439181 0.0484394 0.0439181
49267 0.0000582 0.0000528 0.0552541 0.0500676 0.0552541 0.0500676 0.0552541 0.0500676
49268 0.0000532 0.0000485 0.0468785 0.0427671 0.0468785 0.0427671 0.0468785 0.0427671
49270 0.0000306 0.0000280 0.0262587 0.0240236 0.0262587 0.0240236 0.0262587 0.0240236
49307 0.0000956 0.0000832 0.1285141 0.1118630 0.1285141 0.1118630 0.1285141 0.1118630
49308 0.0000294 0.0000257 0.0394935 0.0345986 0.0394935 0.0345986 0.0394935 0.0345986
49309 0.0000457 0.0000402 0.0558985 0.0491513 0.0558985 0.0491513 0.0558985 0.0491513
49310 0.0000475 0.0000420 0.0581428 0.0513570 0.0581428 0.0513570 0.0581428 0.0513570
49311 0.0000168 0.0000149 0.0190322 0.0168782 0.0190322 0.0168782 0.0190322 0.0168782
49312 0.0001088 0.0000969 0.1222151 0.1088487 0.1222151 0.1088487 0.1222151 0.1088487
49313 0.0000216 0.0000193 0.0228562 0.0204424 0.0228562 0.0204424 0.0228562 0.0204424
49314 0.0000896 0.0000804 0.0949285 0.0851835 0.0949285 0.0851835 0.0949285 0.0851835
49316 0.0000368 0.0000332 0.0367574 0.0331350 0.0367574 0.0331350 0.0367574 0.0331350
49317 0.0000166 0.0000151 0.0157155 0.0142304 0.0157155 0.0142304 0.0157155 0.0142304
49324 0.0000700 0.0000587 0.1281397 0.1074345 0.1281397 0.1074345 0.1281397 0.1074345
49329 0.0000440 0.0000388 0.0521754 0.0460725 0.0521754 0.0460725 0.0521754 0.0460725
49330 0.0000369 0.0000327 0.0423582 0.0375436 0.0423582 0.0375436 0.0423582 0.0375436
49331 0.0001492 0.0001336 0.1620009 0.1450465 0.1620009 0.1450465 0.1620009 0.1450465
49332 0.0000163 0.0000147 0.0161099 0.0145372 0.0161099 0.0145372 0.0161099 0.0145372
49337 0.0000627 0.0000523 0.1221000 0.1019026 0.1221000 0.1019026 0.1221000 0.1019026
49339 0.0000173 0.0000148 0.0263039 0.0225675 0.0263039 0.0225675 0.0263039 0.0225675
49340 0.0000276 0.0000238 0.0420213 0.0362060 0.0420213 0.0362060 0.0420213 0.0362060
49341 0.0000289 0.0000250 0.0439664 0.0381202 0.0439664 0.0381202 0.0439664 0.0381202
49342 0.0000441 0.0000385 0.0672025 0.0585726 0.0672025 0.0585726 0.0672025 0.0585726
49345 0.0000692 0.0000613 0.0812588 0.0719271 0.0812588 0.0719271 0.0812588 0.0719271
49346 0.0000231 0.0000206 0.0271726 0.0241554 0.0271726 0.0241554 0.0271726 0.0241554
49347 0.0000207 0.0000185 0.0223046 0.0199236 0.0223046 0.0199236 0.0223046 0.0199236
49348 0.0000504 0.0000451 0.0542758 0.0486229 0.0542758 0.0486229 0.0542758 0.0486229
49349 0.0000400 0.0000360 0.0402052 0.0361939 0.0402052 0.0361939 0.0402052 0.0361939
49351 0.0000201 0.0000181 0.0201473 0.0182003 0.0201473 0.0182003 0.0201473 0.0182003
49352 0.0000968 0.0000879 0.0914219 0.0829341 0.0914219 0.0829341 0.0914219 0.0829341
49353 0.0000521 0.0000475 0.0468546 0.0426671 0.0468546 0.0426671 0.0468546 0.0426671
49356 0.0000909 0.0000742 0.1786382 0.1457749 0.1786382 0.1457749 0.1786382 0.1457749
49358 0.0000438 0.0000369 0.0727915 0.0613697 0.0727915 0.0613697 0.0727915 0.0613697
49359 0.0000903 0.0000783 0.1256855 0.1090203 0.1256855 0.1090203 0.1256855 0.1090203
49360 0.0000646 0.0000567 0.0815771 0.0715634 0.0815771 0.0715634 0.0815771 0.0715634
49361 0.0000214 0.0000188 0.0254607 0.0224538 0.0254607 0.0224538 0.0254607 0.0224538
49362 0.0000259 0.0000231 0.0283506 0.0252744 0.0283506 0.0252744 0.0283506 0.0252744
49365 0.0000925 0.0000832 0.0962100 0.0865140 0.0962100 0.0865140 0.0962100 0.0865140
49366 0.0000756 0.0000685 0.0723271 0.0655293 0.0723271 0.0655293 0.0723271 0.0655293
49367 0.0001132 0.0001031 0.1033114 0.0941243 0.1033114 0.0941243 0.1033114 0.0941243
49368 0.0000297 0.0000272 0.0253536 0.0231878 0.0253536 0.0231878 0.0253536 0.0231878
49369 0.0000308 0.0000282 0.0258139 0.0236526 0.0258139 0.0236526 0.0258139 0.0236526
49373 0.0000869 0.0000730 0.1568542 0.1317198 0.1568542 0.1317198 0.1568542 0.1317198
49374 0.0000068 0.0000058 0.0123334 0.0105115 0.0123334 0.0105115 0.0123334 0.0105115
49376 0.0000573 0.0000495 0.0781460 0.0675286 0.0781460 0.0675286 0.0781460 0.0675286
49377 0.0000460 0.0000400 0.0627549 0.0545437 0.0627549 0.0545437 0.0627549 0.0545437
49378 0.0000744 0.0000650 0.1013411 0.0885922 0.1013411 0.0885922 0.1013411 0.0885922
49379 0.0000357 0.0000315 0.0425230 0.0374946 0.0425230 0.0374946 0.0425230 0.0374946
49380 0.0000701 0.0000621 0.0836101 0.0739668 0.0836101 0.0739668 0.0836101 0.0739668
49381 0.0000510 0.0000453 0.0574459 0.0510299 0.0574459 0.0510299 0.0574459 0.0510299
49382 0.0000665 0.0000592 0.0732561 0.0652738 0.0732561 0.0652738 0.0732561 0.0652738
49383 0.0000234 0.0000209 0.0249469 0.0222866 0.0249469 0.0222866 0.0249469 0.0222866
49384 0.0000217 0.0000195 0.0223466 0.0200510 0.0223466 0.0200510 0.0223466 0.0200510
49385 0.0000528 0.0000477 0.0506982 0.0458475 0.0506982 0.0458475 0.0506982 0.0458475
49389 0.0000176 0.0000159 0.0163200 0.0148156 0.0163200 0.0148156 0.0163200 0.0148156
49390 0.0000516 0.0000471 0.0478932 0.0437274 0.0478932 0.0437274 0.0478932 0.0437274
49432 0.0000274 0.0000231 0.0448904 0.0378862 0.0448904 0.0378862 0.0448904 0.0378862
49433 0.0001136 0.0000978 0.1676257 0.1443913 0.1676257 0.1443913 0.1676257 0.1443913
49434 0.0001462 0.0001284 0.1871247 0.1643668 0.1871247 0.1643668 0.1871247 0.1643668
49435 0.0000284 0.0000251 0.0327985 0.0290423 0.0327985 0.0290423 0.0327985 0.0290423
49437 0.0000246 0.0000220 0.0260428 0.0233132 0.0260428 0.0233132 0.0260428 0.0233132
49438 0.0001117 0.0001004 0.1181985 0.1062407 0.1181985 0.1062407 0.1181985 0.1062407
49439 0.0000231 0.0000209 0.0223149 0.0201646 0.0223149 0.0201646 0.0223149 0.0201646
49440 0.0000244 0.0000221 0.0234821 0.0212732 0.0234821 0.0212732 0.0234821 0.0212732
49445 0.0000173 0.0000142 0.0335443 0.0275507 0.0335443 0.0275507 0.0335443 0.0275507
49446 0.0000344 0.0000287 0.0667984 0.0556217 0.0667984 0.0556217 0.0667984 0.0556217
49447 0.0000808 0.0000683 0.1314899 0.1112497 0.1314899 0.1112497 0.1314899 0.1112497
49448 0.0000561 0.0000484 0.0792957 0.0683573 0.0792957 0.0683573 0.0792957 0.0683573
49449 0.0000180 0.0000156 0.0238983 0.0207458 0.0238983 0.0207458 0.0238983 0.0207458
49451 0.0000833 0.0000728 0.1107603 0.0967054 0.1107603 0.0967054 0.1107603 0.0967054
49452 0.0000583 0.0000515 0.0693471 0.0612312 0.0693471 0.0612312 0.0693471 0.0612312
49453 0.0000648 0.0000574 0.0745200 0.0660625 0.0745200 0.0660625 0.0745200 0.0660625
49454 0.0000412 0.0000366 0.0473586 0.0421261 0.0473586 0.0421261 0.0473586 0.0421261
49455 0.0000152 0.0000136 0.0166119 0.0148030 0.0166119 0.0148030 0.0166119 0.0148030
49456 0.0000397 0.0000354 0.0432591 0.0386130 0.0432591 0.0386130 0.0432591 0.0386130
49457 0.0000600 0.0000540 0.0611091 0.0549474 0.0611091 0.0549474 0.0611091 0.0549474
49464 0.0000683 0.0000560 0.1292012 0.1059492 0.1292012 0.1059492 0.1292012 0.1059492
49466 0.0000442 0.0000371 0.0739759 0.0621967 0.0739759 0.0621967 0.0739759 0.0621967
49468 0.0000627 0.0000538 0.0920192 0.0789393 0.0920192 0.0789393 0.0920192 0.0789393
49652 0.0000229 0.0000185 0.0486147 0.0392822 0.0486147 0.0392822 0.0486147 0.0392822
49653 0.0000406 0.0000331 0.0775871 0.0632461 0.0775871 0.0632461 0.0775871 0.0632461
49655 0.0001365 0.0001146 0.2608780 0.2190240 0.2608780 0.2190240 0.2608780 0.2190240
49656 0.0000790 0.0000675 0.1186838 0.1015248 0.1186838 0.1015248 0.1186838 0.1015248
49657 0.0000127 0.0000109 0.0190335 0.0164008 0.0190335 0.0164008 0.0190335 0.0164008
49658 0.0000182 0.0000157 0.0273120 0.0235770 0.0273120 0.0235770 0.0273120 0.0235770
49659 0.0000717 0.0000621 0.1077271 0.0934044 0.1077271 0.0934044 0.1077271 0.0934044
49660 0.0000377 0.0000329 0.0567267 0.0494246 0.0567267 0.0494246 0.0567267 0.0494246
49661 0.0000540 0.0000473 0.0811374 0.0711353 0.0811374 0.0711353 0.0811374 0.0711353
49662 0.0000367 0.0000323 0.0444566 0.0391117 0.0444566 0.0391117 0.0444566 0.0391117
49664 0.0000359 0.0000317 0.0435178 0.0384066 0.0435178 0.0384066 0.0435178 0.0384066
49665 0.0001005 0.0000890 0.1168601 0.1035284 0.1168601 0.1035284 0.1168601 0.1035284
49666 0.0000632 0.0000564 0.0691166 0.0616425 0.0691166 0.0616425 0.0691166 0.0616425
49736 0.0000131 0.0000110 0.0212242 0.0178454 0.0212242 0.0178454 0.0212242 0.0178454
49737 0.0000253 0.0000214 0.0411181 0.0348148 0.0411181 0.0348148 0.0411181 0.0348148
49742 0.0000296 0.0000256 0.0417025 0.0360772 0.0417025 0.0360772 0.0417025 0.0360772
49743 0.0000359 0.0000312 0.0506049 0.0439586 0.0506049 0.0439586 0.0506049 0.0439586
49749 0.0000415 0.0000367 0.0495376 0.0437393 0.0495376 0.0437393 0.0495376 0.0437393
49751 0.0001080 0.0000967 0.1163891 0.1042023 0.1163891 0.1042023 0.1163891 0.1042023
49752 0.0000261 0.0000235 0.0262563 0.0236236 0.0262563 0.0236236 0.0262563 0.0236236
49756 0.0000252 0.0000200 0.0590720 0.0469070 0.0590720 0.0469070 0.0590720 0.0469070
49758 0.0000470 0.0000381 0.0922967 0.0748489 0.0922967 0.0748489 0.0922967 0.0748489
49760 0.0000548 0.0000459 0.0927343 0.0776262 0.0927343 0.0776262 0.0927343 0.0776262
49761 0.0000179 0.0000151 0.0303250 0.0255314 0.0303250 0.0255314 0.0303250 0.0255314
49762 0.0000141 0.0000119 0.0238478 0.0201412 0.0238478 0.0201412 0.0238478 0.0201412
49763 0.0000621 0.0000527 0.1050898 0.0892175 0.1050898 0.0892175 0.1050898 0.0892175
49910 0.0000587 0.0000456 0.1381779 0.1073887 0.1381779 0.1073887 0.1381779 0.1073887
49914 0.0000554 0.0000446 0.1304801 0.1051454 0.1304801 0.1051454 0.1304801 0.1051454
49919 0.0000428 0.0000358 0.0739667 0.0619162 0.0739667 0.0619162 0.0739667 0.0619162
49921 0.0000153 0.0000129 0.0242034 0.0204530 0.0242034 0.0204530 0.0242034 0.0204530
49922 0.0001026 0.0000875 0.1570770 0.1339730 0.1570770 0.1339730 0.1570770 0.1339730
49923 0.0001416 0.0001224 0.2001276 0.1729176 0.2001276 0.1729176 0.2001276 0.1729176
49925 0.0000317 0.0000276 0.0417188 0.0362881 0.0417188 0.0362881 0.0417188 0.0362881
49926 0.0000514 0.0000448 0.0675863 0.0589649 0.0675863 0.0589649 0.0675863 0.0589649
49928 0.0000117 0.0000102 0.0153388 0.0134251 0.0153388 0.0134251 0.0153388 0.0134251
49929 0.0000118 0.0000103 0.0154857 0.0135683 0.0154857 0.0135683 0.0154857 0.0135683
49930 0.0000118 0.0000104 0.0165858 0.0145561 0.0165858 0.0145561 0.0165858 0.0145561
49932 0.0000237 0.0000209 0.0287070 0.0253473 0.0287070 0.0253473 0.0287070 0.0253473
49934 0.0000744 0.0000660 0.0850543 0.0754696 0.0850543 0.0754696 0.0850543 0.0754696
49959 0.0000299 0.0000248 0.0520456 0.0432373 0.0520456 0.0432373 0.0520456 0.0432373
49960 0.0000323 0.0000270 0.0561547 0.0469505 0.0561547 0.0469505 0.0561547 0.0469505
49961 0.0001031 0.0000871 0.1793363 0.1514733 0.1793363 0.1514733 0.1793363 0.1514733
49962 0.0000407 0.0000347 0.0612070 0.0521594 0.0612070 0.0521594 0.0612070 0.0521594
49964 0.0000448 0.0000384 0.0674131 0.0577484 0.0674131 0.0577484 0.0674131 0.0577484
49965 0.0000526 0.0000452 0.0791114 0.0680754 0.0791114 0.0680754 0.0791114 0.0680754
49966 0.0000505 0.0000437 0.0696118 0.0601669 0.0696118 0.0601669 0.0696118 0.0601669
49967 0.0000378 0.0000328 0.0520788 0.0451961 0.0520788 0.0451961 0.0520788 0.0451961
49968 0.0000929 0.0000810 0.1280235 0.1116578 0.1280235 0.1116578 0.1280235 0.1116578
49969 0.0001537 0.0001355 0.1871541 0.1649956 0.1871541 0.1649956 0.1871541 0.1649956
49970 0.0001476 0.0001311 0.1695946 0.1505916 0.1695946 0.1505916 0.1695946 0.1505916
50033 0.0000124 0.0000100 0.0270841 0.0219782 0.0270841 0.0219782 0.0270841 0.0219782
50034 0.0000908 0.0000762 0.1580321 0.1325681 0.1580321 0.1325681 0.1580321 0.1325681
50036 0.0000405 0.0000347 0.0580865 0.0499001 0.0580865 0.0499001 0.0580865 0.0499001
50045 0.0000922 0.0000815 0.1108071 0.0979273 0.1108071 0.0979273 0.1108071 0.0979273
50046 0.0000451 0.0000401 0.0498700 0.0444000 0.0498700 0.0444000 0.0498700 0.0444000
50047 0.0000520 0.0000464 0.0575383 0.0513613 0.0575383 0.0513613 0.0575383 0.0513613
50048 0.0001394 0.0001250 0.1541522 0.1382113 0.1541522 0.1382113 0.1541522 0.1382113
50067 0.0000439 0.0000363 0.0807622 0.0667101 0.0807622 0.0667101 0.0807622 0.0667101
50068 0.0000478 0.0000400 0.0808079 0.0676720 0.0808079 0.0676720 0.0808079 0.0676720
50070 0.0000310 0.0000262 0.0494354 0.0418262 0.0494354 0.0418262 0.0494354 0.0418262
50073 0.0000274 0.0000235 0.0418104 0.0358870 0.0418104 0.0358870 0.0418104 0.0358870
50074 0.0000273 0.0000235 0.0383757 0.0330497 0.0383757 0.0330497 0.0383757 0.0330497
50075 0.0000485 0.0000420 0.0668457 0.0578070 0.0668457 0.0578070 0.0668457 0.0578070
50076 0.0000355 0.0000309 0.0459456 0.0400545 0.0459456 0.0400545 0.0459456 0.0400545
50077 0.0000123 0.0000108 0.0155705 0.0136245 0.0155705 0.0136245 0.0155705 0.0136245
50343 0.0000924 0.0000836 0.0896698 0.0810787 0.0896698 0.0810787 0.0896698 0.0810787
50376 0.0000889 0.0000809 0.0815530 0.0741932 0.0815530 0.0741932 0.0815530 0.0741932
50377 0.0000477 0.0000435 0.0415459 0.0379182 0.0415459 0.0379182 0.0415459 0.0379182
50380 0.0000179 0.0000164 0.0150559 0.0137885 0.0150559 0.0137885 0.0150559 0.0137885
50463 0.0000600 0.0000515 0.0912163 0.0783318 0.0912163 0.0783318 0.0912163 0.0783318
50464 0.0001491 0.0001305 0.1997600 0.1748883 0.1997600 0.1748883 0.1997600 0.1748883
50465 0.0000446 0.0000395 0.0511549 0.0453529 0.0511549 0.0453529 0.0511549 0.0453529
50466 0.0001368 0.0001230 0.1435535 0.1290265 0.1435535 0.1290265 0.1435535 0.1290265
50467 0.0000311 0.0000281 0.0301506 0.0272348 0.0301506 0.0272348 0.0301506 0.0272348
50468 0.0000495 0.0000448 0.0479459 0.0433974 0.0479459 0.0433974 0.0479459 0.0433974
50470 0.0000297 0.0000269 0.0287544 0.0260824 0.0287544 0.0260824 0.0287544 0.0260824
50471 0.0000141 0.0000128 0.0136146 0.0123625 0.0136146 0.0123625 0.0136146 0.0123625
50483 0.0000234 0.0000214 0.0226820 0.0207035 0.0226820 0.0207035 0.0226820 0.0207035
50491 0.0000487 0.0000418 0.0728809 0.0624403 0.0728809 0.0624403 0.0728809 0.0624403
50492 0.0000967 0.0000836 0.1360292 0.1176481 0.1360292 0.1176481 0.1360292 0.1176481
50493 0.0000438 0.0000382 0.0573319 0.0499600 0.0573319 0.0499600 0.0573319 0.0499600
50496 0.0001465 0.0001288 0.1915624 0.1685224 0.1915624 0.1685224 0.1915624 0.1685224
50497 0.0001138 0.0001012 0.1301163 0.1156212 0.1301163 0.1156212 0.1301163 0.1156212
50500 0.0001361 0.0001221 0.1442299 0.1294540 0.1442299 0.1294540 0.1442299 0.1294540
50501 0.0001113 0.0001005 0.1098526 0.0992301 0.1098526 0.0992301 0.1098526 0.0992301
50517 0.0000098 0.0000085 0.0135115 0.0116741 0.0135115 0.0116741 0.0135115 0.0116741
50520 0.0000506 0.0000440 0.0694169 0.0603866 0.0694169 0.0603866 0.0694169 0.0603866
50522 0.0000252 0.0000221 0.0345752 0.0302964 0.0345752 0.0302964 0.0345752 0.0302964
50526 0.0000512 0.0000450 0.0627645 0.0552536 0.0627645 0.0552536 0.0627645 0.0552536
50527 0.0000260 0.0000230 0.0305770 0.0270069 0.0305770 0.0270069 0.0305770 0.0270069
50528 0.0000426 0.0000377 0.0500267 0.0443225 0.0500267 0.0443225 0.0500267 0.0443225
50529 0.0000883 0.0000785 0.0990174 0.0880753 0.0990174 0.0880753 0.0990174 0.0880753
50530 0.0000246 0.0000219 0.0266693 0.0237918 0.0266693 0.0237918 0.0266693 0.0237918
50531 0.0000138 0.0000123 0.0149576 0.0133593 0.0149576 0.0133593 0.0149576 0.0133593
50535 0.0000240 0.0000215 0.0254312 0.0227624 0.0254312 0.0227624 0.0254312 0.0227624
50536 0.0000961 0.0000863 0.1018260 0.0914480 0.1018260 0.0914480 0.1018260 0.0914480
50545 0.0000382 0.0000317 0.0721165 0.0598018 0.0721165 0.0598018 0.0721165 0.0598018
50546 0.0000335 0.0000281 0.0554723 0.0466090 0.0554723 0.0466090 0.0554723 0.0466090
50548 0.0000510 0.0000433 0.0800962 0.0679994 0.0800962 0.0679994 0.0800962 0.0679994
50549 0.0000526 0.0000454 0.0730609 0.0631700 0.0730609 0.0631700 0.0730609 0.0631700
50550 0.0000706 0.0000615 0.0981501 0.0854226 0.0981501 0.0854226 0.0981501 0.0854226
50551 0.0000441 0.0000386 0.0556104 0.0486853 0.0556104 0.0486853 0.0556104 0.0486853
50552 0.0001453 0.0001284 0.1833758 0.1619849 0.1833758 0.1619849 0.1833758 0.1619849
50553 0.0000363 0.0000323 0.0401418 0.0357322 0.0401418 0.0357322 0.0401418 0.0357322
50554 0.0000698 0.0000623 0.0771456 0.0688727 0.0771456 0.0688727 0.0771456 0.0688727
50558 0.0000770 0.0000625 0.1540515 0.1249763 0.1540515 0.1249763 0.1540515 0.1249763
50560 0.0000731 0.0000617 0.1279075 0.1078315 0.1279075 0.1078315 0.1279075 0.1078315
50561 0.0000398 0.0000340 0.0597650 0.0510374 0.0597650 0.0510374 0.0597650 0.0510374
50562 0.0000379 0.0000326 0.0569364 0.0489416 0.0569364 0.0489416 0.0569364 0.0489416
50563 0.0000213 0.0000183 0.0294335 0.0254074 0.0294335 0.0254074 0.0294335 0.0254074
50564 0.0000172 0.0000149 0.0238421 0.0206380 0.0238421 0.0206380 0.0238421 0.0206380
50565 0.0000578 0.0000503 0.0800772 0.0696375 0.0800772 0.0696375 0.0800772 0.0696375
50569 0.0000221 0.0000193 0.0282311 0.0247087 0.0282311 0.0247087 0.0282311 0.0247087
50570 0.0000329 0.0000289 0.0401345 0.0352805 0.0401345 0.0352805 0.0401345 0.0352805
50596 0.0001248 0.0001011 0.2578008 0.2088616 0.2578008 0.2088616 0.2578008 0.2088616
50597 0.0000248 0.0000209 0.0392970 0.0331170 0.0392970 0.0331170 0.0392970 0.0331170
50598 0.0000364 0.0000308 0.0571721 0.0484352 0.0571721 0.0484352 0.0571721 0.0484352
50599 0.0000935 0.0000800 0.1470464 0.1258352 0.1470464 0.1258352 0.1470464 0.1258352
50600 0.0000479 0.0000413 0.0667824 0.0576604 0.0667824 0.0576604 0.0667824 0.0576604
50601 0.0000319 0.0000277 0.0444507 0.0385821 0.0444507 0.0385821 0.0444507 0.0385821
50602 0.0000474 0.0000413 0.0660766 0.0576486 0.0660766 0.0576486 0.0660766 0.0576486
50603 0.0001312 0.0001158 0.1829858 0.1615329 0.1829858 0.1615329 0.1829858 0.1615329
50604 0.0000122 0.0000108 0.0137120 0.0121704 0.0137120 0.0121704 0.0137120 0.0121704
50605 0.0000469 0.0000417 0.0528597 0.0470131 0.0528597 0.0470131 0.0528597 0.0470131
50606 0.0000896 0.0000800 0.1009820 0.0901304 0.1009820 0.0901304 0.1009820 0.0901304
50607 0.0000243 0.0000218 0.0274167 0.0245764 0.0274167 0.0245764 0.0274167 0.0245764
50613 0.0000710 0.0000575 0.1443473 0.1168675 0.1443473 0.1168675 0.1443473 0.1168675
50614 0.0000362 0.0000301 0.0676696 0.0562054 0.0676696 0.0562054 0.0676696 0.0562054
50615 0.0000243 0.0000205 0.0452976 0.0382153 0.0452976 0.0382153 0.0452976 0.0382153
50616 0.0000341 0.0000291 0.0636595 0.0542627 0.0636595 0.0542627 0.0636595 0.0542627
50617 0.0000255 0.0000219 0.0475462 0.0409118 0.0475462 0.0409118 0.0475462 0.0409118
50650 0.0000111 0.0000094 0.0177142 0.0149951 0.0177142 0.0149951 0.0177142 0.0149951
50654 0.0000374 0.0000323 0.0539575 0.0466728 0.0539575 0.0466728 0.0539575 0.0466728
50655 0.0000232 0.0000203 0.0288796 0.0253209 0.0288796 0.0253209 0.0288796 0.0253209
50656 0.0000817 0.0000720 0.1018157 0.0897295 0.1018157 0.0897295 0.1018157 0.0897295
50658 0.0001014 0.0000900 0.1171000 0.1040008 0.1171000 0.1040008 0.1171000 0.1040008
50660 0.0000233 0.0000209 0.0246702 0.0220939 0.0246702 0.0220939 0.0246702 0.0220939
50661 0.0000120 0.0000108 0.0126997 0.0113875 0.0126997 0.0113875 0.0126997 0.0113875
50662 0.0000264 0.0000237 0.0278536 0.0250052 0.0278536 0.0250052 0.0278536 0.0250052
50663 0.0000525 0.0000473 0.0555028 0.0499563 0.0555028 0.0499563 0.0555028 0.0499563
50664 0.0000529 0.0000478 0.0559360 0.0504736 0.0559360 0.0504736 0.0559360 0.0504736
50665 0.0000170 0.0000153 0.0179481 0.0162226 0.0179481 0.0162226 0.0179481 0.0162226
50666 0.0000146 0.0000132 0.0154763 0.0140050 0.0154763 0.0140050 0.0154763 0.0140050
50667 0.0000873 0.0000792 0.0922560 0.0836650 0.0922560 0.0836650 0.0922560 0.0836650
50668 0.0000938 0.0000854 0.0991948 0.0902793 0.0991948 0.0902793 0.0991948 0.0902793
50669 0.0000643 0.0000587 0.0563310 0.0514157 0.0563310 0.0514157 0.0563310 0.0514157
50670 0.0000157 0.0000144 0.0137771 0.0126222 0.0137771 0.0126222 0.0137771 0.0126222
50671 0.0000456 0.0000418 0.0399652 0.0366567 0.0399652 0.0366567 0.0399652 0.0366567
50672 0.0000112 0.0000103 0.0088123 0.0081140 0.0088123 0.0081140 0.0088123 0.0081140
50673 0.0000343 0.0000316 0.0269960 0.0248735 0.0269960 0.0248735 0.0269960 0.0248735
50674 0.0000462 0.0000427 0.0349043 0.0322615 0.0349043 0.0322615 0.0349043 0.0322615
50675 0.0000645 0.0000597 0.0486926 0.0450625 0.0486926 0.0450625 0.0486926 0.0450625
50676 0.0000204 0.0000189 0.0154099 0.0142755 0.0154099 0.0142755 0.0154099 0.0142755
50677 0.0000239 0.0000222 0.0171540 0.0159160 0.0171540 0.0159160 0.0171540 0.0159160
50678 0.0000220 0.0000205 0.0157956 0.0146651 0.0157956 0.0146651 0.0157956 0.0146651
50679 0.0000507 0.0000471 0.0363253 0.0337555 0.0363253 0.0337555 0.0363253 0.0337555
50853 0.0000335 0.0000293 0.0440232 0.0385419 0.0440232 0.0385419 0.0440232 0.0385419
50854 0.0000120 0.0000105 0.0157321 0.0138600 0.0157321 0.0138600 0.0157321 0.0138600
50857 0.0001316 0.0001174 0.1498452 0.1336772 0.1498452 0.1336772 0.1498452 0.1336772
50862 0.0000614 0.0000556 0.0626565 0.0567584 0.0626565 0.0567584 0.0626565 0.0567584
50863 0.0000171 0.0000155 0.0174568 0.0158426 0.0174568 0.0158426 0.0174568 0.0158426
50874 0.0000657 0.0000564 0.0967655 0.0829716 0.0967655 0.0829716 0.0967655 0.0829716
50875 0.0000470 0.0000406 0.0691571 0.0597454 0.0691571 0.0597454 0.0691571 0.0597454
50876 0.0000520 0.0000452 0.0765274 0.0664764 0.0765274 0.0664764 0.0765274 0.0664764
50885 0.0000513 0.0000414 0.1034619 0.0835450 0.1034619 0.0835450 0.1034619 0.0835450
50886 0.0000362 0.0000296 0.0729685 0.0597296 0.0729685 0.0597296 0.0729685 0.0597296
50887 0.0000179 0.0000150 0.0361676 0.0303397 0.0361676 0.0303397 0.0361676 0.0303397
50889 0.0000105 0.0000089 0.0211472 0.0178700 0.0211472 0.0178700 0.0211472 0.0178700
50897 0.0000236 0.0000203 0.0334295 0.0287672 0.0334295 0.0287672 0.0334295 0.0287672
51015 0.0000748 0.0000681 0.0717139 0.0652808 0.0717139 0.0652808 0.0717139 0.0652808
51093 0.0000143 0.0000116 0.0277975 0.0225940 0.0277975 0.0225940 0.0277975 0.0225940
51152 0.0000268 0.0000231 0.0373211 0.0322177 0.0373211 0.0322177 0.0373211 0.0322177
51154 0.0000143 0.0000125 0.0199556 0.0173633 0.0199556 0.0173633 0.0199556 0.0173633
51159 0.0001315 0.0001161 0.1830266 0.1615724 0.1830266 0.1615724 0.1830266 0.1615724
51160 0.0000653 0.0000584 0.0708372 0.0634128 0.0708372 0.0634128 0.0708372 0.0634128
51162 0.0000494 0.0000454 0.0408844 0.0375603 0.0408844 0.0375603 0.0408844 0.0375603
51163 0.0000132 0.0000122 0.0109194 0.0100653 0.0109194 0.0100653 0.0109194 0.0100653
51165 0.0000181 0.0000167 0.0149511 0.0138173 0.0149511 0.0138173 0.0149511 0.0138173
51166 0.0000141 0.0000131 0.0116844 0.0108165 0.0116844 0.0108165 0.0116844 0.0108165
51167 0.0000466 0.0000432 0.0385441 0.0357746 0.0385441 0.0357746 0.0385441 0.0357746
51171 0.0000465 0.0000381 0.0866352 0.0710919 0.0866352 0.0710919 0.0866352 0.0710919
51172 0.0000134 0.0000111 0.0249522 0.0207913 0.0249522 0.0207913 0.0249522 0.0207913
51175 0.0000414 0.0000353 0.0642634 0.0548185 0.0642634 0.0548185 0.0642634 0.0548185
51176 0.0000368 0.0000319 0.0504337 0.0436969 0.0504337 0.0436969 0.0504337 0.0436969
51177 0.0000124 0.0000108 0.0169717 0.0148004 0.0169717 0.0148004 0.0169717 0.0148004
51178 0.0000689 0.0000605 0.0865053 0.0759855 0.0865053 0.0759855 0.0865053 0.0759855
51179 0.0000354 0.0000316 0.0386111 0.0344438 0.0386111 0.0344438 0.0386111 0.0344438
51180 0.0000131 0.0000117 0.0139110 0.0124402 0.0139110 0.0124402 0.0139110 0.0124402
51181 0.0000538 0.0000483 0.0562884 0.0505211 0.0562884 0.0505211 0.0562884 0.0505211
51182 0.0000166 0.0000150 0.0164980 0.0148622 0.0164980 0.0148622 0.0164980 0.0148622
51183 0.0000167 0.0000151 0.0163889 0.0147850 0.0163889 0.0147850 0.0163889 0.0147850
51187 0.0000140 0.0000127 0.0135376 0.0122464 0.0135376 0.0122464 0.0135376 0.0122464
51188 0.0000300 0.0000272 0.0290146 0.0262914 0.0290146 0.0262914 0.0290146 0.0262914
51200 0.0000380 0.0000323 0.0625704 0.0532683 0.0625704 0.0532683 0.0625704 0.0532683
51201 0.0000494 0.0000432 0.0655011 0.0572174 0.0655011 0.0572174 0.0655011 0.0572174
51202 0.0000403 0.0000356 0.0534159 0.0471256 0.0534159 0.0471256 0.0534159 0.0471256
51206 0.0000745 0.0000664 0.0846735 0.0754539 0.0846735 0.0754539 0.0846735 0.0754539
51208 0.0000515 0.0000462 0.0585242 0.0525073 0.0585242 0.0525073 0.0585242 0.0525073
51209 0.0000685 0.0000618 0.0684915 0.0617716 0.0684915 0.0617716 0.0684915 0.0617716
51210 0.0000640 0.0000580 0.0610858 0.0553600 0.0610858 0.0553600 0.0610858 0.0553600
51211 0.0000728 0.0000663 0.0694178 0.0632328 0.0694178 0.0632328 0.0694178 0.0632328
51212 0.0001302 0.0001192 0.1129258 0.1033525 0.1129258 0.1033525 0.1129258 0.1033525
51213 0.0000176 0.0000162 0.0143595 0.0131850 0.0143595 0.0131850 0.0143595 0.0131850
51214 0.0000277 0.0000255 0.0225681 0.0207437 0.0225681 0.0207437 0.0225681 0.0207437
51215 0.0001055 0.0000972 0.0858779 0.0791407 0.0858779 0.0791407 0.0858779 0.0791407
51217 0.0000159 0.0000147 0.0121172 0.0111916 0.0121172 0.0111916 0.0121172 0.0111916
51220 0.0000469 0.0000381 0.0926525 0.0752862 0.0926525 0.0752862 0.0926525 0.0752862
51222 0.0000651 0.0000561 0.1008634 0.0869160 0.1008634 0.0869160 0.1008634 0.0869160
51225 0.0000293 0.0000260 0.0349925 0.0310432 0.0349925 0.0310432 0.0349925 0.0310432
51226 0.0000132 0.0000118 0.0144484 0.0128912 0.0144484 0.0128912 0.0144484 0.0128912
51228 0.0001121 0.0001013 0.1188122 0.1073841 0.1188122 0.1073841 0.1188122 0.1073841
51229 0.0000533 0.0000487 0.0471080 0.0430504 0.0471080 0.0430504 0.0471080 0.0430504
51230 0.0000380 0.0000350 0.0308785 0.0284010 0.0308785 0.0284010 0.0308785 0.0284010
51234 0.0001489 0.0001226 0.2997851 0.2467543 0.2997851 0.2467543 0.2997851 0.2467543
51236 0.0000447 0.0000389 0.0611046 0.0531928 0.0611046 0.0531928 0.0611046 0.0531928
51237 0.0000371 0.0000327 0.0455044 0.0401068 0.0455044 0.0401068 0.0455044 0.0401068
RN   Bit10Corr  Bit10UC   Bit18Corr  Bit18UC   Bit22Corr  Bit22UC (units pb^-1)

Totals: 0.06118 0.05497 44.93325 39.57953 44.92574 39.57306  pb^-1
(int) 0
