34330 111
34335 7
34336 6
34339 7
34340 7
34341 7
34342 7
34343 7
34344 7
34345 12
34346 28
34354 7
34355 7
34356 7
34357 7
34358 7
34359 7
34360 7
34361 7
34362 1
34363 12
34364 12
34365 12
34366 12
34369 1
34370 12
34371 56
34372 56
34373 56
34374 56
34375 1
34376 1
34378 1
34379 111
34380 111
34382 111
34383 111
34386 1
34387 1
34388 12
34389 12
34390 12
34391 1
34392 111
34393 111
34394 1
34395 1
34396 1
34399 12
34402 111
34403 111
34404 111
34405 111
34406 111
34408 111
34409 1
34410 1
34411 111
34412 111
34414 1
34415 1
34416 111
34417 1
34418 111
34419 111
34420 111
34421 111
34422 111
34423 111
34424 111
34426 28
34429 111
34430 111
34431 1
34432 111
34433 111
34434 1
34435 1
34436 1
34437 1
34438 1
34439 6
34442 111
34443 111
34444 111
34445 111
34446 111
34447 111
34448 111
34449 111
34450 1
34451 111
34452 111
34453 111
34454 1
34455 6
34456 111
34457 111
34458 111
34460 111
34461 111
34462 111
34463 111
34464 28
34465 111
34467 111
34468 111
34469 111
34470 111
34471 111
34472 111
34473 6
34477 111
34479 111
34480 111
34482 28
34483 1
34484 1
34485 28
34486 28
34487 111
34489 111
34492 6
34493 56
34494 56
34496 68
34499 74
34500 74
34503 74
34504 12
34505 12
34509 74
34510 74
34513 1
34514 1
34515 1
34517 74
34519 74
34521 74
34522 12
34523 6
34524 84
34525 84
34526 84
34527 84
34528 111
34529 111
34530 111
34531 111
34532 111
34533 111
34534 111
34535 111
34536 111
34537 1
34538 1
34539 1
34540 1
34541 1
34543 1
34544 1
34545 111
34547 111
34548 111
34549 111
34550 111
34551 111
34552 111
34553 111
34554 111
34555 111
34556 28
34557 111
34558 111
34566 111
34567 1
34568 111
34569 111
34570 1
34571 111
34572 111
34573 111
34574 111
34575 111
34576 111
34577 111
34578 111
34584 111
34585 111
34586 111
34587 111
34588 111
34589 111
34590 111
34591 111
34592 111
34593 111
34594 111
34595 111
34596 111
34597 111
34598 111
34599 111
34600 28
34601 111
34603 111
34606 111
34607 111
34608 111
34609 111
34610 111
34611 111
34612 111
34613 111
34614 111
34615 6
34616 28
34617 6
34618 111
34619 111
34620 111
34622 111
34623 6
34624 28
34625 111
34626 111
34627 111
34628 111
34629 111
34630 111
34634 111
34635 111
34636 56
34637 28
34638 28
34639 28
34641 28
34642 111
34644 111
34646 111
34647 111
34648 111
34649 111
34650 111
34651 111
34652 111
34653 111
34654 111
34655 111
34656 28
34657 28
34658 28
34659 28
34660 111
34662 111
34663 111
34664 111
34665 111
34667 111
34668 111
34671 56
34673 28
34674 28
34675 12
34678 28
34679 28
34680 28
34681 56
34682 111
34683 111
34684 111
34685 111
34686 6
34687 111
34688 111
34689 111
34690 111
34691 111
34692 111
34693 111
34694 111
34695 111
34696 111
34697 28
34698 28
34699 28
34700 111
34701 111
34702 111
34703 111
34706 111
34708 111
34712 111
34713 111
34714 111
34715 111
34716 111
34717 111
34718 111
34719 111
34720 111
34721 111
34722 111
34723 111
34724 111
34725 111
34726 111
34727 111
34728 111
34729 111
34732 111
34733 111
34734 111
34736 111
34737 111
34738 111
34740 6
34741 6
34742 111
34743 111
34744 111
34745 111
34747 111
34748 111
34750 111
34751 111
34752 28
34753 28
34754 28
34755 111
34756 111
34757 111
34758 111
34759 6
34760 111
34761 111
34762 111
34763 111
34764 111
34765 111
34766 111
34767 111
34768 111
34769 111
34770 111
34771 111
34774 56
34775 6
34776 56
34779 28
34780 12
34781 111
34782 111
34783 111
34784 111
34785 111
34786 111
34787 111
34788 111
34790 111
34794 111
34795 1
34796 111
34797 111
34798 111
34799 111
34800 111
34803 111
34804 111
34805 111
34806 111
34807 111
34809 111
34810 111
34812 6
34814 111
34815 111
34816 6
34818 111
34819 12
34820 12
34821 12
34822 12
34823 28
34824 28
34825 111
34826 111
34829 111
34830 111
34831 6
34832 111
34833 111
34834 111
34836 111
34837 111
34838 111
34839 111
34840 111
34841 6
34842 111
34843 111
34844 111
34845 111
34846 111
34847 111
34848 111
34849 111
34850 111
34851 111
34852 111
34853 111
34856 111
34859 111
34860 111
34862 111
34863 111
34866 111
34867 111
34868 111
34869 111
34870 111
34872 111
34873 111
34874 111
34875 111
34877 111
34878 111
34879 6
34880 111
34881 111
34884 111
34886 6
34887 111
34888 111
34889 6
34890 6
34891 1
34892 111
34895 12
34896 111
34897 28
34898 111
34899 111
34902 111
34905 111
34906 111
34907 6
34908 111
34909 111
34910 111
34911 111
34912 111
34913 111
34915 111
34916 111
34917 111
34918 111
34920 12
34921 111
34922 6
34925 111
34929 111
34930 111
34931 111
34933 111
34934 111
34935 111
34939 111
34940 1
34942 1
34946 111
34947 111
34948 111
34949 111
34950 111
34951 111
34953 111
34954 111
34955 111
34956 111
34958 111
34959 111
34960 111
34961 111
34962 12
34963 12
34964 12
34965 12
34966 12
34967 12
34968 111
34969 111
34970 111
34971 111
34972 111
34973 111
34974 111
34975 6
34977 6
34978 6
34979 111
34980 6
34981 111
34982 111
34983 111
34984 111
34986 111
34987 111
34990 6
34992 111
34993 111
34995 111
34996 111
34997 111
34999 111
35001 6
35002 56
35003 56
35004 111
35005 111
35006 111
35007 111
35008 111
35009 111
35010 111
35011 111
35012 111
35015 111
35016 111
35017 111
35018 111
35019 111
35020 6
35023 1
35024 111
35026 111
35027 111
35029 111
35030 111
35031 111
35032 111
35033 28
35035 111
35036 111
35037 111
35038 111
35039 111
35040 111
35041 111
35042 111
35043 6
35044 111
35046 111
35047 111
35048 111
35050 111
35051 6
35052 111
35053 111
35055 111
35056 111
35057 28
35059 6
35061 12
35062 111
35063 111
35064 111
35065 111
35066 111
35067 111
35068 111
35071 111
35072 111
35073 111
35075 111
35078 111
35079 111
35080 111
35081 111
35082 6
35083 111
35084 111
35085 111
35086 111
35089 111
35090 111
35091 111
35092 111
35093 111
35094 111
35095 111
35096 111
35097 111
35098 111
35099 111
35100 111
35101 111
35102 111
35104 111
35105 111
35106 56
35109 28
35112 12
35115 111
35116 111
35117 111
35118 111
35119 111
35120 111
35121 111
35122 111
35123 111
35124 111
35125 111
35127 111
35128 111
35129 111
35130 111
35131 111
35132 111
35133 111
35134 111
35136 6
35139 12
35140 12
35141 111
35143 111
35144 111
35145 6
35147 111
35148 111
35149 111
35150 111
35151 111
35152 111
35153 111
35154 111
35155 111
35160 1
35164 1
35165 12
35166 7
35167 12
35168 12
35169 12
35170 12
35171 12
35175 12
35177 12
35178 12
35182 12
35183 12
35185 56
35186 111
35187 111
35188 6
35189 56
35190 111
35191 111
35192 56
35193 56
35194 56
35195 111
35196 111
35197 56
35199 56
35201 56
35202 12
35203 56
35211 56
35212 111
35213 111
35215 111
35216 111
35219 111
35220 1
35221 6
35222 111
35226 1
35231 12
35232 12
35233 1
35234 111
35235 111
35236 12
35237 12
35238 1
35239 111
35240 111
35241 12
35242 1
35243 1
35244 12
35245 111
35246 111
35247 111
35248 111
35249 111
35250 111
35251 12
35252 56
35253 56
35254 12
35255 56
35256 56
35257 12
35258 12
35259 111
35260 111
35261 111
35262 111
35264 111
35265 111
35266 111
35267 111
35268 111
35269 111
35270 111
35271 111
