66482
66483
66484
66485
66489
66490
66491
66519
66520
66521
66522
66524
66530
66538
66541
66550
66551
66552
66553
66554
66555
66556
66557
66558
66559
66560
66561
66562
66563
66564
66565
66566
66567
66576
66577
66578
66579
66580
66581
66582
66583
66584
66585
66586
66587
66588
66589
66590
66591
66592
66593
66594
66595
66598
66599
66600
66601
66602
66603
66604
66605
66606
66607
66608
66609
66610
66611
66612
66613
66614
66615
66616
66617
66618
66620
66621
66622
66623
66624
66625
66636
66639
66641
66642
66643
66644
66682
66683
66685
66686
66687
66688
66694
66698
66701
66705
66717
66721
66722
66723
66724
66725
66726
66727
66728
66731
66737
66739
66740
66741
66742
66743
66744
66745
66746
66747
66748
66749
67507
67508
67510
67511
67512
67513
67519
67520
67521
67522
67523
67524
67525
67526
67527
67528
67529
67530
67531
67532
67533
67535
67536
67537
67538
67539
67540
67541
67551
67562
67568
67569
67570
67571
67573
67574
67579
67580
67581
67583
67584
67585
67586
67587
67596
67597
67598
67599
67600
67601
67602
67629
67630
67631
67633
67634
67645
67660
67676
67677
67678
67679
67681
67683
67684
67686
67687
67688
67689
67690
67692
67694
67695
67696
67697
67699
67701
67705
67706
67708
67709
67715
67716
67717
67718
67720
67721
67722
67723
67724
67726
67731
67738
67739
67740
67742
67743
67745
67746
67747
67748
67749
67750
67759
67760
67765
67766
67770
67772
67777
67778
67779
67780
67781
67782
67784
67785
67786
67788
67789
67790
67794
67929
67930
67931
67932
67933
67934
67935
67936
67938
67939
67941
67942
67943
67947
67948
67949
67950
67951
67952
67953
67954
67956
67957
67958
67959
67960
67961
67962
67963
67985
67986
67988
67989
67991
67995
68000
68001
68002
68003
68004
68005
68006
68011
68018
68023
68024
68025
68026
68027
68028
68029
68040
68041
68042
68043
68044
68045
68046
68047
68048
68049
68050
68051
68052
68053
68054
68083
68084
68085
68086
68087
68088
68089
68090
68094
68095
68097
68099
68100
68101
68102
68103
68104
68105
68106
68107
68112
68113
68114
68117
68118
68119
68124
68125
68126
68128
68129
68130
68131
68132
68133
68134
68135
68136
68137
68143
68144
68145
68146
68148
68149
68151
68152
68153
68154
68155
68156
68157
68159
68160
68161
68177
68178
68179
68180
68181
68186
68207
68208
68209
68210
68211
68212
68214
68215
68216
68218
68219
68220
68223
68224
68225
68261
68262
68320
68321
68326
68327
68328
68330
68333
68335
68336
68337
68338
68339
68343
68344
68345
68346
68347
68348
68349
68350
68351
68352
68353
68354
68355
68356
68362
68368
68369
68376
68378
68382
68386
68387
68388
68389
68390
68391
68392
68402
68403
68404
68405
68406
68407
68408
68409
68410
68414
68415
68416
68417
68418
68419
68420
68421
68423
68424
68436
68437
68438
68439
68440
68442
68443
68444
68445
68453
68454
68455
68456
68462
68463
68468
68469
68470
68471
68487
68488
68489
68490
68491
68492
68493
68494
68497
68502
68503
68504
68505
68506
68507
68508
68509
68510
68511
68517
68518
68519
68520
68521
68522
68523
68529
68545
68546
68547
68549
68550
68551
68552
68553
68572
68573
68579
68580
68581
68584
68585
68588
68589
68590
68591
68603
68604
68605
68606
68607
68608
68610
68611
68612
68613
68614
68615
68616
68617
68618
68626
68627
68628
68629
68630
68631
68632
68633
68653
68654
68655
68656
68657
68658
68659
68713
68714
68715
68726
68727
68728
68729
68730
68731
68732
68741
68742
68743
68744
68745
68746
68747
68748
68749
68750
68872
68883
68884
68885
68886
68887
68888
68889
68890
68891
68892
68893
68899
68900
68903
68904
68905
68906
68907
68918
68926
68927
68928
68929
68930
68943
68945
68946
68948
68953
68954
68955
68956
68957
68963
68964
68968
68969
68970
68971
68972
68973
68974
68975
68976
68978
68979
68980
68983
68984
68986
68987
68988
68991
68992
68993
68996
68999
69000
69001
69002
69003
69004
69006
69007
69008
69072
