66567
66580
66592
66593
66623
66624
66625
66641
66682
66685
66705
66717
66722
66724
66727
66731
66737
66739
66740
66741
66742
66743
66744
66745
67514
67519
67525
67526
67533
67535
67537
67538
67540
67541
67551
67562
67568
67570
67574
67580
67583
67585
67586
67587
67596
67598
67599
67600
67601
67602
67633
67634
67645
67660
67676
67677
67678
67679
67683
67686
67688
67689
67695
67696
67697
67699
67701
67717
67726
67738
67740
67742
67743
67745
67746
67747
67748
67749
67750
67759
67770
67772
67777
67778
67779
67780
67781
67782
67784
67785
67786
67788
67794
67929
67930
67932
67933
67934
67936
67938
67939
67942
67943
67947
67948
67949
67951
67952
67954
67956
67959
67960
67961
67962
67963
68002
68005
68006
68011
68018
68023
68024
68025
68026
68027
68028
68042
68043
68044
68045
68046
68047
68048
68050
68051
68052
68053
68085
68086
68087
68089
68090
68099
68100
68102
68103
68104
68106
68107
68109
68110
68112
68113
68114
68117
68118
68119
68124
68129
68130
68131
68134
68135
68136
68137
68143
68144
68145
68146
68148
68149
68152
68154
68155
68156
68157
68159
68160
68177
68178
68179
68180
68186
68207
68208
68209
68210
68211
68212
68214
68215
68216
68218
68220
68223
68224
68261
68346
68347
68348
68352
68353
68354
68355
68362
68369
68376
68382
68386
68388
68389
68390
68391
68392
68402
68403
68405
68406
68407
68408
68409
68410
68414
68415
68417
68420
68421
68423
68424
68436
68439
68462
68463
68470
68487
68488
68490
68491
68492
68493
68494
68502
68503
68504
68505
68506
68507
68508
68509
68510
68511
68519
68520
68521
68522
68523
68531
68532
68533
68534
68535
68536
68538
68550
68572
68573
68579
68580
68581
68584
68589
68591
68604
68606
68608
68610
68612
68618
68626
68627
68629
68631
68632
68633
68715
68726
68727
68729
68730
68732
68742
68743
68744
68745
68746
68748
68749
68750
68883
68884
68885
68886
68887
68889
68893
68899
68900
68903
68904
68905
68906
68907
68918
68926
68927
68928
68929
68930
68943
68945
68946
68948
68953
68954
68957
68963
68968
68969
68970
68973
68974
68975
68976
68979
68983
68987
68991
68992
68993
68996
68999
69000
69001
69002
69003
69004
69006
69007
69008
69009
69010
69011
69014
69016
69017
69018
69019
69020
69021
69022
69023
69028
69031
69032
69033
69034
69035
69036
69038
69039
69041
69043
69046
69047
69048
69049
69050
69051
69052
69070
69072
69073
69074
69075
69076
69077
69078
69096
69097
69098
69099
69100
69101
69102
69105
69106
69128
69129
69130
69131
69135
69136
69137
69144
69148
69150
69151
69153
69197
69260
69273
69274
69275
69276
69277
69279
69280
69282
69283
69284
69285
69289
69302
69303
69304
69305
69306
69309
69310
69311
69312
69313
69316
69318
69319
69320
69323
69324
69326
69328
69329
69330
69331
69332
69339
69340
69342
69387
69396
69398
69404
69422
69423
69424
69433
69797
69805
69806
69811
69812
69813
69814
69815
69820
69822
69823
69824
69825
71199
71200
71202
71208
71209
71210
71211
71212
71213
71214
71215
71219
71220
71221
71224
71225
71226
71249
71252
71253
71254
71256
71260
71263
71266
71267
71268
71269
71270
71276
71278
71279
71309
71310
71312
71313
71314
71315
71328
71329
71331
71332
71335
71336
71337
71338
71339
71345
71346
71347
71348
71349
71350
71351
71352
71360
71362
71363
71364
71365
71366
71367
71368
71369
71370
71371
71378
71379
71380
71389
71390
71391
71392
71393
71394
71395
71403
71404
71405
71406
71407
71409
71415
71416
71417
71418
71419
71420
71437
71438
71439
71440
71441
71442
71444
71455
71456
71457
71459
71460
71461
71467
71469
71801
71812
71813
71814
71815
71816
71817
71818
71825
71827
71828
71829
71830
71832
71833
71835
71841
71844
71846
71851
71852
71853
71860
71862
71865
71897
71898
71899
71900
71903
71905
71906
71939
71940
71941
71942
71943
71944
71945
71952
71953
71954
71955
71957
71958
71964
71971
71972
71973
71974
71985
71986
71987
71988
71989
71990
71997
71999
72000
72001
72002
72003
72019
72020
72021
72022
72036
72037
72038
72039
72041
72042
72043
72050
72051
72052
72053
72056
72058
72059
72060
72069
72070
72082
72085
72086
72087
72088
72089
72090
72091
72097
72098
72099
72100
72101
72103
72112
72120
72121
72122
72123
72127
72133
72134
72135
72136
72137
72138
72139
72140
72141
72145
72146
72147
72148
72149
72151
72152
72153
72154
72164
72165
72166
72167
72168
72169
72170
72171
72172
72179
72180
72181
72199
72200
72206
72207
72208
72209
72210
72212
72218
72220
72222
72223
72224
72225
72227
72235
72236
72237
72238
72239
72240
72241
72272
72273
72274
72277
72278
72279
72280
72281
72282
72284
72285
72286
72292
72299
72300
72301
72302
72303
72309
72310
72311
72312
72313
72314
72316
72368
72369
72370
72371
72372
72373
72374
72383
72384
72386
72387
72388
72389
72390
72391
72392
72399
72400
72401
72404
72406
72408
72409
72410
72411
72418
72419
72420
72421
72422
72423
72425
72426
72427
72434
72435
72438
72439
72440
72441
72442
72443
72444
72445
72446
72461
72462
72463
72464
72465
72466
72467
72473
72478
72479
72480
72488
72490
72491
72492
72493
72494
72496
72497
72504
72505
72506
72507
72508
72509
72510
72512
72522
72524
72525
72526
72528
72529
72532
72533
72534
72535
72546
72547
72548
72550
72551
72552
72553
72567
72569
72570
72571
72573
72574
72575
72576
72577
72580
72581
72582
72589
72590
72591
72592
72593
72601
72602
72603
72604
72605
72606
72607
72621
72622
72623
72624
72625
72627
72628
72629
72630
72637
72638
72639
72640
72641
72642
72643
72644
72653
72655
72664
72665
72669
72677
72678
72691
72692
72694
72696
72697
72698
72699
72709
72710
72712
72713
72714
72721
72722
72723
72724
72725
72726
72764
72769
72772
72773
72774
72775
72776
72794
72796
72797
72823
72824
72829
72830
72831
72838
72839
72840
72861
72862
72863
72864
72865
72866
72867
72868
72869
72870
72878
72884
72885
72888
72889
72890
72891
72892
72894
72895
72907
72908
72909
72910
72911
72912
72913
72919
72921
72923
72924
72926
72927
72934
72935
72936
72937
72939
72942
72949
72950
72951
72952
72954
72955
72961
72964
72965
72966
72967
72968
72969
72972
72973
72974
72975
72976
72977
72978
72985
72986
72988
72989
72990
72991
72993
72994
72995
73001
73002
73003
73004
73005
73038
73040
73041
73042
73043
73052
73054
73055
73056
73057
73058
73059
73060
73061
73816
73839
73912
73913
73921
73924
73925
73963
74126
74127
74128
74131
74149
74150
74151
74155
74156
74157
74188
74191
74192
74193
74204
74205
74206
74207
74208
74209
74228
74230
74231
74233
74234
74243
74306
74331
74338
74347
74355
74360
74365
74366
74372
74375
74376
74377
74378
74384
74385
74386
74387
74388
74389
74390
74394
74395
74396
74397
74398
74399
74400
74401
74409
74410
74411
74412
74413
74414
74416
74417
74432
74436
74438
74441
74442
74443
74444
74445
74446
74447
74448
74449
74450
74451
74467
74468
74469
74470
74471
74472
74474
74482
74484
74488
74489
74490
74491
74492
74493
74502
74503
74504
74505
74506
74507
74509
74510
74517
74518
74519
74522
74523
74524
74531
74536
74537
74538
74539
74540
74548
74550
74551
74552
74553
74554
74555
74564
74567
74568
74569
74570
74571
74572
75141
75142
75143
75144
75162
75163
75164
75165
75166
75168
75170
75183
75184
75185
75186
75188
75189
75218
75220
75221
75222
75223
75224
75225
75238
75239
75240
75241
75242
75243
75244
75245
75246
75247
75254
75256
75268
75279
75299
75302
75303
75316
75321
75335
75342
75358
75360
75362
75363
75364
75365
75373
75376
75377
75378
75379
75380
75381
75390
75391
75392
75393
75394
75395
75403
75405
75406
75407
75408
75409
75421
75426
75427
75428
75430
75431
75432
75433
75442
75443
75444
75445
75449
75450
75451
75460
75461
75462
75464
75469
75476
75477
75478
75479
75480
75481
75491
75492
75493
75494
75495
75496
75497
75504
75505
75507
75508
75509
75510
75511
75519
75520
75521
75522
75523
75524
75525
75526
75533
75534
75535
75536
75537
75538
75546
75548
75549
75551
75552
75579
75580
75581
75606
75607
75608
75626
75627
75641
75642
75643
75644
75645
75658
75659
75660
75662
75663
75664
75671
75688
75689
75690
75691
75692
75693
75694
75703
75706
75714
75715
75717
75718
75719
75726
75728
75730
75741
75742
75757
75758
75759
75767
75768
75770
75773
75775
75776
75788
75809
75810
75811
75812
75813
75842
75844
75845
75864
75865
75866
75867
75868
75869
75880
75881
75882
75883
75884
75885
75886
75887
75889
75902
75905
75909
75910
75911
75912
75914
75915
75916
76001
76002
76004
76007
76008
76015
76016
76017
76019
76020
76021
76022
76042
76044
76046
76047
76048
76049
76055
76057
76058
76071
76073
76079
76093
76096
76117
76124
76125
76126
76129
76130
76141
76143
76150
76154
76205
76268
76269
76271
76280
76281
76286
76325
76332
76333
76334
76344
76345
76346
76347
76348
76452
76469
76470
76473
76474
76475
76476
76477
76486
76487
76488
76492
76527
76531
76541
76554
76555
76559
76560
76561
76562
76570
76576
76577
76579
76581
76584
76628
76631
76665
76682
76683
76684
76692
76697
76700
76701
76736
76737
76747
76786
76802
76826
76869
76870
76871
76892
76893
76894
76895
76896
76897
76905
76906
76913
76914
76915
76939
76963
76975
76978
76979
76980
76981
76984
76998
76999
77000
77001
77004
77005
77010
77011
77012
77023
77026
77027
77028
77038
77039
77041
77045
77046
77047
77048
77049
77062
77064
77065
77067
77069
77070
77082
77083
77084
77085
77086
77087
77088
77099
77101
77102
77103
77143
77144
77145
77146
77160
77161
77164
77165
77167
77168
77176
77177
77181
77182
77183
77184
77185
77193
77195
77197
77198
77200
77201
77202
77213
77214
77218
77223
77224
77225
77227
77228
77238
77241
77242
77243
77244
77245
77260
77261
77264
77265
77318
77320
77321
77322
77323
77324
77325
77326
77327
77338
77339
77340
77342
77343
77344
77362
77363
77364
77366
77367
77368
77369
77370
77380
77382
77383
77385
77386
77388
77389
77390
77401
77402
77403
77404
77406
77407
77419
77421
77422
77424
77425
77426
77427
77428
77434
77435
77436
77437
77438
77443
77444
77461
77462
77463
77464
77465
77473
77474
77475
77476
77481
77484
77485
77488
77494
77514
77515
77516
77517
77521
77522
77523
77524
77549
77550
77551
77553
77554
77555
77556
77563
77565
77566
77568
77569
77570
77571
77576
77577
77578
77581
77582
77584
77585
77586
77594
77601
77602
77603
77604
77605
77606
77614
77615
77616
77617
77618
77619
77620
77621
77633
77634
77658
77659
77660
77661
77662
77663
77664
77680
77683
77684
77688
77690
77691
77698
77699
77701
77704
77705
77753
77754
77755
77756
77759
77762
77763
77764
77766
77778
77779
77780
77781
77783
77795
77797
77798
77814
77815
77824
77835
77854
77863
77864
77865
77866
77867
77873
77874
77883
77884
77885
77886
77887
77889
77900
77902
77903
77905
77906
77908
77909
77910
77918
77919
77921
77922
77923
77924
77931
77932
77933
77934
77935
77937
77938
77939
77942
77947
77949
77950
77951
77952
77953
77954
77957
77958
77965
77966
77967
77974
77981
77990
77991
77992
77995
77996
78006
78007
78014
78015
78016
78017
78018
78019
78020
78029
78030
78032
78033
78034
78035
78036
78048
78049
78050
78054
78055
78056
78066
78067
78069
78071
78072
78073
78074
78082
78083
78085
78086
78087
78089
78202
78206
78207
78209
78210
78211
78218
78219
78220
78221
78222
78223
78224
78225
78226
78227
78228
78229
78238
78239
78240
78248
78249
78250
78251
78252
78254
78261
78263
78264
78265
78266
78267
78268
78280
78281
78282
78285
78288
78289
78290
78292
78293
78294
78295
78305
78306
78307
78308
78309
78310
78317
78318
78319
78322
78323
78326
78327
78328
78337
78339
78342
78343
78345
78346
78347
78348
78349
78358
78359
78360
78361
78362
78363
78364
78365
78374
78375
78376
78377
78378
78380
78387
78389
78390
78395
78398
78400
78403
78404
78405
78406
78407
78408
78418
78419
78420
78421
78423
78425
78427
78428
78437
78438
78442
78443
78444
78445
78446
78447
78462
78463
78465
78467
78470
78471
78480
78485
78486
78487
78488
78489
78490
78491
78492
78502
78503
78504
78505
78507
78508
78509
78510
78522
78523
78524
78525
78526
78527
78536
78537
78538
78543
78544
78545
78547
78555
78556
78558
78559
78568
78571
78572
78579
78580
78583
78584
78585
78586
78587
78597
78602
78603
78604
78615
78616
78617
78643
78645
78646
78647
78648
78649
78660
78662
78682
78683
78686
78689
78700
78708
78709
78710
78729
78732
78733
78735
78736
78737
78739
78740
78747
78749
78750
78751
78754
78758
78778
78780
78783
78784
78803
78813
78814
78818
78819
78820
78836
78838
78839
78840
78842
78843
78845
78858
78860
78863
78864
78865
78867
78868
78880
78881
78883
78884
78885
78886
78894
78895
78896
78897
78900
78901
78903
78916
78917
78918
78920
78921
78923
78924
78941
78942
78944
78950
78951
78952
78953
78954
