66512
66519
66520
66521
66522
66524
66530
66538
66541
66549
66550
66551
66552
66553
66554
66555
66556
66558
66559
66561
66562
66563
66567
66576
66577
66578
66579
66581
66582
66583
66584
66586
66587
66588
66589
66590
66591
66592
66593
66594
66595
66599
66600
66601
66602
66603
66604
66605
66606
66607
66608
66609
66610
66611
66612
66613
66614
66615
66616
66617
66618
66620
66621
66622
66623
66624
66625
66636
66639
66641
66642
66643
66644
66682
66683
66684
66685
66686
66687
66688
66692
66694
66698
66701
66705
66717
66721
66722
66723
66724
66725
66726
66727
66728
66730
66731
66737
66739
66740
66741
66742
66743
66744
66745
66746
66747
66748
