41935
41936
41974
41975
41976
41977
41978
41979
41980
41981
41982
41983
41984
41985
41986
41987
41988
41989
41990
41991
41992
42012
42013
42014
42015
42019
42020
42022
42023
42024
42025
42026
42027
42029
42030
42031
42032
42037
42038
42040
42041
42042
42043
42044
42045
42046
42049
42050
42051
42052
42053
42054
42055
42056
42065
42068
42069
42070
42071
42072
42073
42074
42075
42079
42080
42081
42082
42083
42086
42087
42088
42090
42091
42098
42101
42102
42103
42118
42119
42120
42122
42123
42136
42137
42140
42141
42142
42144
42146
42147
42148
42149
42150
42157
42158
42159
42160
42161
42162
42163
42165
42166
42168
42169
42170
42171
42172
42173
42174
42177
42178
42179
42180
42181
42182
42183
42184
42185
42186
42187
42189
42192
42193
42194
42198
42199
42200
42201
42202
42203
42207
42210
42211
42212
42213
42214
42215
42218
42219
42226
42228
42230
42286
42289
42291
42297
42302
42307
42325
42362
42378
42382
42394
42396
42400
42401
42402
42404
42407
42411
42412
42413
42414
42415
42416
42417
42418
42419
42420
42421
42422
42423
42424
42425
42498
42514
42515
42516
42517
42518
42519
42520
42521
42522
42524
42532
42535
42536
42538
42548
42549
42550
42551
42553
42555
42557
42572
42573
42574
42576
42577
42578
42579
42580
42581
42582
42583
42584
42585
42586
42723
42724
42725
42727
42728
42729
42730
42731
42732
42733
42734
42735
42736
42737
42738
42740
42741
42743
42744
42746
42747
42749
42750
42751
42753
42754
42774
42775
42776
42777
42778
42779
42780
42781
42782
42783
42784
42785
42786
42787
42788
42789
42793
42794
42795
42796
42797
42831
42832
42833
42834
42836
42861
42872
42874
42878
42887
42891
42893
42898
42903
42904
42906
42909
42910
42912
42921
42924
42929
42936
42937
42938
42939
42940
42941
42942
42943
42944
42951
42952
42953
42954
42988
42989
42991
42993
42994
42996
42997
42999
43000
43003
43005
43007
43015
43016
43018
43021
43027
43055
43077
43078
43079
43080
43081
43110
43111
43112
43114
43116
43117
43118
43119
43120
43122
43123
43124
43125
43126
43127
43128
43129
43130
43132
43133
43134
43136
43138
43140
43142
43143
43145
43146
43147
43149
43151
43155
43157
43161
43163
43164
43166
43167
43170
43173
43174
43175
43176
43181
43182
43184
43186
43187
43197
43200
43201
43207
43211
43220
43226
43263
43265
43266
43267
43268
43269
43270
43271
43272
43273
43274
43275
43277
43279
43281
43284
43286
43287
43289
43290
43292
43295
43300
43302
43306
43309
43312
43386
43387
43388
43389
43390
43392
43395
43397
43399
43401
43403
43404
43405
43406
43407
43409
43411
43416
43418
43419
43422
43423
43424
43425
43427
43429
43430
43432
43433
43435
43437
43444
43449
43451
43453
43457
43512
43513
43514
43515
43516
43517
43518
43519
43520
43521
43522
43523
43524
43525
43526
43527
43528
43529
43530
43531
43532
43533
43534
43535
43536
43537
43538
43539
43540
43541
43542
43543
43544
43545
43546
43547
43548
43549
43550
43551
43552
43553
43554
43555
43556
43557
43558
43559
43560
43561
43562
43563
43564
43565
43566
43567
43568
43569
43570
43571
43572
43573
43574
43578
43579
43580
43605
43606
43607
43608
43615
43616
43617
43624
43625
43626
43627
43628
43630
43631
43632
43633
43634
43635
43636
43637
43638
43639
43640
43641
43642
43643
43644
43645
43646
43647
43648
43649
43650
43651
43652
43653
43654
43655
43656
43657
43658
43659
43660
43661
43662
43663
43664
43665
43666
43667
43668
43669
43670
43671
43672
43673
43674
43675
43676
43677
43678
43679
43680
43681
43682
43683
43684
43685
43686
43687
43711
43712
43713
43714
43715
43716
43718
43732
43733
43734
43735
43736
43737
43738
43739
43740
43741
43742
43744
43749
43752
43753
43754
43757
43758
43759
43765
43769
43771
43773
43778
43780
43786
43787
43788
43789
43790
43791
43792
43793
43794
43795
43796
43797
43798
43799
43800
43801
43802
43803
43804
43805
43806
43807
43808
43809
43810
43811
43813
43814
43815
43816
43817
43818
43837
43838
43840
43841
43842
43847
43852
43853
43855
43856
43857
43858
43859
43860
43861
43862
43863
43864
43865
43866
43867
43868
43869
43870
43871
43872
43874
43875
43876
43878
43879
43880
43881
43882
43883
43884
43885
43886
43887
43888
43889
43892
43893
43894
43895
43896
43897
43898
43899
43900
43901
43902
43903
43904
43905
43906
43907
43908
43909
43910
43911
43913
43958
43959
43960
43961
43962
43963
43964
43965
43966
43971
43972
43973
43974
43975
43976
43977
43978
43979
43980
43981
43982
43983
43984
43985
43986
43987
43988
43989
43990
43993
43994
43995
43996
43997
43998
43999
44000
44001
44002
44003
44004
44005
44006
44007
44008
44009
44034
44035
44036
44037
44038
44039
44040
44041
44042
44043
44044
44045
44046
44047
44052
44053
44054
44055
44056
44057
44058
44059
44060
44061
44062
44063
44064
44065
44066
44067
44068
44069
44070
44071
44072
44073
44074
44075
44076
44077
44078
44079
44080
44081
44082
44083
44084
44085
44089
44091
44093
44094
44095
44097
44112
44113
44114
44115
44117
44118
44131
44132
44133
44134
44135
44136
44137
44138
44139
44140
44195
44197
44198
44200
44201
44202
44203
44206
44207
44208
44209
44211
44212
44213
44214
44215
44216
44217
44218
44219
44220
44221
44222
44223
44224
44226
44227
44228
44229
44230
44231
44232
44233
44234
44235
44236
44237
44238
44239
44261
44262
44264
44265
44269
44274
44277
44278
44279
44280
44281
44282
44283
44284
44285
44286
44287
44288
44289
44290
44291
44292
44293
44294
44295
44296
44297
44298
44299
44300
44312
44357
44358
44359
44360
44361
44362
44363
44364
44365
44366
44367
44368
44369
44370
44371
44372
44373
44374
44375
44376
44377
44378
44379
44380
44381
44382
44393
44394
44395
44396
44397
44398
44399
44400
44401
44402
44403
44404
44405
44406
44407
44408
44409
44410
44411
44412
44413
44414
44415
44416
44417
44418
44419
44420
44421
44422
44423
44424
44425
44426
44428
44431
44432
44433
44434
44435
44442
44443
44445
44446
44447
44448
44449
44450
44451
44477
44478
44479
44480
44482
44483
44484
44485
44486
44494
44495
44498
44499
44500
44501
44502
44503
44504
44505
44506
44507
44508
44509
44510
44511
44512
44513
44514
44515
44516
44517
44518
44519
44520
44521
44522
44523
44524
44525
44526
44527
44528
44529
44530
44531
44532
44533
44534
44535
44537
44543
44544
44549
44550
44561
44562
44581
44582
44589
44590
44591
44592
44593
44594
44595
44597
44598
44599
44600
44601
44602
44603
44604
44605
44606
44607
44608
44609
44610
44611
44612
44613
44614
44615
44616
44617
44618
44619
44620
44621
44622
44623
44624
44625
44626
44627
44628
44629
44630
44631
44632
44633
44634
44635
44636
44637
44638
44639
44641
44642
44643
44644
44645
44646
44647
44648
44667
44668
44669
44670
44671
44672
44673
44674
44676
44678
44679
44680
44681
44682
44683
44684
44685
44686
44687
44688
44689
44690
44691
44694
44695
44696
44698
44699
44700
44701
44702
44703
44704
44705
44706
44707
44708
44709
44710
44711
44712
44713
44714
44715
44716
44717
44718
45026
45027
45028
45029
45030
45031
45032
45033
45034
45035
45036
45037
45038
45039
45040
45041
45042
45043
45044
45045
45046
45047
45048
45049
45050
45051
45052
45085
45087
45088
45089
45090
45091
45100
45102
45103
45104
45105
45106
45107
45110
45139
45142
45146
45147
45148
45149
45150
45151
45152
45153
45154
45155
45156
45157
45158
45159
45160
45161
45162
45163
45164
45165
45166
45167
45168
45169
45170
45171
45172
45173
45174
45175
45176
45177
45178
45179
45180
45181
45183
45184
45185
45186
45187
45188
45189
45190
45191
45195
45196
45197
45198
45199
45200
45201
45202
45203
45204
45205
45207
45209
45211
45212
45213
45214
45215
45216
45218
45221
45223
45235
45236
45237
45238
45239
45240
45241
45242
45243
45244
45245
45246
45247
45248
45249
45250
45251
45252
45253
45254
45255
45256
45257
45258
45259
45260
45263
45272
45273
45274
45276
45278
45279
45284
45288
45289
45290
45291
45292
45293
45294
45295
45296
45297
45298
45299
45300
45301
45302
45303
45304
45305
45309
45310
45311
45312
45313
45314
45315
45316
45317
45318
45319
45320
45321
45322
45323
45324
45325
45381
45382
45383
45384
45385
45387
45388
45389
45390
45391
45392
45393
45394
45395
45396
45397
45398
45399
45400
45401
45402
45409
45410
45411
45412
45413
45414
45435
45436
45437
45438
45439
45440
45441
45442
45443
45444
45445
45446
45456
45458
45461
45469
45473
45474
45475
45476
45477
45479
45484
45485
45486
45487
45488
45489
45490
45491
45492
45493
45494
45495
45523
45526
45527
45528
45529
45530
45531
45532
45533
45534
45535
45536
45537
45538
45539
45540
45541
45542
45543
45544
45545
45546
45547
45548
45549
45550
45551
45552
45556
45557
45558
45559
45560
45561
45618
45619
45620
45621
45622
45623
45624
45625
45626
45627
45628
45629
45630
45631
45632
45633
45634
45637
45638
45639
45640
45641
45642
45643
45644
45645
45694
45695
45696
45697
45698
45699
45700
45707
45708
45709
45710
45711
45712
45720
45721
45723
45724
45726
45727
45728
45729
45731
45732
45733
45734
45735
45736
45737
45740
45743
45745
45747
45749
45750
45807
45808
45809
45812
45813
45815
45816
45817
45818
45819
45820
45821
45822
45823
45824
45825
45826
45827
45828
45830
45831
45832
45833
45834
45835
45836
45837
45838
45839
45840
45841
45842
45849
45850
45851
45852
45853
45854
45855
45856
45857
45858
45859
45860
45861
45868
45869
45870
45871
45872
45873
45874
45875
45876
45877
45878
45879
45880
45881
45882
45883
45884
45885
45886
45888
45889
45890
45891
45892
45931
45936
45937
45938
45939
45940
45941
46006
46007
46008
46009
46010
46011
46012
46013
46014
46015
46016
46017
46018
46019
46020
46021
46022
46023
46025
46026
46028
46029
46030
46033
46034
46036
46037
46039
46040
46041
46042
46043
46044
46045
46046
46047
46048
46049
46050
46051
46052
46053
46054
46065
46066
46067
46068
46069
46070
46076
46080
46086
46090
46102
46103
46104
46105
46106
46107
46108
46109
46110
46111
46112
46113
46114
46115
46116
46119
46120
46121
46122
46123
46124
46125
46126
46127
46128
46129
46130
46131
46132
46133
46134
46135
46136
46137
46424
46425
46426
46427
46428
46429
46430
46431
46432
46433
46434
46435
46436
46437
46438
46439
46446
46447
46448
46449
46450
46451
46452
46453
46454
46455
46456
46457
46460
46461
46462
46463
46464
46465
46466
46467
46468
46469
46470
46471
46472
46473
46474
46475
46476
46477
46479
46480
46481
46483
46484
46489
46490
46491
46504
46505
46506
46507
46508
46509
46510
46511
46512
46513
46514
46515
46516
46517
46518
46519
46520
46521
46522
46523
46524
46525
46526
46527
46528
46529
46530
46531
46534
46535
46536
46537
46538
46539
46540
46541
46543
46544
46545
46546
46552
46553
46554
46555
46556
46557
46558
46559
46560
46561
46562
46563
46564
46565
46566
46567
46568
46569
46574
46575
46576
46577
46578
46579
46580
46581
46582
46585
46586
46587
46588
46589
46590
46591
46592
46593
46594
46595
46596
46597
46598
46599
46600
46601
46602
46603
46604
46605
46606
46607
46619
46620
46621
46622
46623
46624
46630
46631
46635
46638
46639
46640
46641
46642
46644
46645
46646
46647
46649
46653
46654
46655
46656
46657
46658
46659
46660
46661
46662
46663
46664
46665
46666
46667
46668
46669
46670
46671
46672
46673
46674
46675
46676
46677
46678
46679
46680
46681
46682
46683
46693
46694
46695
46696
46697
46699
46700
46702
46704
46706
46720
46721
46723
46724
46725
46726
46727
46728
46729
46730
46731
46732
46733
46734
46735
46736
46737
46738
46750
46751
46752
46753
46754
46755
46756
46757
46758
46759
46760
46761
46767
46768
46769
46770
46771
46772
46774
46775
46778
46779
46780
46781
46782
46816
46830
46832
46880
46882
46900
46901
46905
46911
46912
46913
46914
46915
46916
46917
46918
46919
46920
46922
46924
46929
46930
46933
46938
46939
46941
46942
46943
46944
46945
46946
46947
46948
46949
46950
46951
46952
46965
46966
46967
46968
46969
46970
46975
46976
46977
46978
46979
46980
46981
46982
46983
46984
46985
46986
46987
47002
47003
47004
47005
47006
47007
47008
47009
47010
47011
47012
47013
47014
47015
47016
47017
47018
47019
47020
47021
47022
47032
47033
47034
47035
47036
47037
47038
47039
47040
47041
47042
47043
47050
47051
47052
47053
47054
47055
47056
47057
47058
47059
47060
47061
47062
47063
47064
47065
47066
47067
47068
47069
47070
47071
47072
47073
47074
47075
47076
47077
47079
47080
47081
47082
47083
47084
47085
47086
47087
47088
47089
47090
47091
47098
47099
47100
47101
47102
47103
47104
47105
47106
47107
47114
47115
47116
47117
47118
47119
47120
47121
47122
47123
47124
47125
47126
47127
47128
47129
47130
47131
47132
47133
47135
47136
47137
47138
47139
47140
47141
47142
47143
47146
47150
47152
47153
47154
47155
47156
47157
47158
47160
47161
47162
47171
47172
47173
47174
47175
47176
47182
47187
47197
47198
47201
47202
47203
47204
47205
47206
47207
47208
47209
47211
47212
47214
47215
47216
47217
47218
47219
47220
47221
47222
47223
47224
47225
47228
47229
47230
47286
47287
47288
47289
47291
47293
47296
47297
47298
47300
47301
47303
47305
47306
47307
47308
47309
47310
47311
47312
47313
47314
47315
47316
47323
47324
47325
47326
47327
47328
47329
47330
47331
47332
47333
47334
47335
47347
47350
47351
47357
47359
47360
47361
47362
47363
47372
47373
47375
47376
47377
47378
47379
47380
47381
47382
47387
47388
47389
47390
47391
47392
47393
47394
47395
47396
47397
47398
47399
47400
47401
47402
47403
47404
47405
47406
47418
47439
47440
47441
47442
47443
47444
47445
47446
47447
47448
47449
47450
47451
47452
47453
47454
47455
47456
47457
47458
47459
47460
47461
47462
47463
47464
47474
47475
47476
47477
47478
47479
47480
47481
47482
47483
47484
47485
47486
47487
47488
47489
47490
47491
47492
47493
47494
47495
47496
47497
47501
47502
47503
47504
47505
47506
47507
47508
47509
47513
47514
47515
47516
47517
47518
47519
47520
47521
47522
47523
47524
47525
47531
47532
47533
47534
47535
47536
47537
47538
47539
47540
47541
47542
47543
47544
47545
47546
47547
47548
47549
47550
47551
47552
47557
47558
47559
47560
47561
47562
47563
47564
47565
47566
47567
47568
47569
47570
47571
47598
47600
47611
47615
47617
47634
47635
47636
47637
47638
47647
47648
47649
47650
47651
47652
47653
47654
47655
47656
47657
47658
47659
47660
47661
47662
47663
47664
47665
47666
47667
47698
47714
47715
47716
47717
47718
47719
47720
47721
47722
47723
47724
47725
47726
47727
47728
47729
47730
47731
47732
47733
47741
47743
47744
47745
47746
47747
47748
47749
47751
47752
47753
47754
47755
47757
47758
47769
47773
47774
47776
47777
47778
47780
47783
47787
47790
47806
47807
47809
47831
47834
47840
47841
47844
47846
47848
47850
47855
47864
47865
47867
47883
47884
47885
47886
47887
47888
47889
47890
47891
47892
47893
47939
47940
47944
47946
47947
47959
47960
47961
47962
47963
47964
47965
47966
47967
47968
47972
47973
47974
47975
47976
47977
47978
47979
47980
47981
47982
47991
47992
47993
47994
47996
47997
47998
47999
48000
48001
48002
48003
48004
48005
48006
48007
48008
48009
48020
48022
48026
48027
48028
48029
48060
48061
48062
48063
48065
48066
48067
48068
48069
48070
48072
48073
48076
48077
48078
48079
48080
48081
48082
48083
48084
48085
48086
48088
48089
48090
48094
48095
48096
48097
48098
48099
48100
48166
48167
48168
48170
48171
48172
48173
48176
48177
48178
48179
48180
48181
48185
48186
48187
48188
48189
48190
48229
48230
48231
48232
48233
48234
48235
48236
48237
48238
48239
48240
48241
48242
48243
48244
48245
48246
48252
48253
48254
48255
48256
48257
48258
48259
48260
48261
48262
48263
48264
48265
48266
48282
48283
48284
48285
48286
48287
48288
48290
48291
48292
48293
48294
48295
48296
48307
48308
48309
48310
48311
48312
48313
48314
48315
48316
48317
48318
48319
48320
48321
48322
48323
48324
48325
48326
48327
48328
48329
48330
48331
48332
48333
48334
48335
48336
48337
48338
48339
48340
48341
48342
48343
48344
48345
48346
48347
48348
48349
48350
48352
48355
48356
48357
48358
48359
48360
48361
48362
48363
48364
48365
48366
48367
48368
48369
48397
48398
48400
48401
48402
48403
48404
48405
48406
48407
48408
48409
48410
48412
48416
48417
48418
48419
48420
48421
48422
48423
48426
48427
48439
48440
48441
48442
48443
48444
48445
48446
48447
48454
48455
48456
48457
48458
48459
48460
48461
48462
48463
48466
48467
48468
48469
48471
48472
48473
48502
48503
48504
48507
48508
48509
48510
48511
48512
48513
48514
48515
48516
48517
48518
48519
48520
48521
48522
48523
48524
48525
48526
48527
48528
48529
48530
48531
48532
48533
48534
48535
48536
48634
48635
48636
48637
48638
48639
48640
48641
48642
48643
48644
48645
48646
48647
48648
48649
48650
48651
48652
48653
48654
48655
48656
48657
48658
48659
48660
48700
48701
48706
48707
48708
48717
48718
48719
48720
48721
48722
48723
48724
48725
48726
48727
48730
48731
48732
48733
48734
48735
48736
48740
48741
48742
48743
48745
48746
48801
48802
48803
48804
48805
48806
48807
48808
48809
48810
48811
48812
48813
48814
48821
48823
48824
48825
48826
48827
48828
48829
48830
48831
48832
48833
48836
48837
48838
48839
48855
48859
48860
48861
48862
48863
48864
48865
48866
48867
48868
48869
48870
48871
48872
48873
48874
48875
48876
48877
48878
48883
48884
48885
48886
48887
48888
48889
48890
48891
48892
48893
48894
48895
48896
48897
48898
48899
48900
48901
48902
48903
48918
48934
48935
48936
48937
48938
48939
48940
48941
48942
48943
48944
48945
48946
48947
48948
48949
48950
48951
48952
48971
48972
48973
48974
48975
48976
48978
48981
48982
48983
48984
48985
48986
48987
48988
48989
48990
48991
48992
48993
49016
49017
49018
49019
49023
49024
49026
49027
49028
49029
49030
49031
49033
49034
49035
49042
49043
49044
49045
49046
49047
49048
49049
49050
49051
49052
49053
49054
49057
49059
49060
49061
49062
49063
49064
49065
49066
49067
49068
49069
49070
49071
49072
49073
49098
49099
49100
49103
49106
49107
49109
49110
49111
49112
49113
49114
49115
49116
49117
49118
49121
49122
49124
49125
49126
49127
49128
49129
49132
49133
49134
49135
49136
49137
49138
49139
49140
49141
49142
49143
49144
49155
49157
49158
49159
49164
49165
49168
49216
49217
49218
49219
49220
49221
49224
49225
49226
49227
49228
49229
49230
49231
49232
49233
49238
49239
49240
49241
49244
49245
49246
49247
49248
49249
49250
49251
49252
49253
49254
49255
49261
49262
49263
49264
49265
49266
49267
49268
49269
49270
49306
49307
49308
49309
49310
49311
49312
49313
49314
49315
49316
49317
49318
49323
49324
49325
49326
49327
49328
49329
49330
49331
49332
49333
49336
49337
49338
49339
49340
49341
49342
49343
49344
49345
49346
49347
49348
49349
49350
49351
49352
49353
49356
49357
49358
49359
49360
49361
49362
49363
49364
49365
49366
49367
49368
49369
49372
49373
49374
49375
49376
49377
49378
49379
49380
49381
49382
49383
49384
49385
49386
49387
49389
49390
49397
49398
49399
49400
49401
49402
49403
49404
49405
49406
49407
49408
49432
49433
49434
49435
49436
49437
49438
49439
49440
49444
49445
49446
49447
49448
49449
49450
49451
49452
49453
49454
49455
49456
49457
49458
49461
49464
49465
49466
49467
49468
49650
49651
49652
49653
49654
49655
49656
49657
49658
49659
49660
49661
49662
49663
49664
49665
49666
49678
49679
49680
49681
49682
49683
49684
49685
49687
49688
49690
49694
49697
49699
49703
49705
49706
49707
49708
49709
49710
49711
49712
49713
49714
49715
49716
49717
49718
49719
49720
49721
49722
49736
49737
49738
49741
49742
49743
49748
49749
49750
49751
49752
49756
49757
49758
49759
49760
49761
49762
49763
49764
49910
49914
49915
49916
49917
49918
49919
49920
49921
49922
49923
49925
49926
49928
49929
49930
49931
49932
49934
49954
49955
49956
49957
49959
49960
49961
49962
49964
49965
49966
49967
49968
49969
49970
49971
49997
49998
49999
50000
50001
50002
50004
50005
50006
50007
50008
50009
50010
50011
50012
50013
50014
50015
50016
50017
50018
50019
50020
50021
50022
50023
50024
50025
50031
50032
50033
50034
50035
50036
50038
50042
50043
50044
50045
50046
50047
50048
50067
50068
50069
50070
50073
50074
50075
50076
50077
50083
50085
50086
50258
50260
50311
50340
50343
50371
50376
50377
50379
50380
50436
50437
50438
50439
50440
50441
50442
50443
50444
50445
50447
50448
50449
50450
50451
50452
50454
50455
50456
50457
50458
50463
50464
50465
50466
50467
50468
50469
50470
50471
50479
50480
50481
50482
50483
50486
50487
50488
50490
50491
50492
50493
50494
50495
50496
50497
50499
50500
50501
50506
50507
50508
50516
50517
50518
50519
50520
50521
50522
50523
50526
50527
50528
50529
50530
50531
50532
50535
50536
50545
50546
50547
50548
50549
50550
50551
50552
50553
50554
50558
50559
50560
50561
50562
50563
50564
50565
50566
50569
50570
50571
50595
50596
50597
50598
50599
50600
50601
50602
50603
50604
50605
50606
50607
50612
50613
50614
50615
50616
50617
50650
50651
50652
50653
50654
50655
50656
50657
50658
50659
50660
50661
50662
50663
50664
50665
50666
50667
50668
50669
50670
50671
50672
50673
50674
50675
50676
50677
50678
50679
50853
50854
50856
50857
50858
50862
50863
50868
50869
50872
50873
50874
50875
50876
50885
50886
50887
50888
50889
50891
50892
50893
50896
50897
50905
50906
50909
50910
50911
50913
50914
50915
50916
50918
50920
50921
50922
50924
50925
50927
50928
50929
50930
50932
50933
50934
50935
50936
50937
50938
50950
50959
50961
51006
51015
51092
51093
51095
51097
51098
51099
51100
51101
51102
51103
51104
51105
51106
51107
51109
51111
51118
51139
51148
51151
51152
51153
51154
51156
51157
51158
51159
51160
51161
51162
51163
51164
51165
51166
51167
51170
51171
51172
51173
51174
51175
51176
51177
51178
51179
51180
51181
51182
51183
51187
51188
51189
51190
51191
51192
51193
51194
51195
51200
51201
51202
51205
51206
51208
51209
51210
51211
51212
51213
51214
51215
51217
51220
51221
51222
51223
51224
51225
51226
51227
51228
51229
51230
51231
51234
51235
51236
51237
51238
51240
51241
51242
51243
51244
51245
51246
51247
51248
51249
51250
51251
51252
51253
51254
51255
51274
51276
51277
51278
51279
51280
51281
51282
51283
51284
51285
51286
51292
51293
51294
51295
51296
51297
51298
51299
51300
51301
51334
51335
51336
51337
51338
51339
51340
51369
51370
51374
51376
51377
51378
51379
51380
51381
51382
51383
51384
51385
51386
51387
51388
51389
51390
51391
51392
51393
51394
51395
51396
51428
51429
51430
51431
51432
51433
51434
51444
51445
51446
51447
51449
51450
51451
51452
51453
51454
51455
51456
51457
51485
51486
51487
51488
51489
51490
51491
51492
51493
51494
51495
51499
51501
51502
51503
51504
51509
51510
51511
51512
51516
51517
51518
51519
51520
51559
51560
51562
51563
51564
51565
51569
51570
51571
51572
51573
51574
51575
51576
51603
51604
51605
51606
51607
51608
51609
51610
51611
51612
51613
51614
51615
51616
51617
51618
51619
51687
51688
51695
51696
51697
51698
51699
51700
51701
51702
51703
51704
51705
51706
51707
51709
51710
51711
51712
51713
51714
51715
51716
51718
51719
51721
51725
51732
51733
51734
51735
51736
51738
51740
51741
51742
51751
51752
51762
51763
51764
51765
51768
51771
51772
51774
51777
51778
51824
51825
51826
51827
51828
51829
51830
51831
51837
51838
51839
51840
51841
51842
51843
51848
51854
51855
51856
51858
51859
51860
51865
51874
51878
51881
51886
51900
51901
51902
51905
51906
51907
51908
51909
51914
51915
51988
52030
52032
52033
52034
52035
52036
52037
52038
52041
52042
52043
52044
52045
52046
52047
52048
52049
52050
52051
52052
52060
52061
52062
52065
52066
52067
52068
52069
52077
52078
52094
52095
52096
52097
52098
52099
52100
52101
52102
52103
52104
52105
52106
52107
52108
52109
52110
52111
52112
52140
52143
52144
52145
52146
52149
52194
52198
52199
52200
52201
52202
52203
52204
52205
52206
52216
52262
52263
52265
52266
52267
52268
52269
52270
52271
52272
52273
52274
52275
52276
52278
52286
52287
52288
52289
52290
52291
52292
52293
52294
52295
52296
52302
52303
52304
52305
52306
52307
52308
52309
52314
52315
52316
52317
52318
52319
52320
52321
52322
52323
52324
52325
52326
52327
52331
52343
52344
52345
52346
52347
52348
52349
52357
52358
52359
52360
52361
52365
52366
52367
52368
52369
52370
52371
52372
52375
52377
52378
52379
52380
52381
52382
52391
52392
52393
52394
52395
52396
52397
52401
52402
52403
52404
52405
52444
52462
52463
52466
52467
52468
52469
52470
52471
52472
52473
52474
52475
52481
52482
52483
52484
52485
52486
52491
52492
52493
52494
52495
52508
52518
52519
52520
52521
52522
52538
52539
52540
52558
52570
52574
52575
52576
52579
52580
52581
52584
52585
52586
52592
52593
52594
52595
52596
52609
52610
52611
52612
52613
52614
52615
52616
52617
52618
52619
52622
52623
52624
52625
52626
52627
52628
52629
52637
52638
52639
52640
52641
52642
52643
52649
52650
52651
52652
52653
52654
52655
52656
52657
52658
52659
52660
52661
52662
52664
52665
52677
52678
52679
52680
52682
52683
52684
52685
52686
52688
52689
52690
52691
52692
52702
52703
52704
52705
52706
52707
52716
52717
52718
52720
52721
52724
52726
52727
52744
52747
52748
52749
52751
52752
52753
52754
52760
52761
52777
52778
52779
52780
52781
52782
52783
52784
52785
52786
52805
52811
52813
52814
52815
52816
52817
52819
52821
52844
52845
52846
52847
52848
52849
52850
52851
52856
52857
52858
52859
52872
52873
52874
52876
52878
52879
52887
52888
52889
52890
52893
52897
52899
52902
52907
52908
52909
52910
52911
52912
52917
53018
53019
53020
53021
53022
53023
53024
53025
53026
53027
53028
53029
53046
53047
53048
53049
53050
53051
53052
53053
53054
53055
53056
53057
53058
53059
53062
53063
53064
53065
53066
53067
53068
53069
53070
53071
53072
53073
53074
53075
53076
53079
53080
53081
53082
53083
53165
53166
53167
53168
53169
53170
53171
53172
53173
53174
53194
53195
53196
53197
53198
53199
53200
53201
53202
53203
53204
53205
53208
53209
53210
53211
53212
53213
53214
53215
53216
53217
53218
53219
53220
53221
53222
53223
53224
53225
53226
53227
53235
53236
53237
53238
53239
53240
53241
53242
53243
53244
53245
53246
53247
53248
53249
53252
53253
53254
53256
53257
53258
53259
53260
53261
53282
53283
53284
53285
53287
53288
53289
53293
53294
53295
53296
53312
53332
53333
53334
53335
53336
53337
53338
53339
53340
53341
53342
53343
53346
53347
53348
53349
53350
53363
53364
53365
53366
53367
53368
53369
53370
53372
53373
53374
53375
53376
53377
53378
53379
53382
53383
53384
53385
53386
53387
53388
53389
53390
53391
53392
53393
53394
53395
53396
53397
53398
53403
53404
53405
53406
53407
53408
53409
53411
53412
53422
53423
53424
53425
53426
53427
53428
53429
53430
53431
53432
53433
53434
53435
53436
53446
53452
53468
53469
53470
53471
53472
53473
53474
53475
53482
53483
53484
53485
53488
53489
53490
53491
53492
53493
53494
53505
53510
53511
53512
53513
53514
53515
53516
53517
53518
53519
53520
53530
53531
53532
53533
53534
53535
53536
53537
53538
53539
53540
53545
53546
53547
53548
53550
53551
53552
53553
53554
53555
53556
53557
53558
53571
53578
53579
53580
53581
53582
53583
53584
53585
53586
53587
53590
53591
53592
53593
53594
53595
53596
53600
53601
53602
53603
53616
53617
53618
53619
53620
53621
53622
53623
53624
53625
53630
53631
53632
53633
53634
53635
53636
53637
53638
53639
53640
53646
53647
53648
53649
53650
53651
53652
53656
53658
53661
53662
53667
53668
53669
53670
53671
53672
53673
53674
53680
53681
53682
53683
53684
53685
53686
53687
53688
53689
53690
53691
53705
53706
53707
53708
53709
53710
53711
53712
53713
53714
53715
53716
53717
53718
53719
53720
53721
53722
53723
53724
53734
53735
53736
53737
53738
53739
53740
53741
53742
53743
53744
53752
53753
53754
53755
53756
53757
53758
53759
53760
53761
53768
53769
53770
53771
53772
53773
53774
53775
53776
53777
53780
53781
53782
53783
53784
53785
53786
53787
53788
53789
53790
53791
53792
53793
53794
53795
53812
53813
53814
53815
53817
53818
53819
53820
53821
53822
53823
53824
53827
53828
53829
53830
53831
53832
53833
53834
53835
53836
53850
53851
53852
53853
53854
53855
53856
53857
53858
53859
53860
53861
53862
53863
53864
53871
53872
53873
53874
53875
53876
53877
53878
53879
53880