Hot Tower Index,Reference Tower Index
2654,2668
2980,2966
2981,2967
2983,2997
3796,3782
5726,5740
8352,8338
14492,14478
16868,16854
16869,16855
16870,16854
16871,16855
16874,16872
16877,16863
16879,16863
16880,16864
16881,16867
16882,16064
16883,16065
16884,16068
16885,16069
16886,16068
16887,16069
16888,16072
16889,16875
16890,16072
16891,16073
16893,16077
16895,16077
18273,18259
20993,20275
20995,21011
20997,20279
20998,20996
20999,21015
21012,21014
21013,21015
21040,21026
21042,21760
21045,21031
21046,21764
21047,21765
21470,21468
23328,23330
24220,24206
