42797
42832
42872
42874
42887
42891
42903
42906
42936
42954
42955
42989
42994
42996
42997
42999
43016
43077
43078
43079
43080
43081
43111
43114
43118
43119
43120
43122
43123
43124
43125
43126
43128
43129
43130
43132
43133
43134
43136
43138
43140
43142
43143
43145
43146
43147
43155
43163
43263
43265
43266
43268
43269
43270
43271
43273
43274
43275
43284
43286
43287
43289
43295
43302
43312
43390
43392
43395
43397
43403
43404
43405
43406
43409
43416
43418
43423
43424
43425
43430
43432
43435
43449
43451
43513
43516
43517
43518
43521
43522
43523
43527
43528
43530
43531
43532
43533
43534
43535
43536
43537
43538
43539
43540
43541
43542
43543
43546
43547
43548
43550
43551
43552
43553
43554
43555
43556
43557
43558
43559
43560
43561
43562
43563
43564
43565
43566
43567
43570
43571
43572
43573
43574
43578
43579
43580
43612
43613
43614
43615
43616
43617
43625
43626
43630
43631
43639
43640
43642
43643
43644
43652
43654
43655
43656
43657
43658
43659
43662
43664
43665
43666
43670
43673
43674
43676
43683
43840
43842
43852
43853
43872
43874
43875
43876
43882
43884
43885
43886
43887
43894
43896
43898
43899
43903
43906
43907
43908
43911
43960
43961
43962
43963
43964
43966
43976
43978
43982
43983
43984
43986
43989
43990
43993
43997
43999
44001
44002
44006
44007
44008
44035
44042
44043
44045
44047
44051
44055
44058
44060
44061
44063
44064
44065
44066
44067
44068
44069
44071
44072
44073
44074
44076
44077
44078
44082
44132
44133
44200
44207
44208
44221
44222
44224
44227
44228
44229
44230
44232
44235
44236
44237
44269
44284
44286
44287
44289
44290
44291
44292
44298
44300
44366
44367
44368
44369
44370
44371
44372
44373
44378
44379
44380
44381
44382
44394
44395
44396
44397
44398
44399
44400
44401
44402
44403
44404
44405
44408
44409
44410
44411
44412
44413
44417
44420
44421
44422
44426
44428
44432
44433
44446
44447
44448
44450
44451
44477
44478
44480
44482
44483
44494
44495
44498
44499
44500
44501
44502
44503
44505
44506
44507
44509
44510
44511
44512
44513
44521
44522
44523
44524
44525
44526
44529
44531
44532
44533
44534
44544
44590
44604
44605
44608
44609
44610
44611
44616
44618
44619
44621
44625
44626
44627
44629
44631
44632
44637
44638
44639
44642
44679
44682
44683
44684
44685
44686
44687
44689
44690
44691
44695
44698
44700
44701
44702
44703
44704
44705
44706
44707
44708
44709
44710
44711
44712
44714
44715
44716
44717
44718
45029
45031
45033
45034
45035
45036
45038
45039
45041
45042
45043
45044
45045
45046
45048
45049
45050
45051
45052
45090
45091
45092
45097
45099
45100
45102
45103
45105
45106
45107
45148
45150
45151
45153
45154
45155
45156
45157
45158
45159
45160
45161
45162
45163
45164
45166
45167
45170
45171
45172
45174
45175
45176
45177
45178
45179
45180
45181
45183
45185
45186
45188
45189
45190
45191
45196
45197
45199
45201
45203
45207
45214
45215
45216
45218
45221
45236
45237
45238
45240
45241
45242
45243
45244
45246
45247
45248
45249
45251
45252
45255
45256
45257
45258
45260
45273
45274
45276
45278
45288
45290
45291
45292
45313
45314
45315
45316
45318
45319
45323
45324
45325
45390
45391
45392
45393
45394
45395
45400
45401
45402
45410
45411
45412
45414
45439
45443
45444
45458
45477
45484
45485
45486
45487
45489
45490
45491
45493
45494
45495
45526
45527
45529
45531
45532
45535
45539
45540
45541
45547
45548
45549
45550
45551
45552
45557
45558
45560
45561
45619
45620
45622
45624
45625
45626
45627
45628
45630
45632
45633
45637
45640
45641
45642
45643
45645
45694
45696
45697
45698
45699
45700
45721
45723
45724
45728
45807
45808
45812
45816
45831
45833
45834
45836
45837
45838
45839
45841
45842
45849
45851
45852
45853
45856
45858
45859
45861
45868
45872
45875
45876
45877
45878
45879
45880
45881
45882
45883
45884
45885
45886
45890
45892
45936
45938
45939
45940
45941
46006
46007
46008
46011
46012
46013
46014
46015
46017
46018
46019
46021
46022
46023
46025
46028
46029
46030
46034
46036
46037
46039
46065
46066
46067
46068
46102
46103
46104
46105
46106
46107
46109
46110
46112
46113
46115
46119
46120
46122
46125
46129
46130
46132
46133
46134
46135
46136
46137
46424
46427
46429
46430
46431
46432
46433
46434
46435
46436
46437
46438
46446
46448
46450
46451
46452
46453
46454
46455
46456
46457
46461
46462
46463
46464
46465
46466
46471
46472
46473
46475
46476
46477
46479
46480
46483
46484
46507
46515
46519
46521
46522
46523
46524
46525
46526
46527
46529
46530
46531
46536
46537
46539
46540
46541
46543
46544
46545
46546
46552
46553
46554
46555
46556
46557
46559
46560
46561
46562
46563
46564
46567
46568
46569
46574
46575
46577
46581
46586
46587
46588
46589
46590
46591
46593
46594
46595
46598
46600
46602
46603
46604
46605
46619
46620
46622
46623
46624
46640
46642
46647
46649
46653
46654
46655
46656
46657
46658
46660
46661
46662
46663
46664
46665
46666
46667
46668
46669
46670
46672
46675
46676
46678
46679
46681
46683
46694
46697
46699
46700
46702
46704
46706
46720
46721
46723
46725
46726
46727
46728
46729
46730
46731
46733
46735
46750
46751
46753
46754
46755
46756
46757
46758
46759
46760
46767
46769
46770
46771
46772
46774
46775
46816
46900
46901
46912
46913
46914
46915
46917
46918
46922
46924
46929
46930
46941
46943
46944
46945
46946
46947
46948
46949
46950
46951
46952
46965
46967
46968
46977
46978
46981
46982
46985
46986
46987
47002
47003
47004
47005
47006
47007
47008
47009
47014
47017
47019
47022
47032
47033
47034
47036
47037
47038
47040
47041
47042
47043
47050
47051
47052
47053
47054
47055
47056
47057
47058
47059
47060
47061
47064
47066
47068
47079
47089
47098
47100
47101
47102
47103
47104
47105
47106
47114
47115
47116
47123
47124
47125
47126
47129
47130
47131
47132
47133
47135
47136
47137
47138
47139
47140
47141
47143
47146
47153
47155
47156
47158
47160
47161
47162
47187
47198
47201
47202
47203
47204
47211
47216
47217
47218
47219
47220
47222
47229
47230
47287
47288
47289
47291
47293
47297
47301
47303
47305
47306
47308
47310
47311
47312
47313
47314
47315
47316
47323
47325
47330
47332
47333
47334
47357
47360
47363
47364
47375
47376
47377
47378
47379
47380
47381
47382
47389
47391
47393
47394
47395
47396
47397
47398
47399
47439
47440
47443
47445
47450
47451
47453
47454
47455
47456
47457
47458
47459
47460
47461
47462
47463
47464
47474
47476
47478
47480
47481
47482
47484
47485
47486
47487
47488
47489
47491
47492
47494
47495
47496
47497
47501
47502
47503
47505
47506
47507
47508
47509
47513
47514
47516
47517
47519
47521
47522
47524
47525
47532
47538
47539
47540
47547
47548
47549
47552
47557
47558
47559
47563
47564
47565
47566
47567
47568
47570
47611
47617
47634
47635
47636
47637
47638
47650
47651
47653
47654
47656
47657
47658
47659
47661
47662
47663
47664
47665
47666
47667
47698
47714
47715
47716
47717
47719
47720
47721
47722
47723
47724
47725
47726
47727
47728
47729
47730
47731
47732
47733
47741
47743
47744
47745
47746
47747
47748
47749
47751
47753
47755
47757
47758
47769
47777
47778
47783
47807
47831
47834
47841
47844
47846
47848
47855
47864
47867
47883
47884
47888
47889
47892
47893
47939
47946
47962
47964
47966
47982
48073
48076
48079
48080
48082
48085
48086
48088
48089
48099
48100
48166
48168
48172
48173
48177
48178
48179
48180
48181
48230
48231
48232
48233
48234
48236
48237
48238
48239
48240
48241
48242
48244
48245
48253
48255
48256
48257
48258
48260
48261
48262
48263
48265
48282
48284
48285
48286
48287
48288
48291
48293
48294
48295
48296
48307
48313
48318
48320
48323
48324
48325
48326
48327
48329
48330
48335
48337
48338
48341
48342
48343
48344
48346
48347
48348
48349
48352
48356
48357
48358
48359
48360
48366
48367
48369
48398
48409
48410
48412
48416
48417
48418
48421
48422
48423
48426
48445
48446
48454
48455
48456
48458
48459
48461
48462
48463
48469
48536
48634
48635
48636
48638
48639
48640
48645
48656
48657
48658
48660
48701
48706
48720
48721
48722
48724
48725
48726
48727
48730
48731
48732
48733
48734
48735
48736
48741
48742
48743
48745
48746
48801
48802
48803
48805
48806
48807
48808
48810
48811
48812
48813
48814
48823
48824
48826
48827
48828
48829
48831
48832
48836
48837
48838
48839
48859
48861
48863
48864
48865
48867
48868
48869
48870
48872
48873
48874
48875
48876
48877
48883
48884
48885
48888
48889
48890
48891
48892
48893
48894
48895
48896
48897
48899
48900
48901
48902
48903
48918
48934
48935
48936
48937
48938
48939
48940
48942
48943
48946
48947
48948
48949
48951
48952
48971
48973
48976
48981
48982
48983
48984
48985
48986
48987
48988
48989
48990
48991
49017
49018
49019
49023
49026
49027
49028
49029
49030
49031
49033
49034
49035
49042
49043
49044
49045
49046
49047
49048
49049
49050
49051
49052
49053
49054
49057
49059
49060
49061
49062
49063
49064
49065
49066
49067
49068
49069
49070
49071
49072
49073
49098
49099
49100
49103
49109
49110
49111
49113
49115
49116
49117
49118
49121
49124
49125
49127
49128
49133
49136
49137
49138
49140
49141
49143
49155
49157
49159
49164
49165
49216
49217
49218
49219
49220
49224
49225
49226
49227
49228
49229
49230
49231
49232
49233
49238
49239
49240
49241
49244
49245
49246
49247
49248
49249
49250
49251
49253
49254
49262
49263
49264
49265
49266
49267
49268
49269
49270
49306
49307
49308
49309
49310
49311
49312
49313
49314
49315
49316
49317
49324
49325
49326
49327
49328
49329
49330
49331
49332
49333
49336
49337
49338
49339
49340
49341
49342
49343
49344
49345
49346
49347
49348
49349
49350
49351
49352
49353
49356
49357
49358
49359
49360
49361
49362
49363
49364
49365
49366
49367
49368
49369
49372
49373
49374
49376
49377
49378
49379
49380
49381
49382
49383
49384
49385
49386
49387
49389
49390
49397
49398
49399
49400
49401
49403
49404
49405
49406
49407
49408
49432
49433
49434
49435
49436
49437
49438
49439
49440
49445
49446
49447
49448
49449
49450
49451
49452
49453
49454
49455
49456
49457
49458
49464
49466
49467
49468
49650
49651
49652
49653
49654
49655
49656
49657
49658
49659
49660
49661
49662
49663
49664
49665
49666
49736
49737
49741
49742
49743
49748
49749
49750
49751
49752
49756
49757
49758
49759
49760
49761
49762
49763
49910
49914
49915
49917
49919
49920
49922
49923
49925
49926
49928
49929
49930
49931
49934
49954
49955
49957
49959
49962
49964
49966
49967
49968
49969
49970
49971
50031
50032
50033
50034
50035
50036
50045
50046
50047
50068
50069
50070
50073
50076
50077
50253
50260
50262
50283
50330
50340
50343
50356
50376
50442
50443
50463
50464
50465
50466
50467
50468
50470
50471
50483
50488
50489
50491
50492
50494
50496
50497
50500
50501
50506
50507
50508
50509
50510
50516
50517
50519
50520
50521
50522
50526
50527
50528
50529
50531
50535
50536
50545
50546
50547
50548
50549
50550
50551
50552
50553
50554
50558
50560
50561
50563
50564
50565
50569
50570
50595
50596
50597
50598
50599
50600
50601
50602
50603
50604
50605
50606
50607
50612
50613
50614
50615
50616
50617
50650
50651
50652
50653
50654
50655
50657
50658
50659
50660
50661
50662
50663
50664
50665
50666
50667
50668
50669
50670
50671
50672
50673
50674
50675
50676
50677
50678
50679
50853
50854
50856
50857
50858
50868
50869
50873
50874
50875
50885
50886
50887
50888
50889
50891
50896
50897
50910
50950
50959
50961
50962
50965
50969
50981
50987
50992
50996
51006
51012
51015
51092
51093
51095
51106
51107
51109
51139
51152
51153
51154
51158
51159
51160
51161
51162
51163
51164
51165
51166
51167
51171
51172
51174
51175
51176
51177
51178
51179
51180
51181
51182
51183
51187
51188
51195
51200
51201
51202
51205
51206
51208
51209
51210
51211
51212
51213
51214
51215
51217
51220
51221
51222
51223
51224
51225
51226
51227
51228
51229
51230
51234
51235
51236
51237
51238
51274
51276
51277
51279
51281
51282
51283
51284
51285
51286
51295
51296
51297
51298
51300
51301
51334
51335
51336
51337
51338
51339
51340
51369
51370
51374
51376
51378
51394
51395
51396
51428
51429
51430
51431
51432
51433
51434
51436
51440
51444
51445
51446
51447
51450
51451
51452
51453
51454
51457
51487
51488
51489
51490
51491
51492
51493
51494
51495
51499
51501
51502
51503
51504
51505
51506
51507
51508
51509
51510
51511
51512
51516
51517
51518
51519
51520
51560
51562
51563
51564
51565
51569
51570
51571
51572
51573
51574
51575
51576
51603
51605
51606
51607
51614
51615
51616
51617
51618
51619
51687
51688
51695
51697
51699
51700
51701
51702
51703
51705
51706
51707
51709
51710
51711
51712
51713
51714
51715
51716
51718
51719
51721
51725
51735
51736
51738
51740
51741
51742
51762
51763
51764
51765
51768
51771
51772
51777
51778
51824
51825
51827
51829
51830
51831
51837
51838
51839
51840
51841
51842
51843
51854
51855
51856
51858
51860
51865
51874
51878
51881
51886
51900
51901
51902
51905
51906
51907
51908
51909
51914
51915
51922
51923
51924
51927
51928
51949
51953
51977
51982
51983
51984
51988
51989
51996
52030
52037
52041
52044
52046
52049
52051
52052
52060
52061
52065
52067
52068
52077
52078
52096
52097
52098
52100
52106
52143
52262
52273
52293
52302
52303
52304
52305
52306
52307
52308
52309
52315
52316
52320
52331
52343
52344
52345
52346
52347
52348
52349
52357
52358
52359
52360
52361
52365
52366
52367
52368
52369
52370
52371
52372
52378
52379
52380
52381
52382
52391
52392
52393
52394
52395
52396
52397
52401
52402
52403
52404
52405
52406
52410
52411
52412
52414
52415
52416
52417
52418
52419
52420
52421
52422
52423
52424
52431
52432
52433
52434
52435
52436
52437
52438
52439
52440
52441
52442
52443
52444
52446
52447
52448
52449
52452
52453
52454
52455
52456
52457
52458
52459
52460
52461
52462
52463
52466
52467
52468
52469
52470
52471
52472
52473
52474
52475
52481
52482
52483
52484
52485
52486
52487
52491
52492
52493
52494
52495
52508
52518
52519
52520
52521
52522
52538
52539
52540
52558
52570
52571
52572
52573
52574
52575
52576
52577
52578
52579
52580
52581
52584
52585
52586
52592
52593
52594
52595
52596
52609
52610
52611
52612
52613
52614
52615
52616
52617
52618
52619
52622
52623
52624
52625
52626
52627
52628
52629
52637
52638
52639
52640
52641
52642
52643
52649
52650
52651
52652
52653
52654
52656
52657
52658
52659
52660
52661
52662
52664
52665
52677
52678
52679
52680
52682
52683
52684
52685
52686
52690
52691
52692
52702
52703
52704
52705
52706
52707
52716
52718
52720
52721
52724
52726
52727
52745
52746
52747
52749
52751
52752
52753
52754
52755
52756
52760
52761
52777
52778
52779
52780
52781
52782
52783
52784
52785
52786
52805
52811
52813
52814
52815
52816
52819
52844
52845
52846
52847
52848
52849
52850
52851
52856
52857
52858
52859
52872
52879
52887
52888
52893
52897
52902
52909
52911
52912
52917
53018
53019
53020
53021
53022
53023
53024
53025
53026
53027
53028
53029
53046
53047
53048
53049
53050
53051
53052
53053
53054
53055
53056
53057
53058
53059
53062
53063
53064
53065
53066
53067
53068
53069
53070
53071
53072
53073
53074
53075
53076
53079
53080
53081
53082
53083
53165
53166
53167
53168
53169
53170
53171
53172
53173
53174
53194
53195
53196
53197
53198
53199
53200
53201
53202
53203
53204
53205
53208
53209
53210
53211
53212
53213
53216
53217
53218
53219
53220
53221
53222
53223
53224
53225
53226
53227
53236
53237
53239
53240
53241
53243
53244
53245
53247
53248
53249
53252
53253
53254
53256
53257
53258
53259
53260
53261
53282
53283
53284
53287
53288
53289
53290
53291
53292
53293
53294
53295
53296
53312
53370
53376
53407
53452
53468
53535
53545
53602
53635
53688
53691
53715
53721
53741
53742
53743
53744
53753
53754
53755
53756
53758
53759
53761
53768
53769
53771
53772
53773
53774
53775
53780
53781
53782
53783
53786
53787
53789
53790
53793
53794
53812
53813
53814
53815
53817
53818
53820
53821
53822
53823
53828
53829
53830
53831
53833
53834
53836
53850
53852
53853
53854
53855
53856
53858
53859
53860
53861
53862
53863
53864
53871
53872
53873
53876
53877
53878
53879
53880
54124
54126
54127
54128
54131
54132
54135
54138
54139
54140
54141
54145
54147
54148
54149
54177
54178
54179
54183
54184
54187
54190
54192
54199
54212
54213
54215
54222
54224
54225
54226
54239
54240
54242
54243
54244
54264
54265
54266
54268
54269
54271
54275
54276
54279
54280
54281
54360
54361
54362
54365
54371
54373
54377
54379
54404
54408
54412
54414
54415
54422
54423
54424
54425
54428
54429
54433
54434
54437
54451
54463
54464
54465
54468
54469
54470
54471
54479
54480
54481
54483
54485
54486
54487
54490
54492
54493
54495
54496
54497
54530
54532
54533
54534
54543
54544
54546
54547
54549
54584
54585
54586
54587
54588
54591
54592
54593
54594
54595
54596
54597
54598
54600
54601
54602
54603
54604
54674
54676
54682
54733
54739
54743
54744
54746
54747
54749
54754
54768
54794
54798
54803
54804
54806
54816
54849
54850
54853
54858
54859
54860
54861
54862
54863
54865
54866
54867
54870
54871
54872
54873
54896
54897
54898
54899
54900
54908
54909
54911
54912
54913
54914
54915
54916
54918
54920
54921
54929
54930
54931
54932
54933
54934
54935
54936
54937
54938
54939
54944
54945
54948
54949
54951
54952
54953
54962
54963
54965
54966
54967
54968
54969
54971
54972
54973
54974
