0 0 6.42783 0.0233594 14.587 14 1.04193
0 1 6.39439 0.0165756 13.1337 22 0.596984
0 2 6.43473 0.0172145 26.1908 19 1.37846
0 3 6.42652 0.0188589 24.7147 17 1.45381
0 4 6.42077 0.0197399 16.9979 17 0.999875
0 5 6.41449 0.0189105 26.7777 18 1.48765
0 6 6.45879 0.0210197 10.0995 16 0.631216
0 7 6.46219 0.0212503 15.7388 18 0.874378
0 8 6.41402 0.0242451 19.474 16 1.21713
0 9 6.44811 0.0253262 14.3356 18 0.796421
0 10 6.45099 0.0223663 32.2488 24 1.3437
0 11 6.57791 0.0242098 19.3192 22 0.878144
0 12 6.47207 0.0275196 27.7817 26 1.06853
0 13 6.50784 0.0382839 29.7357 37 0.803668
0 14 6.12107 0.0413462 34.8171 25 1.39268
0 15 6.25653 0.074573 18.5669 21 0.88414
0 16 6.35599 0.0697957 35.3656 31 1.14083
0 17 6.6078 0.0845763 34.8195 31 1.12321
0 18 6.65663 0.0998459 18.6113 25 0.744452
0 19 6.75375 0.0784595 19.2261 26 0.739464
0 20 7.22866 0.0751208 36.2361 29 1.24952
0 21 7.00336 0.0453241 19.5732 27 0.724933
0 22 6.77299 0.0328045 32.0593 34 0.942921
0 23 6.83082 0.0320521 16.9439 26 0.651688
0 24 6.69186 0.0283325 29.826 26 1.14715
0 25 6.69722 0.0288144 14.4718 23 0.629209
0 26 6.6505 0.0233714 28.6494 26 1.1019
0 27 6.66083 0.0265902 13.8543 18 0.769681
0 28 6.59527 0.0248011 25.7585 18 1.43103
0 29 6.53244 0.0176584 37.9364 28 1.35487
0 30 6.5693 0.0220427 12.4539 18 0.691885
0 31 6.55648 0.0228789 7.31764 16 0.457353
0 32 6.48997 0.018313 42.6546 23 1.85455
0 33 6.48379 0.019653 21.8202 20 1.09101
0 34 6.50958 0.0207865 23.8982 18 1.32768
0 35 6.48889 0.0220102 13.4735 17 0.792559
0 36 6.44823 0.0235287 19.3254 16 1.20784
0 37 6.49483 0.0239849 11.2434 16 0.702709
0 38 6.42103 0.0236649 25.659 18 1.4255
0 39 6.45025 0.0212928 28.127 20 1.40635
0 40 6.43137 0.0253682 21.373 17 1.25724
0 41 6.40098 0.0284388 26.0502 16 1.62814
0 42 6.39162 0.0266276 20.257 22 0.920772
0 43 6.49314 0.0353229 7.78893 17 0.458172
0 44 6.44665 0.0333328 25.0186 25 1.00075
0 45 6.49611 0.0447327 12.4448 20 0.622239
0 46 6.53889 0.0479509 18.4522 24 0.76884
0 47 6.82254 0.0555143 19.0548 28 0.680528
0 48 6.82812 0.0559775 59.1147 33 1.79135
0 49 7.0411 0.0593314 20.1704 33 0.611226
0 50 7.04806 0.0676844 24.3067 34 0.714904
0 51 7.04718 0.0611521 31.6634 31 1.0214
0 52 6.9039 0.0516025 28.2131 27 1.04493
0 53 6.76103 0.0456529 25.0722 25 1.00289
0 54 6.56418 0.0411947 19.1781 25 0.767125
0 55 6.53774 0.0367175 22.6828 21 1.08014
0 56 6.56246 0.0321015 26.052 19 1.37116
0 57 6.53842 0.0308776 12.8846 18 0.715809
0 58 6.50845 0.0261121 18.0718 18 1.00399
0 59 6.47213 0.0247114 13.2533 17 0.779607
0 60 6.44108 0.0208608 32.9837 21 1.57065
0 61 6.43701 0.0214183 33.4492 18 1.85829
0 62 6.46162 0.0201497 15.5323 17 0.913664
0 63 6.43806 0.0204381 23.9737 17 1.41022
1 0 6.30657 0.019639 30.3949 26 1.16903
1 1 6.38504 0.0261766 15.0218 14 1.07299
1 2 6.31137 0.0224302 13.8002 20 0.690011
1 3 6.38166 0.0259864 15.1462 14 1.08187
1 4 6.35098 0.0261814 9.52236 15 0.634824
1 5 6.39649 0.0249103 6.88462 18 0.382479
1 6 6.40946 0.0275237 12.9162 15 0.861079
1 7 6.39841 0.0257575 13.7925 18 0.766249
1 8 6.41097 0.0266532 15.6178 20 0.780889
1 9 6.367 0.0271471 27.5507 22 1.2523
1 10 6.45905 0.0299158 23.8713 22 1.08506
1 11 6.48068 0.0354555 11.6572 18 0.64762
1 12 6.53969 0.0374785 34.5619 25 1.38248
1 13 6.7566 0.0514527 27.4587 35 0.784534
1 14 6.58144 0.0665318 20.556 29 0.708828
1 15 6.53974 0.0891929 30.6517 26 1.17891
1 16 6.81199 0.0945217 17.7097 23 0.769989
1 17 6.9726 0.104692 30.2856 35 0.865303
1 18 7.2589 0.102751 15.2066 25 0.608265
1 19 7.3733 0.0987535 23.6754 34 0.696336
1 20 7.27997 0.0910842 25.7291 36 0.714696
1 21 6.74885 0.0549907 42.2585 34 1.2429
1 22 6.71706 0.045045 35.5862 34 1.04665
1 23 6.64337 0.0455228 19.2605 24 0.802519
1 24 6.58023 0.0359958 16.7552 28 0.598401
1 25 6.59129 0.0396095 18.0723 19 0.951172
1 26 6.4974 0.0312474 21.8773 24 0.911554
1 27 6.52261 0.0313046 32.4605 21 1.54574
1 28 6.48546 0.0282647 35.4742 21 1.68925
1 29 6.45561 0.0322494 9.79149 17 0.57597
1 30 6.45327 0.0260814 22.406 20 1.1203
1 31 6.44779 0.0254605 19.2487 21 0.916604
1 32 6.39282 0.0224756 15.6282 24 0.651173
1 33 6.3823 0.0239487 15.9742 22 0.726099
1 34 6.41148 0.0277116 12.6768 17 0.745692
1 35 6.34216 0.0238128 24.1342 22 1.09701
1 36 6.36841 0.0266457 12.9069 18 0.717049
1 37 6.38039 0.0277325 28.1273 16 1.75796
1 38 6.33891 0.0324711 6.94209 15 0.462806
1 39 6.32714 0.0309537 11.3884 15 0.759229
1 40 6.32223 0.0298732 26.3693 20 1.31847
1 41 6.30425 0.030751 22.1243 20 1.10622
1 42 6.40445 0.0343931 13.4942 19 0.710223
1 43 6.40524 0.0428661 5.76108 17 0.338887
1 44 6.4302 0.0510243 19.178 19 1.00937
1 45 6.37436 0.0512036 21.2202 23 0.922617
1 46 6.44148 0.0611464 39.2131 31 1.26494
1 47 6.55558 0.0728781 18.6299 32 0.582183
1 48 6.76414 0.0744046 33.5679 38 0.883365
1 49 7.00544 0.0986334 23.5913 29 0.813492
1 50 7.1019 0.0844821 37.5176 39 0.96199
1 51 6.87778 0.08054 14.2857 30 0.476191
1 52 6.78328 0.0635322 24.705 27 0.914999
1 53 6.67502 0.0644739 14.0552 20 0.702759
1 54 6.50938 0.0454308 30.0325 28 1.07259
1 55 6.41389 0.0452828 9.90965 19 0.521561
1 56 6.43123 0.0404105 14.7891 19 0.778374
1 57 6.33605 0.0329475 15.6736 21 0.746363
1 58 6.32585 0.0315693 15.7315 18 0.873975
1 59 6.39942 0.0299901 16.9036 17 0.994329
1 60 6.31668 0.0345697 11.5961 14 0.82829
1 61 6.3111 0.0246632 16.5989 21 0.790426
1 62 6.34837 0.0211562 29.3028 24 1.22095
1 63 6.38048 0.0237592 8.25211 18 0.458451
2 0 6.68958 0.0257819 8.36545 15 0.557697
2 1 6.68807 0.0213106 16.6696 18 0.926089
2 2 6.69259 0.0220439 15.6917 18 0.87176
2 3 6.6948 0.02284 17.0736 17 1.00433
2 4 6.70562 0.0239539 9.31349 16 0.582093
2 5 6.67081 0.0228754 8.21983 17 0.483519
2 6 6.70904 0.0223483 20.6247 21 0.982131
2 7 6.71498 0.026055 18.3149 16 1.14468
2 8 6.74288 0.0294195 8.93566 16 0.558479
2 9 6.80196 0.024501 19.1594 20 0.957971
2 10 6.77867 0.028929 15.3782 20 0.768909
2 11 6.76607 0.0272112 33.5956 28 1.19984
2 12 6.82275 0.0344847 17.8621 25 0.714485
2 13 6.87315 0.0499663 28.1129 27 1.04122
2 14 6.88583 0.0653698 21.2924 23 0.925756
2 15 7.001 0.0865269 12.2422 20 0.612112
2 16 7.38165 0.0874587 18.4197 25 0.736789
2 17 7.36477 0.102942 36.2323 26 1.39355
2 18 7.73452 0.0852725 33.3515 28 1.19112
2 19 7.44738 0.0885911 29.9349 28 1.0691
2 20 7.337 0.0749887 37.2138 40 0.930345
2 21 7.31716 0.0522707 28.8201 29 0.993796
2 22 7.14449 0.0457483 35.4627 29 1.22285
2 23 7.08191 0.0380382 37.0676 32 1.15836
2 24 6.96895 0.0361314 24.2388 27 0.897733
2 25 7.02448 0.0328409 28.2398 22 1.28363
2 26 6.8905 0.0325149 11.2059 22 0.509359
2 27 6.95064 0.0302314 26.5244 20 1.32622
2 28 6.83193 0.0264795 37.1037 24 1.54599
2 29 6.84679 0.0260126 17.9506 23 0.78046
2 30 6.82868 0.02735 15.458 19 0.813581
2 31 6.77097 0.0213241 36.6704 26 1.4104
2 32 6.77451 0.0229705 30.6465 22 1.39302
2 33 6.77607 0.0251323 13.5719 19 0.71431
2 34 6.79067 0.0253202 12.6404 18 0.702244
2 35 6.75122 0.0233048 11.9635 22 0.543797
2 36 6.76363 0.0256425 29.9725 18 1.66514
2 37 6.71379 0.0267051 13.4197 18 0.745539
2 38 6.77877 0.0236397 27.9295 19 1.46998
2 39 6.72764 0.0304732 15.8731 18 0.881839
2 40 6.71965 0.0297878 19.7979 18 1.09988
2 41 6.68983 0.0292836 18.4682 21 0.87944
2 42 6.61541 0.0343999 14.3267 21 0.682223
2 43 6.66688 0.0376983 15.1533 20 0.757664
2 44 6.68467 0.0447229 11.7733 19 0.619646
2 45 6.73261 0.0485635 16.6957 25 0.667829
2 46 6.73209 0.06768 34.1978 20 1.70989
2 47 6.97632 0.0585886 59.1796 36 1.64388
2 48 7.04766 0.0801428 25.7704 30 0.859013
2 49 7.32344 0.0633799 40.6173 43 0.944588
2 50 7.3029 0.0781783 30.9483 34 0.910243
2 51 7.23547 0.0663969 51.6292 32 1.61341
2 52 6.97978 0.0598974 36.4658 41 0.889409
2 53 6.94817 0.0555482 31.2291 25 1.24916
2 54 6.90296 0.0523625 20.6693 25 0.826772
2 55 6.8021 0.0382926 24.3436 28 0.869413
2 56 6.81739 0.038314 15.5612 20 0.77806
2 57 6.68844 0.0296008 25.6817 26 0.987756
2 58 6.71915 0.0262822 25.1009 25 1.00404
2 59 6.80627 0.027017 18.2519 19 0.960629
2 60 6.70875 0.0286975 6.29148 17 0.370087
2 61 6.65003 0.0215111 18.4422 24 0.768426
2 62 6.70206 0.0211142 26.8276 20 1.34138
2 63 6.68462 0.022243 9.2714 20 0.46357
3 0 6.64181 0.0257478 12.3309 15 0.822063
3 1 6.65572 0.0235208 21.4021 17 1.25895
3 2 6.68682 0.0247744 14.474 15 0.964935
3 3 6.7111 0.0247937 11.3628 15 0.757518
3 4 6.69284 0.0249445 17.653 15 1.17686
3 5 6.72597 0.0244364 17.2014 17 1.01185
3 6 6.70882 0.0236194 22.7059 19 1.19505
3 7 6.6712 0.0233009 20.7791 21 0.989483
3 8 6.67106 0.0210267 50.1013 28 1.78933
3 9 6.73399 0.0291218 16.4663 18 0.914792
3 10 6.8121 0.0310769 13.4149 18 0.745273
3 11 6.78998 0.0330678 20.6208 21 0.981945
3 12 6.78349 0.0342322 33.8497 26 1.30191
3 13 6.89578 0.0453835 24.3966 33 0.739292
3 14 6.60534 0.0516671 19.077 24 0.794875
3 15 6.91769 0.0844319 13.2735 18 0.737414
3 16 6.96861 0.0906018 19.9455 20 0.997276
3 17 7.29997 0.0787623 32.6328 33 0.988872
3 18 7.28779 0.0722537 24.187 30 0.806234
3 19 7.23712 0.0950363 14.5932 25 0.583727
3 20 7.30534 0.0891402 15.3468 28 0.548102
3 21 7.31586 0.0519046 44.1575 39 1.13224
3 22 7.11152 0.0471056 42.5894 31 1.37385
3 23 6.99551 0.0455654 23.9113 24 0.996303
3 24 6.95212 0.0339665 22.2127 30 0.740424
3 25 6.96928 0.0337427 20.9723 24 0.873846
3 26 6.85164 0.0277427 46.1877 32 1.44337
3 27 6.86382 0.0256034 77.8873 37 2.10506
3 28 6.87327 0.0268743 17.5503 25 0.702014
3 29 6.78707 0.0256757 18.5781 24 0.774089
3 30 6.80094 0.0276692 18.0408 20 0.902039
3 31 6.77262 0.0252813 15.16 20 0.758
3 32 6.77551 0.0269647 13.3599 18 0.742216
3 33 6.76248 0.0255917 20.5401 20 1.027
3 34 6.7268 0.020609 38.9813 29 1.34418
3 35 6.76077 0.0239249 25.9378 21 1.23513
3 36 6.68232 0.0219728 44.6758 27 1.65466
3 37 6.71051 0.0267767 12.0737 20 0.603685
3 38 6.69082 0.0270607 13.5015 19 0.710604
3 39 6.61883 0.0283871 18.4472 20 0.92236
3 40 6.65669 0.0323105 14.4521 18 0.802894
3 41 6.70298 0.0335894 9.65605 19 0.508213
3 42 6.61479 0.0316927 19.0155 24 0.792311
3 43 6.64178 0.0313499 32.4903 28 1.16037
3 44 6.65804 0.0412412 24.8834 21 1.18492
3 45 6.75544 0.0491938 17.5857 22 0.799351
3 46 6.68791 0.0583929 15.8027 23 0.687073
3 47 7.01899 0.0604669 21.4449 29 0.73948
3 48 7.16239 0.0774425 27.8162 28 0.993437
3 49 7.1376 0.0841027 15.0787 29 0.519957
3 50 7.24934 0.0691348 49.4812 42 1.17812
3 51 7.32222 0.0776162 31.538 31 1.01736
3 52 7.07523 0.0615584 42.7103 32 1.3347
3 53 6.89423 0.050521 46.8434 38 1.23272
3 54 6.95777 0.0495753 23.1512 24 0.964634
3 55 6.76906 0.0433992 25.3453 26 0.97482
3 56 6.75932 0.0391951 17.5946 20 0.879728
3 57 6.74217 0.0360076 23.7903 18 1.32168
3 58 6.70198 0.0296907 28.4472 20 1.42236
3 59 6.7356 0.0312642 13.5723 16 0.848269
3 60 6.62034 0.0218087 36.1368 26 1.38988
3 61 6.63407 0.0235803 24.2232 22 1.10105
3 62 6.66915 0.0235464 21.5195 18 1.19553
3 63 6.60474 0.0255939 9.25837 16 0.578648
4 0 6.62843 0.0237517 14.3402 17 0.843544
4 1 6.59524 0.0191867 25.4423 25 1.01769
4 2 6.60061 0.0180254 35.6124 26 1.36971
4 3 6.64808 0.019716 21.955 22 0.997952
4 4 6.68242 0.0232407 12.2365 16 0.764783
4 5 6.69197 0.0239613 15.7427 17 0.92604
4 6 6.74968 0.0222517 26.4733 18 1.47074
4 7 6.70548 0.0246812 11.7017 18 0.650093
4 8 6.67884 0.0231228 8.1859 22 0.372086
4 9 6.67711 0.0257136 18.7125 22 0.850567
4 10 6.77765 0.0278151 23.1743 20 1.15872
4 11 6.77871 0.0296961 18.5131 23 0.804918
4 12 6.76067 0.0305331 30.6659 29 1.05744
4 13 6.87718 0.0407927 21.2153 23 0.922406
4 14 6.99735 0.0393253 33.2646 38 0.875384
4 15 7.06035 0.0528312 22.3799 33 0.67818
4 16 7.56289 0.05743 26.9805 34 0.793544
4 17 7.73313 0.0615439 29.889 38 0.786553
4 18 7.74405 0.0583673 40.0464 50 0.800929
4 19 7.77609 0.0639281 36.4695 37 0.985662
4 20 7.55476 0.0591631 35.5001 35 1.01429
4 21 7.38545 0.0692211 20.1191 32 0.628721
4 22 7.19102 0.0447731 50.3276 38 1.32441
4 23 7.11797 0.0438153 30.5048 26 1.17326
4 24 6.96774 0.0409892 26.379 26 1.01458
4 25 6.91047 0.0353617 31.8748 26 1.22596
4 26 6.97375 0.0319019 27.2478 24 1.13533
4 27 6.88052 0.0274115 36.3096 29 1.25205
4 28 6.8519 0.0279427 40.4987 24 1.68745
4 29 6.80743 0.0236181 18.1507 29 0.625887
4 30 6.79681 0.0259508 16.1363 23 0.701577
4 31 6.80863 0.0254177 14.3957 23 0.625899
4 32 6.76809 0.0207659 29.8401 30 0.994669
4 33 6.73199 0.0235259 16.6147 22 0.755216
4 34 6.7418 0.0261948 11.6102 20 0.580508
4 35 6.7364 0.0258655 17.0323 19 0.896436
4 36 6.73223 0.0213148 32.2847 27 1.19573
4 37 6.74596 0.0263079 13.2948 19 0.699725
4 38 6.71698 0.0251116 17.6491 24 0.735379
4 39 6.63634 0.0228995 58.9309 30 1.96436
4 40 6.68705 0.0312402 23.2837 19 1.22546
4 41 6.78702 0.0303776 25.9417 19 1.36535
4 42 6.7193 0.0387049 7.29635 18 0.405353
4 43 6.66939 0.0385775 17.2672 19 0.908799
4 44 6.74145 0.0381999 20.317 23 0.883348
4 45 6.78619 0.0391873 44.1675 27 1.63583
4 46 6.80139 0.0477775 20.32 29 0.700691
4 47 6.79954 0.0543176 25.1879 32 0.787122
4 48 6.99949 0.0633171 22.1298 32 0.691556
4 49 7.06212 0.0689149 26.9503 31 0.869364
4 50 7.17144 0.0655369 40.7732 39 1.04547
4 51 7.2884 0.0626831 24.5909 31 0.793253
4 52 7.00775 0.0569925 51.5628 40 1.28907
4 53 7.06153 0.048998 30.3338 33 0.919205
4 54 6.90257 0.0515643 30.3446 26 1.1671
4 55 6.70576 0.0463654 21.712 22 0.986907
4 56 6.76703 0.0419102 15.8363 21 0.754111
4 57 6.67982 0.0326814 21.971 23 0.955263
4 58 6.68617 0.0308617 19.0576 22 0.866255
4 59 6.6375 0.0273986 18.8148 22 0.855217
4 60 6.67976 0.0276554 23.1862 19 1.22033
4 61 6.66735 0.0245868 16.1868 20 0.80934
4 62 6.64545 0.0241138 16.6443 19 0.876015
4 63 6.64291 0.0236667 20.6146 18 1.14526
5 0 6.4538 0.0204879 34.3281 23 1.49253
5 1 6.49501 0.0225031 17.696 17 1.04094
5 2 6.53273 0.0230308 17.79 17 1.04647
5 3 6.42427 0.0178963 44.6912 26 1.71889
5 4 6.50261 0.0191449 26.4538 24 1.10224
5 5 6.53656 0.0226516 21.7219 17 1.27776
5 6 6.49925 0.0194824 30.3512 25 1.21405
5 7 6.48309 0.0214008 22.8102 24 0.950426
5 8 6.56173 0.0266997 25.5663 16 1.5979
5 9 6.60339 0.0266577 19.8096 19 1.04261
5 10 6.57532 0.0253499 22.1129 23 0.961429
5 11 6.63855 0.0278846 17.4675 23 0.759459
5 12 6.6452 0.0350601 23.918 21 1.13895
5 13 6.74536 0.0364424 26.3643 24 1.09851
5 14 6.87514 0.0421245 21.6172 27 0.800638
5 15 7.02556 0.0440841 33.089 37 0.894298
5 16 7.32979 0.0459408 36.3484 37 0.98239
5 17 7.39461 0.0694373 40.1438 37 1.08497
5 18 7.5497 0.0614547 41.0678 39 1.05302
5 19 7.6222 0.0633385 37.5699 33 1.13848
5 20 7.49497 0.0561552 39.669 38 1.04392
5 21 7.18459 0.0519905 37.2041 39 0.953951
5 22 7.06865 0.0455343 46.7922 38 1.23137
5 23 6.95403 0.0391319 38.885 34 1.14368
5 24 6.88411 0.0421602 25.3733 25 1.01493
5 25 6.85384 0.0386049 19.2623 22 0.875557
5 26 6.86915 0.0329679 41.6256 25 1.66502
5 27 6.81277 0.0329149 18.1838 19 0.957043
5 28 6.72224 0.0276782 26.9396 24 1.12248
5 29 6.7064 0.0262938 21.2096 25 0.848382
5 30 6.70527 0.0280978 15.6765 22 0.712567
5 31 6.66057 0.025265 24.4577 25 0.978309
5 32 6.68692 0.0299429 10.882 18 0.604556
5 33 6.6031 0.0292735 18.0012 18 1.00006
5 34 6.70583 0.0269513 13.9944 19 0.736546
5 35 6.58321 0.0217678 18.9373 28 0.676333
5 36 6.65439 0.0266133 19.7403 18 1.09668
5 37 6.65197 0.0271505 15.7988 19 0.831518
5 38 6.64689 0.0291538 10.2234 18 0.567966
5 39 6.53721 0.026096 21.9738 23 0.955381
5 40 6.55469 0.0245748 35.9722 27 1.3323
5 41 6.54314 0.0301742 8.11442 23 0.352801
5 42 6.48882 0.0374297 14.0713 17 0.827724
5 43 6.56586 0.0341496 28.4864 23 1.23854
5 44 6.6299 0.0358365 16.0196 21 0.762839
5 45 6.58615 0.0399133 22.867 28 0.816679
5 46 6.688 0.0576317 14.8173 21 0.705586
5 47 6.65893 0.0491737 42.754 35 1.22154
5 48 6.88264 0.0587265 36.1746 32 1.13046
5 49 7.10183 0.0583646 53.5806 33 1.62366
5 50 6.98326 0.0682851 50.5405 39 1.29591
5 51 6.98418 0.0643082 24.8816 36 0.691154
5 52 6.97452 0.0631784 34.3288 29 1.18375
5 53 6.72056 0.0511169 53.8346 39 1.38037
5 54 6.71877 0.0540452 20.4093 24 0.850387
5 55 6.63549 0.0450536 26.4831 26 1.01858
5 56 6.60158 0.0360648 26.6745 27 0.987944
5 57 6.56741 0.0393834 17.3767 21 0.82746
5 58 6.57213 0.0320656 26.0242 21 1.23925
5 59 6.48608 0.0314099 9.67627 18 0.53757
5 60 6.53614 0.0278236 19.6109 18 1.08949
5 61 6.49956 0.0277228 11.2092 17 0.659366
5 62 6.4277 0.019667 47.715 29 1.64535
5 63 6.47571 0.0249354 22.6352 17 1.33148
6 0 6.38538 0.0198173 29.2586 22 1.32994
6 1 6.42806 0.0205385 27.3252 20 1.36626
6 2 6.42059 0.0199935 18.2511 20 0.912555
6 3 6.42487 0.0205985 17.3733 18 0.965186
6 4 6.47507 0.0229775 26.7429 16 1.67143
6 5 6.4602 0.0210998 15.0683 19 0.793067
6 6 6.51302 0.0238995 18.1466 16 1.13416
6 7 6.45434 0.0241262 23.0575 17 1.35633
6 8 6.50161 0.0254506 15.3877 16 0.961734
6 9 6.5335 0.0251968 20.9592 18 1.1644
6 10 6.49959 0.0266939 26.6403 20 1.33202
6 11 6.55726 0.03081 15.517 19 0.816687
6 12 6.60129 0.0341093 12.1646 20 0.608229
6 13 6.67528 0.0386543 12.1206 21 0.577173
6 14 6.79569 0.0460065 15.0046 23 0.652372
6 15 6.88259 0.0492103 15.7095 28 0.561055
6 16 7.07263 0.0565055 32.876 29 1.13365
6 17 7.30788 0.0657736 18.1782 33 0.550854
6 18 7.5594 0.0556162 41.3257 38 1.08752
6 19 7.52789 0.064263 40.6719 36 1.12978
6 20 7.26542 0.0562217 45.4959 40 1.1374
6 21 7.09391 0.058896 32.5601 33 0.986671
6 22 7.01235 0.0478516 28.8184 34 0.847599
6 23 6.91947 0.0453814 13.7924 26 0.530476
6 24 6.916 0.0422721 16.4951 25 0.659803
6 25 6.80674 0.0363058 25.1246 25 1.00498
6 26 6.70091 0.0358295 15.8638 21 0.75542
6 27 6.7013 0.0325926 25.6694 20 1.28347
6 28 6.7546 0.0314015 23.5418 20 1.17709
6 29 6.67009 0.0291081 19.7129 21 0.938711
6 30 6.62458 0.0244149 32.8604 25 1.31441
6 31 6.66144 0.0284566 22.0477 19 1.1604
6 32 6.58995 0.0255178 21.6926 21 1.03298
6 33 6.5762 0.0269514 16.9312 18 0.940622
6 34 6.51686 0.0235185 12.4798 21 0.594278
6 35 6.64127 0.0261424 14.2817 18 0.79343
6 36 6.56895 0.0279496 18.3352 17 1.07854
6 37 6.50034 0.0221277 19.6487 27 0.727728
6 38 6.53164 0.0291178 21.3374 17 1.25514
6 39 6.53715 0.0266227 19.8328 21 0.944418
6 40 6.47824 0.0293901 24.7028 20 1.23514
6 41 6.49468 0.0364043 15.5601 16 0.972509
6 42 6.48692 0.0273463 25.2448 28 0.901601
6 43 6.49648 0.039814 16.8877 17 0.993392
6 44 6.48909 0.038211 15.8267 22 0.719395
6 45 6.62909 0.0369826 25.2683 23 1.09862
6 46 6.5084 0.0443104 19.0797 25 0.763188
6 47 6.52204 0.0557209 23.3745 25 0.934979
6 48 6.60691 0.0602566 26.0143 25 1.04057
6 49 6.94244 0.0609607 43.2527 27 1.60195
6 50 6.86138 0.0713615 24.6495 32 0.770296
6 51 6.96453 0.0640111 28.4146 29 0.979813
6 52 6.90414 0.0660776 13.6898 25 0.547592
6 53 6.88551 0.0542343 32.6971 31 1.05475
6 54 6.63019 0.0466221 53.8904 36 1.49696
6 55 6.51275 0.0446857 39.839 29 1.37376
6 56 6.54577 0.0407749 23.644 21 1.1259
6 57 6.43844 0.032078 28.2697 27 1.04703
6 58 6.39022 0.0292118 26.4239 25 1.05696
6 59 6.43871 0.03267 16.1299 16 1.00812
6 60 6.43804 0.0290672 17.5862 16 1.09914
6 61 6.44626 0.0263499 22.7153 17 1.33619
6 62 6.46 0.026153 24.8682 17 1.46283
6 63 6.43148 0.0232333 21.1598 17 1.2447
7 0 6.42022 0.025159 12.2617 17 0.721278
7 1 6.36993 0.0233179 18.3959 16 1.14974
7 2 6.44264 0.0235972 12.8376 18 0.713202
7 3 6.40171 0.0236061 12.6548 17 0.744401
7 4 6.41682 0.0242771 15.8018 16 0.987613
7 5 6.43059 0.0252244 10.0564 16 0.628526
7 6 6.46798 0.0246786 22.7196 17 1.33645
7 7 6.48265 0.0284371 19.338 16 1.20863
7 8 6.47797 0.0271604 17.1238 16 1.07024
7 9 6.46577 0.0253248 15.2663 20 0.763313
7 10 6.51624 0.0295273 7.51153 19 0.395344
7 11 6.55436 0.0314183 19.7009 20 0.985043
7 12 6.56753 0.0325024 27.0157 23 1.1746
7 13 6.59417 0.040317 11.5856 22 0.526617
7 14 6.68137 0.0428433 33.205 29 1.145
7 15 6.93701 0.0458485 28.9698 30 0.96566
7 16 7.00628 0.0565651 27.3307 31 0.881634
7 17 7.24955 0.0591161 41.4585 39 1.06304
7 18 7.40372 0.0567239 65.415 45 1.45367
7 19 7.55932 0.0633464 23.7111 40 0.592778
7 20 7.26193 0.0579167 35.8643 46 0.779658
7 21 7.2313 0.055848 35.6714 33 1.08095
7 22 6.94001 0.0465681 34.0292 40 0.850729
7 23 6.91393 0.0444465 45.7611 30 1.52537
7 24 6.74129 0.0455035 16.3437 25 0.653749
7 25 6.70064 0.0360978 34.1318 33 1.0343
7 26 6.63123 0.0303034 32.6038 31 1.05174
7 27 6.71842 0.0322494 20.4098 23 0.887381
7 28 6.70619 0.0285957 12.0828 24 0.503448
7 29 6.61755 0.0258906 42.138 27 1.56067
7 30 6.56913 0.0260057 15.6312 24 0.651301
7 31 6.60972 0.0307362 13.5091 19 0.711006
7 32 6.61549 0.0288833 14.9185 18 0.828808
7 33 6.54618 0.0273762 33.1877 20 1.65939
7 34 6.59159 0.0284228 20.1852 18 1.1214
7 35 6.52312 0.0284452 23.7283 19 1.24886
7 36 6.50109 0.0267622 17.0937 20 0.854686
7 37 6.5432 0.0309238 10.5949 17 0.623228
7 38 6.51444 0.0287114 14.7856 19 0.778191
7 39 6.47838 0.0264412 14.5624 25 0.582498
7 40 6.5043 0.0324667 14.0029 18 0.777942
7 41 6.55352 0.0324072 25.6633 19 1.3507
7 42 6.53461 0.0336437 22.7101 22 1.03228
7 43 6.37137 0.0310969 38.5975 29 1.33095
7 44 6.51357 0.0366088 24.5276 22 1.11489
7 45 6.52884 0.0465586 14.4778 19 0.761989
7 46 6.56386 0.0462187 28.7414 24 1.19756
7 47 6.53054 0.0473222 36.7026 36 1.01952
7 48 6.70694 0.0583229 39.3258 30 1.31086
7 49 6.74764 0.0653603 31.8237 31 1.02657
7 50 6.76308 0.0619137 31.9115 42 0.759797
7 51 6.84631 0.0622622 29.7408 38 0.782653
7 52 6.86384 0.0653389 24.5397 31 0.791603
7 53 6.85842 0.061148 34.6165 32 1.08177
7 54 6.56596 0.0527695 25.9311 29 0.894177
7 55 6.53002 0.0503452 23.6637 23 1.02886
7 56 6.54731 0.0424086 19.8349 24 0.826455
7 57 6.47572 0.0398155 15.2957 19 0.805038
7 58 6.41987 0.0369699 22.4766 18 1.2487
7 59 6.43362 0.0287519 30.4678 22 1.3849
7 60 6.43482 0.0299089 12.9926 18 0.721813
7 61 6.36031 0.023542 34.4431 24 1.43513
7 62 6.37947 0.0291711 10.649 16 0.665564
7 63 6.35626 0.0237859 28.9653 20 1.44827
8 0 6.41072 0.0220061 22.8284 16 1.42677
8 1 6.34365 0.0203079 33.1293 19 1.74365
8 2 6.35281 0.0247345 18.1894 15 1.21262
8 3 6.35205 0.0251361 14.0128 14 1.00092
8 4 6.36859 0.0240272 13.5117 15 0.900783
8 5 6.36315 0.0193899 33.4843 21 1.59449
8 6 6.40998 0.0236522 8.63484 16 0.539678
8 7 6.48592 0.0228564 17.9123 15 1.19415
8 8 6.46555 0.0253431 27.7695 16 1.73559
8 9 6.46108 0.0266419 19.9352 17 1.17266
8 10 6.51669 0.0300547 11.9187 16 0.744921
8 11 6.50221 0.0332162 9.03197 16 0.564498
8 12 6.57358 0.0314608 27.9491 21 1.33091
8 13 6.62679 0.0387254 13.709 20 0.685451
8 14 6.64149 0.0374288 24.4631 30 0.815436
8 15 6.84448 0.0493121 22.6893 27 0.840345
8 16 7.13972 0.0513084 25.2861 32 0.79019
8 17 7.1956 0.0654364 53.3333 34 1.56863
8 18 7.41792 0.0631523 20.4307 36 0.56752
8 19 7.48311 0.0629635 41.3354 39 1.05988
8 20 7.39908 0.0570472 29.1385 43 0.677638
8 21 7.22148 0.0529162 25.1441 39 0.644722
8 22 7.06496 0.0490833 36.5217 37 0.987072
8 23 6.89078 0.046536 31.8264 30 1.06088
8 24 6.81225 0.0374293 34.6319 34 1.01859
8 25 6.73197 0.0415131 17.2403 22 0.783648
8 26 6.69524 0.0291211 21.398 32 0.668686
8 27 6.58428 0.0271857 30.3153 30 1.01051
8 28 6.64511 0.0304923 29.4858 23 1.28199
8 29 6.61175 0.0292823 15.7011 21 0.747673
8 30 6.58749 0.0334387 6.18236 18 0.343464
8 31 6.47636 0.0217613 41.9524 30 1.39841
8 32 6.47113 0.0249973 24.4578 23 1.06338
8 33 6.51171 0.0213574 38.9548 27 1.44277
8 34 6.50992 0.0243866 27.3982 20 1.36991
8 35 6.50751 0.0280182 16.0626 17 0.944858
8 36 6.47561 0.0230468 31.1903 24 1.2996
8 37 6.4364 0.0230619 37.009 26 1.42342
8 38 6.42667 0.0250116 14.0452 21 0.668818
8 39 6.43593 0.0318794 8.56345 16 0.535216
8 40 6.44531 0.028015 19.9199 20 0.995997
8 41 6.44398 0.0281201 31.9149 23 1.38761
8 42 6.47156 0.0371429 14.2714 17 0.839491
8 43 6.40927 0.0321057 29.1417 25 1.16567
8 44 6.4646 0.0405275 8.09865 21 0.38565
8 45 6.41496 0.0461141 13.9491 19 0.734162
8 46 6.44305 0.0410904 34.3948 32 1.07484
8 47 6.45628 0.0537854 21.3342 25 0.853366
8 48 6.63825 0.0637295 20.1233 23 0.874927
8 49 6.71945 0.0539287 31.3262 32 0.978943
8 50 6.79709 0.0751294 27.8824 30 0.929414
8 51 6.86614 0.0596864 47.7778 36 1.32716
8 52 6.80282 0.0601414 27.6065 35 0.788756
8 53 6.65178 0.0608259 37.2101 30 1.24034
8 54 6.60804 0.0588165 12.9448 23 0.562819
8 55 6.4668 0.0536834 17.3015 23 0.752238
8 56 6.46773 0.0364687 20.2652 29 0.698799
8 57 6.3808 0.039118 15.9838 19 0.84125
8 58 6.40028 0.0326942 14.0985 21 0.671356
8 59 6.38867 0.0295938 29.0943 20 1.45471
8 60 6.31641 0.0239528 32.2349 25 1.2894
8 61 6.4044 0.0262713 21.475 19 1.13026
8 62 6.36787 0.028522 23.9025 14 1.70732
8 63 6.35897 0.021971 12.8329 20 0.641643
9 0 6.24632 0.0263695 28.286 16 1.76788
9 1 6.25615 0.0214649 24.9888 17 1.46993
9 2 6.1948 0.0188204 35.5448 23 1.54543
9 3 6.29266 0.0253557 14.966 14 1.069
9 4 6.25197 0.0208978 27.2914 19 1.43639
9 5 6.22661 0.0227858 13.5293 17 0.795843
9 6 6.24942 0.024888 7.43219 15 0.495479
9 7 6.31275 0.0260485 14.4631 15 0.964203
9 8 6.31208 0.0251801 13.0798 18 0.726654
9 9 6.30544 0.0268292 14.5533 17 0.856075
9 10 6.33214 0.028538 20.9383 17 1.23167
9 11 6.29845 0.0255448 23.633 26 0.908961
9 12 6.40025 0.0327965 19.2877 20 0.964386
9 13 6.51424 0.036111 23.6156 22 1.07344
9 14 6.51621 0.0439721 16.7935 22 0.763342
9 15 6.58144 0.0458367 23.2203 32 0.725635
9 16 6.78796 0.0509817 39.0546 39 1.0014
9 17 7.15512 0.0505795 30.5896 40 0.76474
9 18 7.25115 0.0538188 34.2999 36 0.952776
9 19 7.33144 0.0629982 24.5695 34 0.722633
9 20 7.27207 0.0626931 22.1689 32 0.692777
9 21 7.12035 0.0546649 31.5448 36 0.876244
9 22 6.93244 0.0540888 35.5108 31 1.14551
9 23 6.77218 0.0453498 25.827 34 0.759617
9 24 6.70385 0.0437253 15.0089 25 0.600357
9 25 6.55548 0.0323147 28.8458 35 0.824167
9 26 6.60986 0.0369018 17.8355 22 0.810705
9 27 6.54934 0.0331075 22.7195 22 1.0327
9 28 6.51297 0.0346738 13.695 19 0.720789
9 29 6.46015 0.0277771 16.0011 23 0.695702
9 30 6.46893 0.0313401 14.4697 18 0.803874
9 31 6.40993 0.022768 34.3563 28 1.22701
9 32 6.4437 0.026143 30.735 21 1.46357
9 33 6.39928 0.028984 6.84113 18 0.380063
9 34 6.35625 0.0245572 26.6845 22 1.21293
9 35 6.33783 0.026846 20.5222 18 1.14012
9 36 6.34308 0.0291252 10.8514 17 0.638317
9 37 6.34764 0.0284235 11.5775 16 0.723593
9 38 6.36785 0.0233314 23.1359 20 1.15679
9 39 6.36399 0.0334903 22.8122 15 1.52081
9 40 6.2676 0.0251268 25.8245 26 0.993249
9 41 6.28045 0.0295639 15.6691 21 0.746146
9 42 6.26957 0.0268704 48.1954 27 1.78502
9 43 6.30502 0.0397814 9.2169 16 0.576057
9 44 6.274 0.0397824 11.652 20 0.582601
9 45 6.3327 0.0423033 26.1555 22 1.18889
9 46 6.37989 0.0476234 23.0606 22 1.04821
9 47 6.3214 0.0500126 36.3266 27 1.34543
9 48 6.5367 0.0627718 13.5994 25 0.543976
9 49 6.74947 0.058411 37.953 33 1.15009
9 50 6.71282 0.0699716 33.9158 31 1.09406
9 51 6.65611 0.064361 47.1718 41 1.15053
9 52 6.68307 0.0621121 30.3445 39 0.778064
9 53 6.736 0.0560332 42.4469 34 1.24844
9 54 6.61951 0.0508676 27.0037 29 0.931162
9 55 6.4316 0.043778 31.573 33 0.956759
9 56 6.28939 0.0468108 21.4334 21 1.02064
9 57 6.21445 0.0345397 33.903 28 1.21082
9 58 6.34884 0.0349499 14.4198 20 0.720988
9 59 6.23479 0.0332598 4.93265 18 0.274036
9 60 6.23718 0.026054 30.1786 23 1.31211
9 61 6.25011 0.0274858 25.4405 17 1.4965
9 62 6.18308 0.0234211 18.9855 21 0.904073
9 63 6.19893 0.0222779 33.6176 19 1.76935
10 0 6.12729 0.0274214 19.3593 15 1.29062
10 1 6.18068 0.026029 18.3085 13 1.40835
10 2 6.21601 0.0271405 5.03613 14 0.359723
10 3 6.20048 0.0247328 10.8842 14 0.77744
10 4 6.1765 0.0222493 16.542 17 0.973061
10 5 6.20604 0.0226823 16.5857 16 1.03661
10 6 6.2796 0.0245995 12.8627 15 0.857515
10 7 6.28089 0.0234243 29.7405 16 1.85878
10 8 6.27712 0.0264761 9.82146 16 0.613842
10 9 6.30522 0.0224923 20.5281 21 0.97753
10 10 6.32578 0.0284735 12.0157 17 0.706804
10 11 6.33932 0.0294563 9.96705 18 0.553725
10 12 6.41887 0.0301121 23.9978 22 1.09081
10 13 6.43693 0.0332514 32.6777 25 1.30711
10 14 6.50805 0.034678 41.1778 33 1.24781
10 15 6.62558 0.0442154 29.5027 34 0.867727
10 16 6.86979 0.0504599 21.0834 29 0.727013
10 17 6.98577 0.0487274 54.6002 40 1.36501
10 18 7.21787 0.061078 17.37 33 0.526364
10 19 7.3089 0.0538467 30.5808 33 0.926692
10 20 7.12817 0.0491996 45.1717 41 1.10175
10 21 7.06733 0.0558433 21.6308 29 0.745889
10 22 6.89679 0.0468273 25.8991 34 0.761739
10 23 6.87151 0.0497215 19.9824 26 0.768555
10 24 6.61849 0.0417581 15.6873 28 0.56026
10 25 6.57221 0.0354958 29.8166 28 1.06488
10 26 6.58636 0.0314479 24.3637 26 0.937067
10 27 6.39444 0.0273246 32.6669 31 1.05377
10 28 6.4631 0.0293262 23.8922 23 1.03879
10 29 6.48247 0.0303382 17.0234 19 0.89597
10 30 6.33119 0.0232438 25.8046 31 0.832406
10 31 6.44221 0.02691 11.3723 20 0.568616
10 32 6.35444 0.0281321 12.8163 18 0.712017
10 33 6.39859 0.0243294 20.7944 20 1.03972
10 34 6.41918 0.0245247 30.5715 20 1.52858
10 35 6.31864 0.0241128 23.0448 22 1.04749
10 36 6.37156 0.0255432 16.7519 19 0.881679
10 37 6.30321 0.0276197 20.2807 17 1.19298
10 38 6.23462 0.0225675 30.021 28 1.07218
10 39 6.29626 0.0259237 19.3862 22 0.88119
10 40 6.30042 0.0319041 19.1354 18 1.06308
10 41 6.32171 0.0359511 15.4958 16 0.968487
10 42 6.29697 0.0331808 18.6747 16 1.16717
10 43 6.29298 0.0375379 13.0368 18 0.724268
10 44 6.3575 0.0412777 22.1522 17 1.30307
10 45 6.37686 0.0450818 17.1314 20 0.856568
10 46 6.34306 0.0480523 21.7878 21 1.03751
10 47 6.45916 0.0530496 21.7615 23 0.946152
10 48 6.51845 0.0583015 18.5136 24 0.7714
10 49 6.50319 0.0533669 56.0772 38 1.47571
10 50 6.77569 0.06061 35.5654 32 1.11142
10 51 6.68351 0.0637515 33.0068 36 0.916857
10 52 6.70496 0.0573128 29.3567 31 0.94699
10 53 6.68252 0.0587055 31.4917 32 0.984117
10 54 6.49086 0.0511201 25.3233 32 0.791354
10 55 6.40581 0.0526797 18.9383 22 0.860833
10 56 6.35247 0.0406855 29.294 26 1.12669
10 57 6.25034 0.0324347 32.3499 32 1.01093
10 58 6.31662 0.0347778 17.2586 20 0.862931
10 59 6.18544 0.0299451 18.0167 22 0.818942
10 60 6.22957 0.0333265 12.4088 15 0.82725
10 61 6.18729 0.0292273 9.4555 17 0.556206
10 62 6.19348 0.0301173 6.62045 14 0.472889
10 63 6.19673 0.0246336 18.4824 17 1.0872
11 0 6.23397 0.0248768 17.8987 17 1.05286
11 1 6.21685 0.0246895 18.291 17 1.07594
11 2 6.25178 0.0243944 13.56 15 0.903997
11 3 6.32405 0.0232546 24.5446 16 1.53403
11 4 6.27086 0.022065 22.5083 18 1.25046
11 5 6.26641 0.0247314 9.46082 16 0.591302
11 6 6.34845 0.0251815 14.9077 15 0.993848
11 7 6.32876 0.0254177 22.7123 15 1.51415
11 8 6.30208 0.0195356 34.4811 27 1.27708
11 9 6.36385 0.0269269 16.6888 17 0.981694
11 10 6.44413 0.0272952 21.4865 18 1.19369
11 11 6.36798 0.0260665 36.3333 26 1.39743
11 12 6.3612 0.0272118 34.6635 29 1.19529
11 13 6.51797 0.0365368 18.832 21 0.89676
11 14 6.61837 0.0354385 41.2025 32 1.28758
11 15 6.70556 0.0393725 37.046 36 1.02906
11 16 6.92882 0.0470772 37.4691 38 0.986028
11 17 7.1237 0.0556391 26.2493 35 0.749981
11 18 7.19336 0.0597227 34.9335 35 0.998099
11 19 7.35629 0.0578374 37.9373 40 0.948432
11 20 7.24033 0.0578453 44.9284 36 1.24801
11 21 7.20294 0.0524116 24.2278 38 0.637574
11 22 6.95014 0.0462486 43.3507 40 1.08377
11 23 6.85987 0.0435863 35.5582 32 1.1112
11 24 6.69408 0.0436188 22.1701 26 0.852695
11 25 6.58809 0.0350678 25.0146 30 0.833819
11 26 6.60531 0.0339433 16.3769 26 0.629881
11 27 6.60719 0.0367228 20.759 19 1.09258
11 28 6.49228 0.0303565 22.7288 25 0.909152
11 29 6.51474 0.0316186 11.1145 19 0.584973
11 30 6.50018 0.0289547 18.5265 21 0.882213
11 31 6.44877 0.0262091 25.9588 24 1.08162
11 32 6.43344 0.0310022 15.4791 17 0.910533
11 33 6.40245 0.0284694 13.9133 18 0.772962
11 34 6.44441 0.0297233 14.601 17 0.85888
11 35 6.41233 0.0294096 22.3447 17 1.31439
11 36 6.38064 0.0294827 9.78151 18 0.543417
11 37 6.39375 0.0293029 19.7399 18 1.09666
11 38 6.33283 0.0229637 43.8881 26 1.688
11 39 6.3813 0.02981 10.7006 17 0.629447
11 40 6.38767 0.0330974 12.7256 17 0.748563
11 41 6.32383 0.0269786 26.7431 26 1.02858
11 42 6.41283 0.0341498 21.9669 19 1.15615
11 43 6.36295 0.0342737 27.0879 21 1.2899
11 44 6.4349 0.0344363 31.3653 21 1.49359
11 45 6.39853 0.0471517 14.6277 20 0.731386
11 46 6.42931 0.0486143 28.8845 23 1.25585
11 47 6.4267 0.0500783 21.9935 27 0.814575
11 48 6.63194 0.0559254 31.4475 27 1.16472
11 49 6.61099 0.060478 40.7124 33 1.23371
11 50 6.66476 0.0663974 28.8926 36 0.802573
11 51 6.68241 0.0646398 24.7473 36 0.687424
11 52 6.72728 0.061695 35.0179 37 0.94643
11 53 6.70657 0.060612 29.3046 32 0.915768
11 54 6.56944 0.0530719 36.5778 34 1.07582
11 55 6.47603 0.051801 13.1443 23 0.571492
11 56 6.35956 0.0402088 27.9107 31 0.900344
11 57 6.36891 0.0443151 21.0663 20 1.05331
11 58 6.34847 0.0328911 17.0154 21 0.810256
11 59 6.30708 0.034781 10.1734 18 0.565186
11 60 6.26665 0.0322005 7.6712 17 0.451247
11 61 6.24962 0.024746 25.1487 24 1.04786
11 62 6.23914 0.0296305 12.8345 16 0.802154
11 63 6.25792 0.024977 13.8619 18 0.770105
12 0 6.27362 0.0270743 12.2109 15 0.814061
12 1 6.20435 0.0231726 9.47408 19 0.498636
12 2 6.27867 0.0247066 7.44068 14 0.531477
12 3 6.27068 0.0226053 14.764 17 0.86847
12 4 6.28602 0.0225104 19.0112 18 1.05618
12 5 6.28156 0.0192284 24.901 23 1.08265
12 6 6.3262 0.0255446 21.08 15 1.40533
12 7 6.29033 0.0193263 23.7494 25 0.949976
12 8 6.32908 0.0256427 21.6321 18 1.20179
12 9 6.38207 0.0281924 11.2403 16 0.70252
12 10 6.29979 0.0217609 34.462 29 1.18835
12 11 6.36743 0.0280567 16.9942 22 0.772466
12 12 6.4162 0.0339927 21.6291 20 1.08145
12 13 6.50946 0.0367235 18.4105 22 0.83684
12 14 6.6288 0.040917 32.5984 26 1.25379
12 15 6.63796 0.0425588 33.9972 36 0.944367
12 16 6.99487 0.0478586 28.8557 32 0.90174
12 17 7.12342 0.0518919 27.6705 41 0.674891
12 18 7.21817 0.0576713 18.4493 38 0.485507
12 19 7.41863 0.0566975 32.8444 38 0.864327
12 20 7.27022 0.0531468 39.4562 42 0.939434
12 21 7.03461 0.0601359 39.7378 41 0.969214
12 22 6.96364 0.0477962 27.4008 36 0.761135
12 23 6.8095 0.0449453 35.3623 36 0.982286
12 24 6.72658 0.0370881 40.6213 38 1.06898
12 25 6.65454 0.0361149 32.3707 31 1.04422
12 26 6.63703 0.0363618 13.5658 23 0.589819
12 27 6.56652 0.0316597 19.4068 24 0.808618
12 28 6.46366 0.0265211 27.529 31 0.888033
12 29 6.49453 0.0333887 14.693 18 0.816276
12 30 6.46675 0.0292523 21.2429 22 0.965585
12 31 6.42303 0.0237022 29.5458 28 1.05521
12 32 6.45633 0.0278354 18.1488 22 0.824945
12 33 6.41575 0.0256197 23.19 21 1.10428
12 34 6.47829 0.024831 26.9467 19 1.41825
12 35 6.36308 0.0230519 35.7138 25 1.42855
12 36 6.46337 0.0294099 23.3635 17 1.37432
12 37 6.304 0.0273946 21.2372 20 1.06186
12 38 6.37535 0.0265803 26.8013 21 1.27625
12 39 6.38354 0.0280094 18.6151 19 0.97974
12 40 6.39021 0.0308457 13.9173 17 0.818664
12 41 6.37433 0.0326872 13.1196 18 0.728866
12 42 6.40711 0.0377955 11.3446 17 0.667329
12 43 6.38354 0.0327684 31.5803 22 1.43547
12 44 6.39301 0.0365256 22.8744 22 1.03974
12 45 6.39372 0.039169 18.6996 24 0.77915
12 46 6.39934 0.0440233 25.8017 27 0.95562
12 47 6.48111 0.0461917 43.3789 31 1.39932
12 48 6.53885 0.0533108 32.2569 29 1.11231
12 49 6.51636 0.0599673 35.6734 36 0.990927
12 50 6.7366 0.0724365 32.0726 30 1.06909
12 51 6.71407 0.0788139 13.9821 28 0.499361
12 52 6.69768 0.0665776 22.2548 29 0.767406
12 53 6.64375 0.0655577 17.7958 27 0.659105
12 54 6.48587 0.0495034 38.367 38 1.00966
12 55 6.45002 0.0447239 41.5692 29 1.43342
12 56 6.40479 0.037912 28.7611 32 0.898784
12 57 6.36378 0.0431703 19.6383 20 0.981914
12 58 6.35339 0.0383706 12.5816 18 0.698977
12 59 6.24755 0.0270121 26.997 29 0.930932
12 60 6.22871 0.0268311 39.5259 23 1.71852
12 61 6.21518 0.0252934 35.8497 22 1.62953
12 62 6.2895 0.0260079 18.056 17 1.06212
12 63 6.22572 0.0227623 30.38 21 1.44667
13 0 6.13143 0.0233788 12.5213 17 0.736549
13 1 6.17742 0.020419 11.6078 19 0.610939
13 2 6.19727 0.0196527 27.8195 20 1.39097
13 3 6.19289 0.0215392 15.0493 17 0.88525
13 4 6.23323 0.0231279 10.7052 16 0.669078
13 5 6.22116 0.0203728 11.7942 20 0.589709
13 6 6.19787 0.0242538 14.7975 15 0.986503
13 7 6.2743 0.0214575 19.0186 17 1.11874
13 8 6.27378 0.0217203 19.9135 19 1.04808
13 9 6.2359 0.0228091 21.8926 23 0.951854
13 10 6.32787 0.0247534 23.7359 21 1.13028
13 11 6.36112 0.0293438 19.434 19 1.02284
13 12 6.39331 0.0331502 14.0676 19 0.740401
13 13 6.40696 0.0318195 28.6426 27 1.06084
13 14 6.46832 0.0324182 45.3245 35 1.29499
13 15 6.62504 0.0426501 51.1316 32 1.59786
13 16 6.86514 0.0489414 29.8736 30 0.995786
13 17 7.05868 0.0536334 27.0584 35 0.773097
13 18 7.23598 0.0552019 31.9128 36 0.886467
13 19 7.29342 0.0583436 25.73 33 0.779698
13 20 7.29068 0.0631544 22.1608 30 0.738693
13 21 7.04379 0.0535536 30.5623 34 0.898892
13 22 6.92214 0.046046 40.1043 36 1.11401
13 23 6.79574 0.0466296 26.5242 27 0.98238
13 24 6.59918 0.0380614 24.1721 33 0.732489
13 25 6.58608 0.0362223 26.1964 26 1.00755
13 26 6.50539 0.0360336 13.6662 22 0.621192
13 27 6.55116 0.0325956 29.4447 23 1.2802
13 28 6.49728 0.0272468 27.0287 26 1.03956
13 29 6.44899 0.024914 29.1374 28 1.04062
13 30 6.42026 0.0278737 20.7427 21 0.987748
13 31 6.35272 0.0230813 22.7317 26 0.874295
13 32 6.36544 0.0268074 20.7218 18 1.15121
13 33 6.3751 0.0286089 14.6826 18 0.815701
13 34 6.41353 0.0231305 28.084 19 1.4781
13 35 6.32397 0.0217695 30.9123 25 1.23649
13 36 6.40962 0.0244936 13.3575 20 0.667874
13 37 6.31554 0.0315823 10.8844 15 0.725628
13 38 6.31717 0.0248016 19.895 22 0.90432
13 39 6.29116 0.0306709 13.4276 17 0.789856
13 40 6.33443 0.027976 24.55 19 1.29211
13 41 6.31402 0.0273578 25.015 23 1.08761
13 42 6.34157 0.0330679 24.4249 19 1.28552
13 43 6.30969 0.0358253 21.5043 19 1.1318
13 44 6.25294 0.0415 18.5262 19 0.975065
13 45 6.31045 0.0455008 14.3041 18 0.794674
13 46 6.34509 0.0460931 21.3316 21 1.01579
13 47 6.3774 0.0451783 36.8301 32 1.15094
13 48 6.45453 0.0529365 21.5943 31 0.696589
13 49 6.65265 0.0530058 41.3323 35 1.18092
13 50 6.59926 0.0616188 34.3436 34 1.01011
13 51 6.8006 0.0673985 20.621 30 0.687366
13 52 6.75207 0.0650147 27.6509 31 0.891965
13 53 6.48035 0.0565593 52.6505 40 1.31626
13 54 6.44447 0.0523171 32.4098 31 1.04548
13 55 6.37042 0.0437741 32.386 36 0.899612
13 56 6.25127 0.0393512 29.2375 31 0.943144
13 57 6.19619 0.0344681 28.3918 28 1.01399
13 58 6.24534 0.0378459 12.7777 17 0.751627
13 59 6.20825 0.0341254 20.9205 19 1.10108
13 60 6.18171 0.0253022 26.6801 23 1.16001
13 61 6.17475 0.0268084 22.3088 18 1.23938
13 62 6.1482 0.0250048 18.6765 18 1.03758
13 63 6.17222 0.024799 16.3485 16 1.02178
14 0 6.24799 0.0247191 14.9173 16 0.932333
14 1 6.25304 0.0258466 12.857 14 0.918354
14 2 6.16459 0.018592 26.0497 24 1.0854
14 3 6.28027 0.0261011 15.1635 14 1.08311
14 4 6.29924 0.0249338 12.2131 15 0.814209
14 5 6.22901 0.0200019 33.1347 20 1.65674
14 6 6.27073 0.0218896 15.1665 19 0.798237
14 7 6.30045 0.0241096 24.0368 16 1.5023
14 8 6.25165 0.0239782 25.6974 18 1.42763
14 9 6.24601 0.0272279 16.6794 17 0.98114
14 10 6.30752 0.026496 19.9201 20 0.996003
14 11 6.33587 0.0343658 8.66063 16 0.541289
14 12 6.39426 0.0347137 20.7553 20 1.03776
14 13 6.47398 0.0355321 30.3795 22 1.38089
14 14 6.61319 0.0432864 13.5591 22 0.616321
14 15 6.60359 0.0473181 29.3307 27 1.08632
14 16 6.92667 0.0515832 25.7947 31 0.832088
14 17 6.99102 0.0516153 39.1753 41 0.955496
14 18 7.1306 0.0548588 33.7247 43 0.784296
14 19 7.26146 0.0541454 34.1702 42 0.813576
14 20 7.30355 0.0534778 57.9058 41 1.41234
14 21 7.0786 0.0520121 63.7695 37 1.7235
14 22 6.93242 0.0505233 21.7653 33 0.659553
14 23 6.80502 0.045396 18.2652 29 0.629834
14 24 6.77782 0.0440395 25.6565 24 1.06902
14 25 6.66997 0.0377686 22.1557 24 0.923155
14 26 6.53115 0.030991 45.2994 30 1.50998
14 27 6.58859 0.0333956 19.8446 23 0.862808
14 28 6.543 0.0314434 33.8153 22 1.53706
14 29 6.43618 0.0304268 12.6666 21 0.603173
14 30 6.44531 0.0267946 21.794 24 0.908083
14 31 6.38186 0.0254371 30.0168 24 1.2507
14 32 6.3873 0.0230036 31.0076 27 1.14843
14 33 6.41179 0.0251035 22.0936 21 1.05208
14 34 6.34331 0.025347 17.9552 21 0.855011
14 35 6.35198 0.0216817 19.8072 29 0.683008
14 36 6.34751 0.0241373 20.0587 24 0.835779
14 37 6.33499 0.0255037 23.1818 21 1.10389
14 38 6.35702 0.0273847 22.6454 18 1.25808
14 39 6.2707 0.0236042 28.1884 26 1.08417
14 40 6.34493 0.0327482 10.5346 15 0.702304
14 41 6.30259 0.0279306 19.6441 22 0.892912
14 42 6.33985 0.0315752 17.3348 20 0.86674
14 43 6.34225 0.0329504 22.0634 23 0.959278
14 44 6.31243 0.0361327 13.0821 23 0.568788
14 45 6.37837 0.0461916 17.9719 19 0.945891
14 46 6.41027 0.0473647 26.497 22 1.20441
14 47 6.36386 0.049421 56.0313 31 1.80746
14 48 6.39404 0.0577543 29.1337 30 0.971125
14 49 6.67378 0.0604786 28.1766 30 0.93922
14 50 6.74921 0.0662133 27.3846 35 0.782417
14 51 6.73912 0.0594261 38.8993 40 0.972483
14 52 6.73736 0.063861 26.2902 32 0.821567
14 53 6.66158 0.0616248 27.856 34 0.819294
14 54 6.50072 0.0533696 25.0162 32 0.781756
14 55 6.44246 0.0491275 30.4852 26 1.17251
14 56 6.27194 0.0406018 31.5182 27 1.16734
14 57 6.27634 0.0410753 13.7918 22 0.626901
14 58 6.18882 0.0372246 20.5436 19 1.08124
14 59 6.30541 0.029565 26.6162 21 1.26744
14 60 6.16665 0.0241415 37.5121 28 1.33972
14 61 6.19678 0.0327589 9.30973 15 0.620649
14 62 6.19297 0.0250651 19.8187 17 1.16581
14 63 6.21399 0.027835 11.612 14 0.829427
15 0 6.3321 0.019765 15.2039 24 0.633495
15 1 6.39132 0.0224967 15.0376 17 0.884564
15 2 6.36417 0.0246099 15.6077 14 1.11484
15 3 6.35799 0.0201642 18.1498 20 0.907488
15 4 6.41263 0.0230299 10.8286 16 0.67679
15 5 6.35973 0.0180414 19.0983 25 0.763931
15 6 6.39618 0.0191223 30.9917 23 1.34747
15 7 6.40074 0.0201139 27.6528 22 1.25694
15 8 6.43882 0.0212109 22.5441 22 1.02473
15 9 6.43032 0.0220447 29.4479 23 1.28034
15 10 6.52146 0.0290172 13.3543 16 0.834646
15 11 6.54382 0.026784 23.5478 22 1.07036
15 12 6.49308 0.0284392 30.7984 28 1.09994
15 13 6.6684 0.0397694 21.7564 18 1.20869
15 14 6.69302 0.043506 25.6991 23 1.11735
15 15 6.80789 0.0495178 28.0771 29 0.968176
15 16 6.98891 0.0467423 40.3202 36 1.12001
15 17 7.33898 0.0610934 27.9722 34 0.822712
15 18 7.39353 0.0583627 45.9467 38 1.20912
15 19 7.37575 0.054182 83.307 45 1.85127
15 20 7.30702 0.0568752 33.4761 40 0.836902
15 21 7.21202 0.0514929 31.7452 34 0.933684
15 22 7.00801 0.0503958 32.8918 33 0.996721
15 23 6.93765 0.0468188 34.4703 32 1.0772
15 24 6.81528 0.0424575 20.5209 26 0.789267
15 25 6.66617 0.0326376 28.9732 36 0.804811
15 26 6.71877 0.0380569 25.4213 20 1.27106
15 27 6.66065 0.033425 14.1768 22 0.644399
15 28 6.53074 0.0253393 44.7336 31 1.44302
15 29 6.57669 0.0292349 18.7033 24 0.779302
15 30 6.54768 0.0241141 33.0791 26 1.27227
15 31 6.47683 0.0218767 42.2129 30 1.4071
15 32 6.58209 0.0247395 25.2183 20 1.26091
15 33 6.50863 0.0297422 24.2514 16 1.51571
15 34 6.47344 0.0280461 11.3652 18 0.631402
15 35 6.51838 0.029846 8.15344 17 0.479614
15 36 6.49131 0.0251962 23.6239 20 1.18119
15 37 6.48444 0.0303252 13.1495 16 0.821843
15 38 6.48271 0.0282946 19.5854 20 0.979269
15 39 6.48718 0.0276394 12.5697 18 0.698316
15 40 6.43377 0.0285341 11.0371 18 0.613173
15 41 6.50373 0.0297502 14.9232 19 0.785431
15 42 6.42353 0.0280357 26.3574 25 1.0543
15 43 6.43157 0.033826 24.7448 23 1.07586
15 44 6.49785 0.0392197 14.0082 18 0.778231
15 45 6.40088 0.0387621 26.656 27 0.987258
15 46 6.54098 0.0462366 17.3489 20 0.867444
15 47 6.71559 0.052839 17.7058 22 0.804807
15 48 6.57107 0.0533923 36.7542 36 1.02095
15 49 6.72824 0.0673143 28.3755 29 0.978464
15 50 6.89531 0.0610755 38.8767 34 1.14343
15 51 6.88378 0.0662211 28.9552 33 0.877431
15 52 6.83961 0.059944 32.7439 34 0.963057
15 53 6.76909 0.059253 41.1824 29 1.42008
15 54 6.53726 0.0500106 44.6896 34 1.3144
15 55 6.6574 0.050442 23.5463 20 1.17732
15 56 6.44783 0.0415582 26.8572 21 1.27891
15 57 6.39526 0.0369012 28.1136 23 1.22233
15 58 6.34332 0.0281943 26.0563 28 0.930581
15 59 6.34019 0.027666 19.5836 23 0.85146
15 60 6.38022 0.0300175 15.3 16 0.956251
15 61 6.35459 0.0268889 15.3142 17 0.900835
15 62 6.39322 0.0283606 10.3362 14 0.7383
15 63 6.33593 0.0288735 8.75205 14 0.625147
16 0 6.37988 0.0222546 21.1055 19 1.11081
16 1 6.41712 0.0247534 16.162 15 1.07747
16 2 6.4193 0.0231129 16.9534 18 0.941854
16 3 6.36882 0.0205986 20.0378 22 0.910809
16 4 6.44289 0.0226793 20.0728 17 1.18075
16 5 6.42022 0.023541 10.9472 17 0.643953
16 6 6.451 0.0245599 25.0638 16 1.56649
16 7 6.45946 0.0244748 23.367 18 1.29817
16 8 6.49612 0.0290861 10.8125 16 0.675779
16 9 6.41967 0.0236632 12.9335 25 0.517339
16 10 6.54219 0.0284227 15.4781 19 0.814636
16 11 6.56529 0.0340007 15.1577 17 0.89163
16 12 6.64211 0.03431 14.5076 22 0.659435
16 13 6.64559 0.0372666 28.6606 23 1.24611
16 14 6.63893 0.0433962 19.6612 25 0.78645
16 15 6.93414 0.0456154 21.4578 30 0.715261
16 16 6.99994 0.0504075 34.7923 38 0.915587
16 17 7.28279 0.0536504 53.2985 45 1.18441
16 18 7.40768 0.0591465 48.9695 42 1.16594
16 19 7.49177 0.0619867 38.4328 40 0.960819
16 20 7.32828 0.0614705 32.0019 38 0.842156
16 21 7.17312 0.0587044 23.1079 31 0.745415
16 22 7.01322 0.0474167 38.2116 39 0.979784
16 23 6.94987 0.0471856 22.1601 30 0.73867
16 24 6.77882 0.0407734 19.8099 27 0.733701
16 25 6.78425 0.040337 18.5946 24 0.774775
16 26 6.72676 0.0335058 25.5715 24 1.06548
16 27 6.65779 0.0303022 25.4611 28 0.909323
16 28 6.67408 0.030554 27.4552 22 1.24797
16 29 6.70774 0.0300174 30.4798 20 1.52399
16 30 6.564 0.0255517 30.25 26 1.16346
16 31 6.59775 0.0274739 21.7562 21 1.03601
16 32 6.59953 0.0286796 25.8387 19 1.35993
16 33 6.51089 0.0230607 32.2946 27 1.1961
16 34 6.51997 0.0241119 14.6671 22 0.666686
16 35 6.49971 0.0267309 22.9657 20 1.14828
16 36 6.54599 0.0266759 11.9493 18 0.663853
16 37 6.5623 0.0286018 18.7652 17 1.10384
16 38 6.57893 0.0316746 14.7501 16 0.921883
16 39 6.47763 0.0256732 41.0222 25 1.64089
16 40 6.48402 0.0325896 8.61383 17 0.506696
16 41 6.52773 0.035255 19.6531 17 1.15606
16 42 6.49846 0.0317942 30.1076 21 1.4337
16 43 6.53484 0.0364383 12.3233 18 0.68463
16 44 6.48826 0.0439468 9.15746 20 0.457873
16 45 6.57993 0.0471174 16.0899 18 0.893883
16 46 6.50782 0.0498272 23.8622 23 1.03749
16 47 6.52196 0.0530397 32.4011 29 1.11728
16 48 6.62853 0.0546167 31.1462 32 0.973317
16 49 6.86239 0.0734988 21.2305 25 0.849221
16 50 6.94483 0.0705444 26.8629 32 0.839467
16 51 7.0216 0.0841786 26.2859 27 0.973552
16 52 6.91208 0.0625207 27.5985 29 0.951673
16 53 6.69547 0.0576472 33.5879 33 1.01781
16 54 6.64225 0.0499724 35.924 33 1.08861
16 55 6.5572 0.0427054 28.0225 32 0.875702
16 56 6.48904 0.0433582 21.4457 23 0.932421
16 57 6.46109 0.0388334 16.5375 20 0.826873
16 58 6.41585 0.0381469 22.8578 19 1.20304
16 59 6.40487 0.0301849 22.34 22 1.01545
16 60 6.38555 0.0282026 25.0295 20 1.25148
16 61 6.39264 0.0309189 13.9031 16 0.868941
16 62 6.4185 0.0263295 25.4021 16 1.58763
16 63 6.36469 0.0224798 25.8123 21 1.22916
17 0 6.4461 0.022986 20.3952 16 1.2747
17 1 6.42369 0.0221573 15.1984 17 0.894023
17 2 6.41888 0.0225747 13.9345 16 0.870904
17 3 6.47284 0.0232535 20.9779 16 1.31112
17 4 6.42108 0.0179436 33.304 25 1.33216
17 5 6.44876 0.0234606 11.6292 17 0.684069
17 6 6.45212 0.0195121 20.8691 22 0.948594
17 7 6.48701 0.0215382 40.1122 21 1.91011
17 8 6.53487 0.0247359 8.7287 17 0.513453
17 9 6.49663 0.0278625 16.1617 16 1.0101
17 10 6.51353 0.0282316 15.1387 17 0.890513
17 11 6.57304 0.0278419 23.9373 22 1.08806
17 12 6.56752 0.0305314 31.8804 23 1.38611
17 13 6.60757 0.0404394 27.2281 20 1.3614
17 14 6.68063 0.0420759 25.3421 25 1.01368
17 15 6.85929 0.0522064 28.4758 27 1.05466
17 16 7.11916 0.053355 46.5772 34 1.36992
17 17 7.14202 0.0546027 52.9901 43 1.23233
17 18 7.61183 0.0581098 38.2644 38 1.00696
17 19 7.43876 0.0565058 31.2271 43 0.726211
17 20 7.32805 0.0646199 31.6452 34 0.93074
17 21 7.16783 0.0513873 37.6806 39 0.966169
17 22 7.00399 0.0584658 28.6615 27 1.06154
17 23 6.93259 0.0425375 32.5479 27 1.20548
17 24 6.81896 0.0365265 36.0445 27 1.33498
17 25 6.74439 0.0355279 19.9289 26 0.766498
17 26 6.71611 0.0303723 42.1389 28 1.50496
17 27 6.74985 0.0322963 19.5017 20 0.975085
17 28 6.6726 0.0327371 16.0773 19 0.846176
17 29 6.63648 0.0289429 26.272 20 1.3136
17 30 6.62726 0.0268352 21.5777 22 0.980807
17 31 6.62412 0.0286734 27.6871 18 1.53817
17 32 6.6116 0.0244462 11.6522 23 0.506616
17 33 6.61565 0.0275492 21.248 17 1.24988
17 34 6.54275 0.0288533 14.9114 17 0.87714
17 35 6.54993 0.0265287 11.728 18 0.651556
17 36 6.55577 0.0248416 10.7325 20 0.536623
17 37 6.5394 0.0243574 28.9224 20 1.44612
17 38 6.53215 0.0285664 22.3786 18 1.24326
17 39 6.54956 0.0318458 8.41286 15 0.560857
17 40 6.52818 0.0311925 9.61 16 0.600625
17 41 6.50008 0.0326399 14.5935 17 0.858441
17 42 6.4973 0.027379 23.3599 26 0.898456
17 43 6.51554 0.0371842 15.8528 16 0.990802
17 44 6.48186 0.0420023 27.7705 18 1.5428
17 45 6.61444 0.0423729 16.5096 20 0.82548
17 46 6.53809 0.0453567 17.6109 22 0.800497
17 47 6.64637 0.054597 20.8137 26 0.800526
17 48 6.76434 0.0560533 32.2679 29 1.11269
17 49 6.87249 0.0672262 14.2262 26 0.54716
17 50 6.76999 0.06702 26.5787 31 0.857376
17 51 6.94676 0.0689521 22.4002 26 0.861546
17 52 6.74482 0.0593063 31.2113 39 0.800291
17 53 6.8629 0.0526119 26.8644 29 0.926359
17 54 6.66101 0.0448185 42.7454 33 1.29532
17 55 6.49837 0.0394293 54.5946 34 1.60572
17 56 6.55123 0.0374728 27.9372 26 1.07451
17 57 6.53973 0.0374149 23.243 20 1.16215
17 58 6.53032 0.0340577 14.7287 17 0.866392
17 59 6.52329 0.0274836 15.4222 20 0.771108
17 60 6.4629 0.0267508 31.6369 17 1.861
17 61 6.43338 0.0246409 21.2758 19 1.11978
17 62 6.43517 0.0246749 12.1297 17 0.713511
17 63 6.41487 0.0259257 10.9361 15 0.729071
18 0 6.51229 0.0228466 19.1007 19 1.0053
18 1 6.48531 0.024153 12.8712 17 0.757132
18 2 6.52385 0.0242794 12.3609 15 0.824058
18 3 6.48174 0.0198173 21.7189 22 0.987223
18 4 6.51357 0.0197935 27.9006 22 1.26821
18 5 6.49396 0.0207219 14.8711 22 0.67596
18 6 6.56312 0.0219377 25.2803 19 1.33054
18 7 6.52977 0.0248401 12.7003 17 0.747078
18 8 6.54378 0.0272204 21.3995 18 1.18886
18 9 6.57121 0.0264828 10.274 19 0.540737
18 10 6.63131 0.0263435 21.5616 23 0.937463
18 11 6.60161 0.0311447 19.2249 20 0.961244
18 12 6.68701 0.0347279 17.9498 21 0.854754
18 13 6.6938 0.0369404 20.903 25 0.836119
18 14 6.80237 0.0411118 31.4851 31 1.01565
18 15 6.84786 0.0436436 43.6048 40 1.09012
18 16 7.1912 0.05627 32.993 35 0.942657
18 17 7.42481 0.0570386 22.1625 42 0.527678
18 18 7.38781 0.0622185 42.6778 44 0.96995
18 19 7.40726 0.0596646 41.0327 46 0.892015
18 20 7.35448 0.0554702 33.9637 46 0.738342
18 21 7.15389 0.0564687 35.6024 31 1.14847
18 22 7.04322 0.0501271 36.6204 29 1.26277
18 23 7.01758 0.0418837 23.7598 31 0.766446
18 24 6.93334 0.0430318 17.536 22 0.79709
18 25 6.84661 0.041066 21.4525 22 0.975112
18 26 6.73191 0.0288018 42.178 32 1.31806
18 27 6.75799 0.0323933 17.3275 20 0.866373
18 28 6.74524 0.0276616 27.2363 26 1.04755
18 29 6.73379 0.0287674 31.249 22 1.42041
18 30 6.67219 0.0275731 32.1704 22 1.46229
18 31 6.64619 0.0261491 30.2696 23 1.31607
18 32 6.65749 0.0303109 13.0497 18 0.724984
18 33 6.63651 0.0290936 7.19127 18 0.399515
18 34 6.66647 0.0268258 22.2088 19 1.16889
18 35 6.55618 0.0229736 24.4206 25 0.976822
18 36 6.58749 0.0287767 5.86162 17 0.344801
18 37 6.65791 0.0304819 16.0313 17 0.943016
18 38 6.55999 0.0253217 15.2356 23 0.662415
18 39 6.57257 0.0304804 10.5984 19 0.557811
18 40 6.56552 0.0283061 17.9439 21 0.85447
18 41 6.55769 0.0293262 30.4035 24 1.26681
18 42 6.58748 0.0380066 16.4257 17 0.966216
18 43 6.63471 0.0376164 16.9056 20 0.845279
18 44 6.54517 0.0340207 45.1973 31 1.45798
18 45 6.59906 0.0429276 22.2237 20 1.11118
18 46 6.72031 0.0586858 18.9717 21 0.903416
18 47 6.85279 0.0556422 17.8785 25 0.715142
18 48 6.92926 0.0617042 20.7604 23 0.902624
18 49 6.87637 0.0653986 35.3274 29 1.21818
18 50 6.94332 0.0682913 22.4059 31 0.722771
18 51 6.98638 0.0654953 31.6098 36 0.878051
18 52 6.84656 0.0567126 41.5628 38 1.09376
18 53 6.68659 0.0545898 28.9723 35 0.82778
18 54 6.6975 0.0506122 27.1073 27 1.00397
18 55 6.58919 0.0441991 22.8114 25 0.912455
18 56 6.5802 0.042165 11.5477 21 0.549891
18 57 6.61209 0.0390702 13.8471 18 0.769282
18 58 6.5652 0.0345311 16.6283 18 0.923792
18 59 6.43883 0.0250812 25.3991 28 0.907111
18 60 6.495 0.0239297 28.2623 23 1.2288
18 61 6.51158 0.0272746 15.347 16 0.959189
18 62 6.51046 0.0267005 16.9626 18 0.942367
18 63 6.48356 0.0251016 23.5472 20 1.17736
19 0 6.66912 0.0238518 23.9531 17 1.409
19 1 6.65667 0.0207365 24.9922 21 1.1901
19 2 6.67143 0.0238563 16.413 17 0.965473
19 3 6.6544 0.0235928 10.6007 17 0.623572
19 4 6.64318 0.0237058 15.5119 17 0.912463
19 5 6.69384 0.0232407 16.6662 19 0.877169
19 6 6.72392 0.0256547 9.13592 16 0.570995
19 7 6.68248 0.0213557 21.2889 23 0.925604
19 8 6.76087 0.0253443 16.1328 18 0.896266
19 9 6.74075 0.0277286 17.7247 18 0.984704
19 10 6.7577 0.0253218 22.3047 24 0.929364
19 11 6.80536 0.032121 28.838 20 1.4419
19 12 6.82443 0.0371336 17.8968 22 0.813493
19 13 6.85023 0.0413501 30.159 24 1.25663
19 14 7.0206 0.0408395 63.1098 33 1.91242
19 15 7.12795 0.0527739 29.1864 30 0.972879
19 16 7.31132 0.0555597 43.9677 46 0.955821
19 17 7.69852 0.0679853 32.1617 39 0.824659
19 18 7.74383 0.061131 49.1717 48 1.02441
19 19 7.62498 0.0729848 46.6369 35 1.33248
19 20 7.69879 0.0615398 29.8786 38 0.786278
19 21 7.22764 0.0482298 60.2951 44 1.37034
19 22 7.09463 0.0432435 43.8772 42 1.0447
19 23 7.08193 0.0446702 30.4922 28 1.08901
19 24 6.89357 0.0347968 33.7847 35 0.965278
19 25 6.95214 0.0308269 33.3722 31 1.07652
19 26 6.90187 0.0270287 37.273 33 1.12949
19 27 6.92536 0.0310714 14.5741 23 0.633655
19 28 6.88512 0.0276722 24.1088 25 0.964353
19 29 6.86846 0.0295347 21.8041 21 1.03829
19 30 6.83194 0.0245357 18.6355 24 0.77648
19 31 6.79357 0.0224452 28.5886 23 1.24298
19 32 6.74087 0.022022 43.2561 27 1.60208
19 33 6.76969 0.0232961 19.7152 22 0.896144
19 34 6.81197 0.0252629 21.9608 19 1.15583
19 35 6.76638 0.0259513 23.5184 19 1.23781
19 36 6.8063 0.0238835 25.0835 20 1.25418
19 37 6.74993 0.0260712 18.5266 20 0.926331
19 38 6.7236 0.0262385 16.0121 21 0.762481
19 39 6.75073 0.02655 23.7128 20 1.18564
19 40 6.68156 0.0336196 12.528 18 0.696002
19 41 6.69794 0.0324671 11.2853 19 0.593965
19 42 6.7202 0.0317854 16.5376 21 0.787505
19 43 6.71491 0.0375226 19.47 21 0.927143
19 44 6.65876 0.0367573 22.8632 24 0.952633
19 45 6.64564 0.0386886 29.9519 33 0.907633
19 46 6.67141 0.0514225 31.5355 26 1.2129
19 47 6.83741 0.055753 22.7235 29 0.783568
19 48 6.88881 0.0683599 21.2175 26 0.816057
19 49 7.05043 0.0646247 27.478 37 0.742649
19 50 7.03513 0.0615955 39.7692 34 1.16968
19 51 7.08591 0.0774888 22.265 30 0.742166
19 52 7.05937 0.0676372 30.7496 29 1.06033
19 53 6.97876 0.059558 21.809 25 0.872359
19 54 6.80495 0.0492626 28.9631 30 0.965436
19 55 6.78013 0.0444512 13.5741 25 0.542965
19 56 6.67419 0.0353002 23.1926 27 0.858983
19 57 6.70782 0.0336404 22.0249 24 0.917704
19 58 6.76977 0.0358407 5.98198 16 0.373874
19 59 6.628 0.0248941 37.8713 27 1.40264
19 60 6.6656 0.0238269 33.8014 23 1.46963
19 61 6.67611 0.0276082 21.4923 17 1.26425
19 62 6.5717 0.0200521 35.2589 26 1.35611
19 63 6.66745 0.023724 15.4707 17 0.910042
20 0 6.65203 0.0267809 7.77784 15 0.518523
20 1 6.68443 0.0235452 19.9317 16 1.24573
20 2 6.66294 0.0202091 27.046 21 1.2879
20 3 6.64708 0.0212128 14.6583 20 0.732917
20 4 6.72373 0.0238699 9.17095 16 0.573184
20 5 6.69944 0.025452 8.59965 16 0.537478
20 6 6.6906 0.0234963 32.2083 18 1.78935
20 7 6.7359 0.023541 15.4553 19 0.813436
20 8 6.76995 0.0250946 19.1749 20 0.958743
20 9 6.67502 0.0244434 19.4014 24 0.808394
20 10 6.78851 0.0312388 15.3591 18 0.853285
20 11 6.79016 0.0295877 24.5769 25 0.983074
20 12 6.90617 0.0338533 19.8347 24 0.826446
20 13 6.89465 0.0405901 21.3959 22 0.972541
20 14 6.98489 0.0464387 30.2266 31 0.975051
20 15 7.17095 0.0609624 26.1932 30 0.873108
20 16 7.46308 0.0592098 45.0183 42 1.07187
20 17 7.74604 0.0697935 30.3779 38 0.799418
20 18 7.90973 0.0639532 39.2984 38 1.03417
20 19 7.83376 0.0733669 23.7594 35 0.67884
20 20 7.48242 0.0681742 25.5148 32 0.797337
20 21 7.34411 0.0567365 29.4753 32 0.921104
20 22 7.11784 0.0417027 34.8538 37 0.941994
20 23 6.99693 0.0411653 31.502 28 1.12507
20 24 6.97066 0.0393596 19.263 26 0.740884
20 25 6.95998 0.0297834 22.615 32 0.706718
20 26 6.92288 0.0334227 23.4841 21 1.11829
20 27 6.85723 0.0305459 21.1153 22 0.959787
20 28 6.84479 0.0311068 20.5056 21 0.976459
20 29 6.85056 0.028238 12.7868 20 0.63934
20 30 6.81377 0.0243713 31.6643 25 1.26657
20 31 6.73796 0.028307 18.7953 18 1.04419
20 32 6.78694 0.0242137 22.8014 23 0.991365
20 33 6.7112 0.0229114 15.3289 25 0.613155
20 34 6.73832 0.0274885 10.6075 18 0.589304
20 35 6.72636 0.0283225 11.4275 17 0.672207
20 36 6.74392 0.0256047 13.2202 20 0.661008
20 37 6.71777 0.0270523 17.3383 18 0.963241
20 38 6.7766 0.0296695 24.9587 17 1.46816
20 39 6.67446 0.026988 20.5252 22 0.932965
20 40 6.72292 0.033481 13.919 17 0.818762
20 41 6.6032 0.0263674 24.849 30 0.828301
20 42 6.63875 0.0323622 29.4301 21 1.40144
20 43 6.69401 0.0364856 19.1826 23 0.834028
20 44 6.74344 0.0397644 32.4408 26 1.24772
20 45 6.67788 0.0443105 33.9302 28 1.21179
20 46 6.77032 0.0515281 31.7999 31 1.0258
20 47 6.89854 0.0664816 14.215 23 0.618044
20 48 7.07199 0.0645843 36.1624 38 0.951642
20 49 7.25457 0.0817762 26.4842 25 1.05937
20 50 7.31193 0.0772662 20.6075 28 0.735984
20 51 7.32934 0.0751366 28.9664 32 0.9052
20 52 7.11075 0.062228 34.1444 34 1.00425
20 53 6.87985 0.0518706 42.6734 34 1.2551
20 54 6.86848 0.0535245 14.4084 23 0.626451
20 55 6.77001 0.0402102 27.7265 27 1.02691
20 56 6.76572 0.0403564 23.9846 20 1.19923
20 57 6.71994 0.0349295 11.9979 19 0.631469
20 58 6.71752 0.0333824 21.4596 17 1.26233
20 59 6.69092 0.0310191 14.2178 18 0.789878
20 60 6.67831 0.0275888 18.826 17 1.10741
20 61 6.63537 0.0242904 17.9067 19 0.942458
20 62 6.674 0.024588 19.0057 17 1.11799
20 63 6.70887 0.0248852 17.8966 17 1.05274
21 0 6.67924 0.0240372 14.0226 17 0.824859
21 1 6.71411 0.0240192 12.3165 15 0.821101
21 2 6.72111 0.0199755 12.4464 18 0.691467
21 3 6.66075 0.0177924 27.5942 25 1.10377
21 4 6.69773 0.024847 11.3253 15 0.755018
21 5 6.76208 0.0204354 12.0999 18 0.672217
21 6 6.70717 0.0241416 12.3868 17 0.728635
21 7 6.75731 0.0257354 22.1502 17 1.30295
21 8 6.76749 0.0279381 11.7838 17 0.693166
21 9 6.84878 0.030116 11.7886 17 0.693449
21 10 6.73097 0.0273276 26.1041 25 1.04416
21 11 6.78653 0.0302078 25.4954 24 1.06231
21 12 6.79333 0.0309816 28.3432 32 0.885725
21 13 6.88094 0.0379912 15.5809 30 0.519365
21 14 7.0582 0.0487901 27.3127 28 0.975453
21 15 7.13852 0.0550944 55.9066 39 1.4335
21 16 7.47742 0.0669756 21.2639 37 0.5747
21 17 7.93192 0.0783286 20.7842 33 0.629824
21 18 7.66678 0.0910385 35.2396 32 1.10124
21 19 7.57388 0.0613687 33.2241 42 0.791049
21 20 7.44736 0.0612306 33.2195 37 0.897825
21 21 7.20828 0.048927 49.8717 38 1.31241
21 22 7.17367 0.0440599 28.1305 32 0.879078
21 23 7.08888 0.0435154 15.6931 26 0.603582
21 24 7.04062 0.0410327 12.8835 23 0.56015
21 25 6.97476 0.034128 17.9551 22 0.81614
21 26 6.91381 0.0308165 33.3677 23 1.45077
21 27 6.90371 0.0263647 27.8532 25 1.11413
21 28 6.88205 0.0284835 26.7432 21 1.27349
21 29 6.79293 0.0210803 41.4415 32 1.29505
21 30 6.84628 0.0293608 16.0201 17 0.942361
21 31 6.8097 0.0221854 27.5935 24 1.14973
21 32 6.81198 0.0273435 11.2333 18 0.624072
21 33 6.81342 0.0244619 13.2155 20 0.660777
21 34 6.77251 0.0265535 18.309 18 1.01717
21 35 6.78004 0.0289402 7.91437 16 0.494648
21 36 6.70037 0.0220193 24.9936 24 1.0414
21 37 6.7195 0.0300702 4.7419 16 0.296369
21 38 6.75723 0.0299553 5.58785 15 0.372523
21 39 6.68786 0.0243386 21.7988 25 0.87195
21 40 6.67137 0.026824 15.4562 22 0.702556
21 41 6.65315 0.0356488 12.4459 17 0.732114
21 42 6.6756 0.0336718 24.6032 22 1.11833
21 43 6.70863 0.0373699 20.845 20 1.04225
21 44 6.63458 0.0398306 24.9781 27 0.925116
21 45 6.80986 0.0499136 23.2053 22 1.05479
21 46 6.75147 0.060472 15.137 22 0.688046
21 47 6.86668 0.0714856 20.5847 24 0.857696
21 48 7.14922 0.0896106 20.8981 28 0.746361
21 49 7.32967 0.0733239 32.916 31 1.06181
21 50 7.28552 0.0765013 36.3396 36 1.00943
21 51 7.25602 0.0768736 17.5013 32 0.546917
21 52 7.09279 0.0627803 30.6645 33 0.929227
21 53 7.07435 0.0530944 35.1724 28 1.25616
21 54 6.86757 0.0441429 38.6012 33 1.16973
21 55 6.76401 0.042146 23.7495 24 0.989562
21 56 6.78538 0.0386601 10.1998 20 0.509988
21 57 6.71215 0.0314511 20.2771 24 0.844878
21 58 6.74334 0.0311651 18.6889 17 1.09934
21 59 6.66415 0.0269878 17.5468 20 0.877338
21 60 6.71067 0.0285737 12.2291 16 0.76432
21 61 6.58659 0.0201575 30.9684 28 1.10601
21 62 6.65236 0.0213842 31.6733 22 1.4397
21 63 6.70664 0.0242021 11.8228 17 0.695461
22 0 6.31104 0.0244548 16.1996 17 0.952918
22 1 6.3197 0.0233713 22.1347 18 1.2297
22 2 6.35145 0.0237777 8.33239 17 0.490141
22 3 6.34555 0.0204952 25.4422 23 1.10618
22 4 6.35559 0.0278769 7.32047 14 0.522891
22 5 6.28385 0.0271044 11.8279 15 0.788526
22 6 6.42893 0.0242524 30.822 17 1.81306
22 7 6.34319 0.0272184 9.38597 19 0.493998
22 8 6.42497 0.0275554 12.038 19 0.633577
22 9 6.37266 0.0347118 12.0877 16 0.755483
22 10 6.45273 0.0357864 15.7567 18 0.875371
22 11 6.55623 0.0367017 17.7319 22 0.805995
22 12 6.57407 0.0400059 19.6102 21 0.933819
22 13 6.55062 0.0534314 15.7966 21 0.752221
22 14 6.66552 0.0662778 27.0254 25 1.08101
22 15 6.98368 0.0682633 28.6731 34 0.843326
22 16 7.2612 0.0707658 28.1802 36 0.782782
22 17 7.23573 0.093508 33.892 34 0.996825
22 18 7.39451 0.0835514 24.2185 42 0.576632
22 19 7.33682 0.0667454 44.8592 45 0.996872
22 20 7.03243 0.0650776 49.0448 40 1.22612
22 21 6.7941 0.0557933 32.9228 31 1.06202
22 22 6.80464 0.0482357 26.8932 28 0.960472
22 23 6.7018 0.0384281 51.3539 34 1.51041
22 24 6.62577 0.041884 27.4478 21 1.30704
22 25 6.58131 0.0326476 31.4786 24 1.31161
22 26 6.59842 0.0337531 24.09 20 1.2045
22 27 6.50199 0.0339391 19.1637 18 1.06465
22 28 6.48407 0.0325409 18.3708 18 1.0206
22 29 6.45141 0.0252408 36.8389 22 1.6745
22 30 6.47732 0.0273519 15.077 19 0.793529
22 31 6.41461 0.0253845 29.3009 22 1.33186
22 32 6.4512 0.0253984 25.6864 21 1.22316
22 33 6.38514 0.0227257 33.6817 24 1.40341
22 34 6.33333 0.0220498 29.8686 25 1.19474
22 35 6.31376 0.0220671 42.3677 26 1.62953
22 36 6.35711 0.0232225 29.915 24 1.24646
22 37 6.33884 0.0241215 37.5159 22 1.70527
22 38 6.38797 0.0304515 12.0754 16 0.754713
22 39 6.35179 0.0322216 12.0427 16 0.752671
22 40 6.31709 0.0269611 30.3396 25 1.21359
22 41 6.36267 0.0373277 14.655 15 0.977002
22 42 6.28681 0.0370093 15.5227 21 0.739176
22 43 6.30845 0.0359591 26.5055 24 1.1044
22 44 6.39804 0.0494654 14.1588 17 0.832869
22 45 6.33387 0.0520404 17.6435 22 0.801979
22 46 6.48126 0.0602536 37.9037 26 1.45783
22 47 6.55083 0.0712886 21.8234 28 0.779408
22 48 6.9434 0.0702395 23.3918 29 0.806613
22 49 6.96206 0.0970784 30.2462 28 1.08022
22 50 7.06089 0.0746132 30.5594 32 0.954981
22 51 6.89952 0.0646932 32.0766 31 1.03473
22 52 6.78461 0.0634509 23.4313 27 0.867825
22 53 6.59907 0.0623616 16.4765 27 0.610241
22 54 6.49705 0.0502044 19.3862 22 0.881193
22 55 6.42363 0.0433054 16.8096 24 0.7004
22 56 6.4254 0.0388864 13.7872 17 0.811013
22 57 6.40634 0.0354144 16.1301 17 0.948827
22 58 6.3147 0.0271039 30.2173 26 1.1622
22 59 6.35397 0.027465 20.7671 22 0.943959
22 60 6.34596 0.0305634 9.54985 15 0.636656
22 61 6.32543 0.0229348 16.766 19 0.882421
22 62 6.36923 0.0270215 19.0283 16 1.18927
22 63 6.39907 0.0255136 10.7511 16 0.671946
23 0 6.42047 0.0191178 17.5234 17 1.03079
23 1 6.39952 0.0185879 16.3102 17 0.959424
23 2 6.40497 0.0172698 25.6457 20 1.28228
23 3 6.45763 0.0195126 21.0955 16 1.31847
23 4 6.43687 0.0192183 16.1187 17 0.948161
23 5 6.41753 0.0200661 7.50856 17 0.44168
23 6 6.42399 0.0222407 11.2628 16 0.703923
23 7 6.46376 0.0228405 16.298 16 1.01863
23 8 6.41997 0.0249168 12.8531 16 0.803322
23 9 6.45096 0.0241052 8.14301 19 0.428579
23 10 6.48134 0.0279197 16.7725 18 0.931807
23 11 6.39125 0.0225594 55.5318 31 1.79135
23 12 6.46767 0.0292655 22.124 26 0.850922
23 13 6.58317 0.035527 19.215 23 0.835436
23 14 6.73315 0.0390634 23.9347 28 0.854811
23 15 6.81376 0.046462 31.7562 33 0.962308
23 16 7.01045 0.0513973 44.244 41 1.07912
23 17 7.26374 0.0583573 39.6414 35 1.13261
23 18 7.26202 0.053424 52.8484 43 1.22903
23 19 7.40442 0.0613875 26.2291 29 0.904453
23 20 7.18215 0.0443574 43.7005 37 1.18109
23 21 6.99804 0.0378306 37.9148 36 1.05319
23 22 6.9349 0.0400812 21.6962 25 0.86785
23 23 6.76321 0.0296282 38.018 32 1.18806
23 24 6.72808 0.0312434 16.1932 22 0.736056
23 25 6.718 0.0299915 21.2492 19 1.11838
23 26 6.67241 0.026413 10.068 22 0.457638
23 27 6.57208 0.0217896 17.0192 25 0.680769
23 28 6.59443 0.0221066 28.8907 21 1.37575
23 29 6.54804 0.0249781 15.8776 16 0.992347
23 30 6.59173 0.0218972 20.1616 18 1.12009
23 31 6.53936 0.0214486 15.6472 19 0.823537
23 32 6.53357 0.0215388 10.7123 16 0.669517
23 33 6.49506 0.0209202 22.6345 17 1.33144
23 34 6.49288 0.0198725 26.9699 18 1.49833
23 35 6.51279 0.0220927 8.40659 17 0.494505
23 36 6.44261 0.0212943 26.8509 18 1.49172
23 37 6.41911 0.0203182 28.5287 20 1.42643
23 38 6.46693 0.0242957 12.4816 16 0.780103
23 39 6.40855 0.0211876 18.8542 20 0.942712
23 40 6.41666 0.0273543 20.6203 17 1.21296
23 41 6.36639 0.0241474 23.9683 23 1.0421
23 42 6.41441 0.0271912 17.763 21 0.845855
23 43 6.36547 0.0303801 8.25346 22 0.375157
23 44 6.46275 0.0374184 17.1665 19 0.903498
23 45 6.53936 0.0421081 24.9724 21 1.18916
23 46 6.48115 0.0505011 13.667 21 0.650809
23 47 6.58055 0.0566611 18.8829 26 0.726266
23 48 6.92307 0.0603113 25.9753 29 0.895701
23 49 7.02103 0.0692359 34.0371 34 1.00109
23 50 7.04206 0.057705 26.5705 39 0.681294
23 51 7.00981 0.0646139 19.5338 28 0.697636
23 52 6.89448 0.0482406 37.1201 36 1.03111
23 53 6.67442 0.0467769 20.9356 25 0.837422
23 54 6.58146 0.0346639 38.9611 32 1.21754
23 55 6.56617 0.0335062 24.4668 24 1.01945
23 56 6.5653 0.0317604 21.3037 22 0.968348
23 57 6.53755 0.0293431 11.7465 18 0.652581
23 58 6.47898 0.027245 20.4793 17 1.20467
23 59 6.47587 0.0236415 28.3055 17 1.66503
23 60 6.44592 0.0238299 14.802 17 0.870706
23 61 6.42994 0.0232801 17.3556 16 1.08472
23 62 6.39526 0.0186957 29.0993 20 1.45496
23 63 6.4332 0.0200997 24.5309 18 1.36283
