0 0 1.21283 0.010594 39.399 31 1.27094
0 1 1.25417 0.0124128 19.5334 26 0.751283
0 2 1.26794 0.0121128 24.9091 27 0.92256
0 3 1.27045 0.0124257 32.951 31 1.06294
0 4 1.27688 0.0142383 18.3207 26 0.704644
0 5 1.30954 0.0145225 39.1759 31 1.26374
0 6 1.28963 0.0153095 28.9309 29 0.997619
0 7 1.32105 0.0159196 32.1237 35 0.91782
0 8 1.371 0.0189096 22.5147 28 0.804095
0 9 1.346 0.0184322 29.6026 43 0.688432
0 10 1.37569 0.0186655 46.98 34 1.38177
0 11 1.39045 0.0224871 25.3981 42 0.604717
0 12 1.37617 0.022668 51.4369 50 1.02874
0 13 1.31972 0.0223131 47.5864 42 1.13301
0 14 1.23942 0.0186881 25.3235 39 0.649321
0 15 1.16338 0.0188558 18.0226 30 0.600754
0 16 1.15494 0.0158373 29.9105 34 0.879721
0 17 1.14319 0.0160179 22.2981 22 1.01355
0 18 1.15494 0.0138747 34.8747 30 1.16249
0 19 1.16989 0.0160817 14.455 18 0.803053
0 20 1.15731 0.0158559 9.07611 18 0.504228
0 21 1.16066 0.0100365 20.3481 24 0.847839
0 22 1.18068 0.0101073 25.3961 25 1.01584
0 23 1.14883 0.00984667 18.0818 26 0.695454
0 24 1.16066 0.0112245 22.5434 24 0.939307
0 25 1.20003 0.0101935 23.2659 26 0.894843
0 26 1.19511 0.00940101 36.0262 29 1.24228
0 27 1.21696 0.0120463 19.5634 22 0.889247
0 28 1.19767 0.0121892 20.8218 30 0.694059
0 29 1.22376 0.0096268 38.6402 27 1.43112
0 30 1.20391 0.0108475 14.3925 22 0.654205
0 31 1.21807 0.0100917 20.2643 26 0.779396
0 32 1.227 0.0109545 20.8027 23 0.904465
0 33 1.22855 0.0104167 26.9437 32 0.841989
0 34 1.22735 0.00967414 44.3076 37 1.1975
0 35 1.23724 0.0131004 22.6577 27 0.839174
0 36 1.242 0.0135601 17.3669 27 0.643218
0 37 1.26321 0.0161866 28.268 33 0.856605
0 38 1.28066 0.0144919 31.8364 34 0.936366
0 39 1.26909 0.0142228 38.1397 38 1.00368
0 40 1.30101 0.0193257 24.8548 30 0.828492
0 41 1.27412 0.0169517 23.8859 36 0.663498
0 42 1.32546 0.0168859 16.4489 32 0.514027
0 43 1.22915 0.0180069 43.7672 36 1.21576
0 44 1.22596 0.0165023 37.306 42 0.888237
0 45 1.20538 0.0182812 32.2743 31 1.0411
0 46 1.16531 0.0156757 20.5936 32 0.643548
0 47 1.13531 0.0181458 26.5368 26 1.02065
0 48 1.08059 0.0160599 27.2115 27 1.00783
0 49 1.09686 0.0151881 17.1809 21 0.818138
0 50 1.13954 0.0131497 29.9233 25 1.19693
0 51 1.13171 0.0119698 22.5129 29 0.776307
0 52 1.14659 0.0158583 10.2142 16 0.638389
0 53 1.1453 0.0115026 29.6041 25 1.18416
0 54 1.15194 0.0108278 22.4842 28 0.803007
0 55 1.16676 0.0133564 29.958 23 1.30252
0 56 1.18151 0.0119941 19.4669 22 0.884859
0 57 1.19353 0.0109372 19.845 25 0.793799
0 58 1.21049 0.0119434 19.3064 22 0.877566
0 59 1.20096 0.0145079 9.79638 19 0.515599
0 60 1.18736 0.0126787 21.0894 22 0.958608
0 61 1.23233 0.0130603 13.6966 23 0.595502
0 62 1.211 0.0136303 17.0432 21 0.811581
0 63 1.21567 0.0111711 25.1119 31 0.810061
1 0 1.26331 0.0172358 13.7553 22 0.62524
1 1 1.29904 0.0159718 28.1502 23 1.22392
1 2 1.27693 0.01548 22.4412 28 0.801472
1 3 1.29183 0.01557 31.0816 29 1.07178
1 4 1.31779 0.0164103 30.3801 27 1.12519
1 5 1.33955 0.017499 32.1269 30 1.0709
1 6 1.36768 0.0184508 35.0868 34 1.03197
1 7 1.38026 0.020288 29.0898 32 0.909057
1 8 1.41162 0.022318 33.7168 30 1.12389
1 9 1.4166 0.0248004 61.4611 41 1.49905
1 10 1.37554 0.0320872 32.2447 38 0.848545
1 11 1.38721 0.025034 42.5114 38 1.11872
1 12 1.39873 0.0270954 32.482 40 0.812049
1 13 1.35787 0.0285821 44.9354 41 1.09599
1 14 1.36334 0.0270671 40.2535 49 0.821501
1 15 1.22515 0.0235085 47.9343 38 1.26143
1 16 1.23985 0.0190858 32.1989 37 0.870239
1 17 1.25336 0.0219517 31.9134 22 1.45061
1 18 1.24145 0.0199739 15.1221 26 0.581618
1 19 1.21622 0.0181859 25.4508 27 0.942621
1 20 1.25782 0.0172226 11.9413 21 0.568632
1 21 1.23399 0.0126171 27.4447 32 0.857648
1 22 1.24576 0.0140371 29.0913 26 1.1189
1 23 1.24105 0.0135128 20.8064 25 0.832255
1 24 1.26367 0.0117682 8.66024 21 0.412392
1 25 1.22191 0.0112126 36.8715 32 1.15223
1 26 1.25507 0.0147203 11.7327 22 0.533305
1 27 1.27136 0.0153345 15.4897 17 0.911157
1 28 1.27643 0.0144566 14.8434 21 0.70683
1 29 1.25889 0.0117625 35.2096 30 1.17365
1 30 1.26456 0.0123844 24.085 29 0.830517
1 31 1.26698 0.0123905 28.9353 26 1.1129
1 32 1.29955 0.0124995 20.1322 29 0.694215
1 33 1.27799 0.017228 9.8541 24 0.410588
1 34 1.284 0.0159144 14.9497 23 0.649986
1 35 1.32423 0.0144837 25.2514 26 0.971208
1 36 1.30759 0.0167412 13.5035 23 0.587107
1 37 1.32667 0.0184557 31.9661 25 1.27864
1 38 1.3087 0.0181119 33.6322 36 0.934229
1 39 1.3269 0.019177 15.4544 26 0.5944
1 40 1.32023 0.0182205 38.3959 30 1.27986
1 41 1.29931 0.0211523 30.1566 32 0.942394
1 42 1.31258 0.0214115 32.7631 34 0.963622
1 43 1.32648 0.0203857 23.7929 31 0.767513
1 44 1.28241 0.0221213 35.451 37 0.958136
1 45 1.2388 0.0216472 53.3404 35 1.52401
1 46 1.2222 0.0205385 20.1208 28 0.7186
1 47 1.19167 0.0198077 18.9215 22 0.860069
1 48 1.18759 0.0191759 19.5307 18 1.08504
1 49 1.19966 0.0198145 18.033 26 0.693576
1 50 1.21301 0.0167355 18.0165 20 0.900826
1 51 1.19245 0.0179962 15.1942 25 0.607769
1 52 1.22285 0.0145883 13.7762 16 0.861015
1 53 1.22631 0.0129419 23.6857 25 0.94743
1 54 1.19998 0.0139056 22.2973 29 0.768873
1 55 1.21176 0.0148533 25.3548 23 1.10238
1 56 1.23014 0.0166662 17.7007 19 0.931618
1 57 1.21946 0.0128704 32.507 31 1.04861
1 58 1.25353 0.0111368 43.2511 33 1.31064
1 59 1.28409 0.014256 21.3942 21 1.01877
1 60 1.23914 0.0131766 23.0137 28 0.821917
1 61 1.24005 0.0150533 27.1823 22 1.23556
1 62 1.29062 0.0159155 10.3899 19 0.546837
1 63 1.27994 0.0147068 21.3709 25 0.854835
2 0 1.22372 0.0144461 33.4258 37 0.903401
2 1 1.25286 0.0153842 36.5476 29 1.26026
2 2 1.23961 0.0163624 29.378 29 1.01304
2 3 1.23726 0.0175204 36.0963 34 1.06166
2 4 1.28657 0.0174562 28.854 42 0.687
2 5 1.28685 0.01927 30.792 33 0.93309
2 6 1.2429 0.0196112 41.3409 34 1.21591
2 7 1.33582 0.0196331 29.4957 45 0.655459
2 8 1.35496 0.0194389 49.2067 39 1.26171
2 9 1.38268 0.0214151 37.8965 45 0.842144
2 10 1.32717 0.0191502 40.2771 48 0.839107
2 11 1.33527 0.0211764 57.4183 44 1.30496
2 12 1.3891 0.0288256 34.316 43 0.798045
2 13 1.32686 0.024223 47.3002 49 0.96531
2 14 1.25993 0.0226202 37.8216 42 0.900515
2 15 1.21926 0.0206939 17.6424 31 0.569109
2 16 1.22998 0.0194743 39.0381 33 1.18297
2 17 1.14458 0.0187312 31.6299 39 0.811022
2 18 1.21341 0.0184732 21.1084 19 1.11097
2 19 1.21466 0.0157525 19.3477 22 0.879442
2 20 1.17951 0.0163765 24.071 22 1.09413
2 21 1.21594 0.0177436 17.2741 20 0.863703
2 22 1.17973 0.0122875 23.6294 34 0.694983
2 23 1.24052 0.0168602 9.3712 20 0.46856
2 24 1.17961 0.0124529 24.8694 28 0.888191
2 25 1.20018 0.0121813 23.8048 29 0.820855
2 26 1.20371 0.0128455 26.3662 26 1.01408
2 27 1.22011 0.0116261 18.2389 34 0.536439
2 28 1.20656 0.0125624 28.0593 32 0.876854
2 29 1.23463 0.0115967 21.2863 30 0.709545
2 30 1.23085 0.0140061 15.8534 23 0.689279
2 31 1.23548 0.016723 19.6041 21 0.933529
2 32 1.24863 0.0126867 19.4279 26 0.747227
2 33 1.21548 0.0154023 22.2749 27 0.824995
2 34 1.26086 0.0157336 22.1959 25 0.887837
2 35 1.29177 0.0167399 16.7849 25 0.671397
2 36 1.23087 0.0148873 26.6579 38 0.701523
2 37 1.29135 0.0185448 26.264 29 0.905656
2 38 1.2803 0.0159668 60.0972 41 1.46579
2 39 1.25281 0.0191977 36.4362 35 1.04103
2 40 1.29506 0.0186884 61.123 37 1.65197
2 41 1.32764 0.0211538 39.864 38 1.04905
2 42 1.2428 0.0195823 46.6009 36 1.29447
2 43 1.27588 0.0210583 26.6986 30 0.889952
2 44 1.24582 0.0219556 37.7657 43 0.878271
2 45 1.18909 0.01795 68.1848 43 1.58569
2 46 1.16979 0.0189563 40.7554 37 1.1015
2 47 1.15036 0.0172342 46.931 35 1.34088
2 48 1.11459 0.018196 43.3659 33 1.31412
2 49 1.14905 0.0187674 27.4542 25 1.09817
2 50 1.16638 0.0184629 15.2647 19 0.803403
2 51 1.15637 0.0151747 21.9349 23 0.953691
2 52 1.13579 0.015903 18.4781 18 1.02656
2 53 1.16627 0.0163581 8.52648 20 0.426324
2 54 1.11258 0.016627 17.4909 24 0.728787
2 55 1.17217 0.0143793 22.9338 22 1.04245
2 56 1.19319 0.0141214 19.3263 29 0.666424
2 57 1.16135 0.0169209 11.0749 22 0.503406
2 58 1.18888 0.0129164 33.4742 27 1.23979
2 59 1.2032 0.0114927 25.752 30 0.858401
2 60 1.21111 0.0168561 15.647 22 0.711226
2 61 1.25528 0.0132869 15.1332 23 0.657965
2 62 1.20016 0.0130276 34.4703 32 1.0772
2 63 1.24218 0.0138424 32.7763 31 1.0573
3 0 1.23942 0.0134815 21.5233 22 0.978333
3 1 1.26373 0.0134083 16.4801 21 0.784764
3 2 1.22826 0.0166025 27.2925 24 1.13719
3 3 1.28058 0.0162027 17.7673 22 0.807604
3 4 1.22054 0.0140602 30.2039 35 0.862968
3 5 1.24474 0.0151865 41.9727 37 1.1344
3 6 1.28073 0.0199917 25.9605 28 0.927159
3 7 1.26548 0.0200837 29.5426 31 0.952988
3 8 1.28511 0.0187216 35.9492 35 1.02712
3 9 1.29372 0.0223399 26.9118 35 0.768909
3 10 1.33535 0.0235029 26.9057 32 0.840804
3 11 1.34631 0.0253766 29.9964 38 0.78938
3 12 1.3601 0.0233311 34.8286 38 0.916541
3 13 1.25537 0.019008 50.5416 48 1.05295
3 14 1.22683 0.0244599 25.5643 40 0.639107
3 15 1.19978 0.0155605 35.7467 37 0.966128
3 16 1.14128 0.0170293 53.289 32 1.66528
3 17 1.11788 0.0170467 46.5295 30 1.55098
3 18 1.20722 0.0166551 16.7025 17 0.982499
3 19 1.171 0.0145888 39.0665 26 1.50256
3 20 1.1987 0.0157558 12.1382 14 0.867015
3 21 1.19381 0.0160771 12.2389 17 0.719935
3 22 1.16171 0.0113218 29.985 29 1.03397
3 23 1.20071 0.0138122 24.8777 18 1.3821
3 24 1.18058 0.0161177 12.7743 13 0.982642
3 25 1.18405 0.0132155 9.11552 14 0.651109
3 26 1.18308 0.0127369 13.6488 19 0.718357
3 27 1.17879 0.0140171 12.7094 18 0.706079
3 28 1.19851 0.0125016 9.9329 16 0.620807
3 29 1.21015 0.0123961 17.7508 21 0.845275
3 30 1.18242 0.0104894 19.6571 28 0.702039
3 31 1.2084 0.0111007 25.487 28 0.910251
3 32 1.21078 0.0117288 13.2948 22 0.604311
3 33 1.22681 0.0111101 23.0326 29 0.794227
3 34 1.2268 0.012786 19.7401 30 0.658002
3 35 1.2384 0.0128495 38.227 28 1.36525
3 36 1.24037 0.0150992 17.2055 26 0.661748
3 37 1.23388 0.0160847 23.1163 26 0.889088
3 38 1.28648 0.016252 34.4841 22 1.56746
3 39 1.23103 0.0188516 14.9563 20 0.747816
3 40 1.29523 0.0211444 16.953 22 0.770589
3 41 1.28772 0.0200589 20.3779 29 0.702688
3 42 1.25635 0.0155655 63.1504 39 1.61924
3 43 1.26599 0.0167217 28.4799 28 1.01714
3 44 1.1833 0.0208275 19.0201 26 0.731541
3 45 1.19859 0.0202184 31.0144 28 1.10766
3 46 1.17222 0.0210435 15.8504 22 0.720473
3 47 1.14288 0.0162595 22.0045 18 1.22247
3 48 1.14629 0.0157314 10.7201 15 0.714673
3 49 1.17712 0.0141477 13.7669 21 0.655566
3 50 1.17901 0.0157176 15.4283 13 1.18679
3 51 1.14395 0.0124693 36.1675 25 1.4467
3 52 1.17201 0.0155909 8.12357 14 0.580255
3 53 1.1825 0.0148347 19.2196 17 1.13056
3 54 1.2175 0.0160081 7.83807 14 0.559862
3 55 1.1762 0.0128615 14.0226 13 1.07866
3 56 1.17671 0.013996 6.20705 13 0.477466
3 57 1.1624 0.0114813 17.1007 22 0.777307
3 58 1.16692 0.0115582 32.2738 25 1.29095
3 59 1.19525 0.0132246 16.4573 19 0.866172
3 60 1.18539 0.0121166 22.489 25 0.899561
3 61 1.17688 0.0167206 32.2699 23 1.40304
3 62 1.19872 0.0148369 8.55464 17 0.503214
3 63 1.19774 0.0148882 6.77756 21 0.322741
4 0 1.21849 0.0171589 12.4605 18 0.692249
4 1 1.23934 0.0184408 18.8969 20 0.944844
4 2 1.19786 0.0165619 17.4077 18 0.967094
4 3 1.2278 0.0184878 12.9615 18 0.720084
4 4 1.22454 0.0150317 27.3713 29 0.943839
4 5 1.22626 0.0169872 52.6164 36 1.46157
4 6 1.27627 0.0132691 25.623 33 0.776454
4 7 1.29036 0.0194347 30.4352 29 1.04949
4 8 1.33794 0.0224859 37.6338 28 1.34406
4 9 1.35886 0.0244927 19.2514 24 0.802141
4 10 1.36503 0.0219185 45.6867 32 1.42771
4 11 1.30502 0.0242955 33.6112 32 1.05035
4 12 1.31211 0.0211907 41.5742 39 1.066
4 13 1.27603 0.0211567 44.5989 39 1.14356
4 14 1.14234 0.0226518 28.317 35 0.809058
4 15 1.17996 0.0215523 45.8003 31 1.47743
4 16 1.16357 0.0196287 29.6132 23 1.28753
4 17 1.15301 0.0176341 32.2559 27 1.19466
4 18 1.17397 0.016321 12.6189 19 0.664152
4 19 1.16651 0.0128949 22.4333 25 0.897331
4 20 1.14996 0.0123428 43.1374 25 1.72549
4 21 1.15994 0.0138767 18.2094 25 0.728374
4 22 1.14487 0.0114992 21.1296 26 0.812676
4 23 1.13191 0.0121477 23.7766 27 0.880613
4 24 1.18755 0.0114769 22.7827 22 1.03558
4 25 1.18106 0.010751 27.6955 25 1.10782
4 26 1.17914 0.01233 14.4223 21 0.686777
4 27 1.18445 0.0111989 37.0768 23 1.61204
4 28 1.17892 0.00994702 23.8797 29 0.823438
4 29 1.1785 0.0107568 19.635 29 0.67707
4 30 1.19023 0.0133635 17.7051 21 0.843102
4 31 1.17231 0.014546 19.2389 27 0.712553
4 32 1.2098 0.013317 21.8616 23 0.950504
4 33 1.18726 0.012072 29.0002 28 1.03572
4 34 1.19866 0.0143522 18.4013 22 0.836423
4 35 1.17925 0.0130634 26.318 31 0.848969
4 36 1.19956 0.0152176 33.1496 27 1.22776
4 37 1.24961 0.0189095 25.0519 22 1.13872
4 38 1.23204 0.0178637 22.889 30 0.762967
4 39 1.20333 0.0188902 18.7325 28 0.669019
4 40 1.23957 0.0174545 21.9549 29 0.757065
4 41 1.23998 0.0167637 44.2903 36 1.23029
4 42 1.26804 0.0177706 32.7303 24 1.36376
4 43 1.26647 0.0209564 28.6078 22 1.30036
4 44 1.21044 0.0181828 25.2738 24 1.05308
4 45 1.15467 0.0189714 29.2586 31 0.943826
4 46 1.14329 0.0208185 10.2023 14 0.728737
4 47 1.1767 0.0167829 21.4436 19 1.12861
4 48 1.15502 0.0161417 14.6721 18 0.815117
4 49 1.13863 0.015406 8.80782 15 0.587188
4 50 1.13071 0.0133614 23.9352 20 1.19676
4 51 1.16041 0.0185382 8.72319 12 0.726932
4 52 1.18293 0.0135516 9.63182 15 0.642122
4 53 1.17844 0.0149408 7.64438 11 0.694944
4 54 1.1994 0.0114642 22.1487 18 1.23048
4 55 1.1787 0.011969 11.6934 17 0.687845
4 56 1.16982 0.0130658 14.029 16 0.876815
4 57 1.16606 0.0121859 17.3441 20 0.867206
4 58 1.17252 0.0112557 20.0586 25 0.802345
4 59 1.17424 0.0125644 22.4719 25 0.898875
4 60 1.1864 0.0121487 26.4442 23 1.14975
4 61 1.17414 0.0118299 37.3137 27 1.38199
4 62 1.18893 0.0114531 49.7568 31 1.60506
4 63 1.1762 0.0140179 17.1416 23 0.745289
5 0 1.18581 0.0128491 23.1035 25 0.92414
5 1 1.16801 0.0144771 27.8547 27 1.03166
5 2 1.17299 0.0144053 24.3651 28 0.870181
5 3 1.18589 0.0161045 26.8946 30 0.896488
5 4 1.18544 0.0175657 31.4406 27 1.16447
5 5 1.21869 0.0170304 26.6857 24 1.11191
5 6 1.24699 0.0196758 27.4751 28 0.981253
5 7 1.23684 0.0196271 27.2428 35 0.778365
5 8 1.27458 0.0185729 37.9993 36 1.05554
5 9 1.26646 0.0217197 22.9753 27 0.850938
5 10 1.31706 0.0222936 39.5024 38 1.03954
5 11 1.32171 0.0207862 26.8323 33 0.813101
5 12 1.26639 0.0254249 27.3099 32 0.853436
5 13 1.25344 0.0184726 24.7853 33 0.75107
5 14 1.15977 0.0203883 63.2293 35 1.80655
5 15 1.14714 0.0157566 33.6324 32 1.05101
5 16 1.12633 0.0179642 31.3885 23 1.36472
5 17 1.10161 0.0150711 29.6246 21 1.4107
5 18 1.11858 0.0143327 21.8901 18 1.21612
5 19 1.12646 0.0178884 25.6832 19 1.35175
5 20 1.11342 0.0165493 11.3319 13 0.871682
5 21 1.1232 0.0112702 20.264 25 0.81056
5 22 1.12186 0.0135761 18.813 18 1.04516
5 23 1.1481 0.0133091 6.66442 15 0.444295
5 24 1.1229 0.0102051 42.2573 25 1.69029
5 25 1.13907 0.0126689 13.2794 17 0.781144
5 26 1.12014 0.00990802 37.6558 26 1.4483
5 27 1.13482 0.0096741 27.9237 27 1.03421
5 28 1.13927 0.0123579 16.3715 15 1.09143
5 29 1.1507 0.0111945 20.3856 15 1.35904
5 30 1.14685 0.0128857 16.6863 19 0.878228
5 31 1.13076 0.0116203 26.393 26 1.01512
5 32 1.15844 0.0145764 22.5433 18 1.25241
5 33 1.15448 0.0129967 10.3136 26 0.396677
5 34 1.18295 0.013892 21.1068 21 1.00509
5 35 1.16635 0.0125865 30.088 32 0.94025
5 36 1.20758 0.0152465 25.7429 27 0.953439
5 37 1.18979 0.0150044 35.0727 34 1.03155
5 38 1.18645 0.0160684 25.7139 29 0.886686
5 39 1.21341 0.0180817 19.5735 27 0.724943
5 40 1.21697 0.0168054 21.4322 23 0.931833
5 41 1.2218 0.0204587 27.5402 28 0.983577
5 42 1.23815 0.0190493 26.8065 27 0.992832
5 43 1.1626 0.0207179 51.2753 39 1.31475
5 44 1.14204 0.0192323 38.4513 33 1.16519
5 45 1.1441 0.0171466 12.2989 19 0.64731
5 46 1.1131 0.013415 41.6375 28 1.48705
5 47 1.11703 0.0163515 19.213 17 1.13018
5 48 1.15347 0.0160281 11.9731 11 1.08846
5 49 1.0608 0.0148506 20.2037 22 0.918351
5 50 1.1253 0.0144786 10.4015 13 0.800118
5 51 1.13219 0.0173863 8.97247 9 0.996941
5 52 1.10546 0.0145252 7.35745 11 0.668859
5 53 1.14549 0.0137646 10.7021 13 0.823235
5 54 1.11888 0.0128923 13.7916 15 0.91944
5 55 1.1205 0.0152231 18.4636 15 1.2309
5 56 1.13303 0.0112881 12.8376 14 0.916973
5 57 1.12325 0.014623 6.4211 12 0.535092
5 58 1.15412 0.0109967 19.4873 19 1.02565
5 59 1.14526 0.0135646 2.12972 12 0.177476
5 60 1.13811 0.0123645 16.3764 23 0.712016
5 61 1.16183 0.0123305 20.3132 13 1.56255
5 62 1.15762 0.0119781 15.7377 19 0.828298
5 63 1.17933 0.0155216 10.2104 17 0.600612
6 0 1.2094 0.0126723 49.9772 34 1.46992
6 1 1.2556 0.0182925 13.9561 17 0.820949
6 2 1.23571 0.0148189 25.4765 24 1.06152
6 3 1.28243 0.0162364 21.7641 24 0.906838
6 4 1.22381 0.0193306 35.6924 36 0.991455
6 5 1.28627 0.0196722 28.1564 36 0.782122
6 6 1.27773 0.017274 25.7492 31 0.830619
6 7 1.33737 0.0221114 46.9461 35 1.34132
6 8 1.34775 0.0223334 33.365 36 0.926806
6 9 1.29968 0.0191115 44.7648 40 1.11912
6 10 1.36427 0.025969 29.4083 39 0.754059
6 11 1.35647 0.027815 48.9676 42 1.16589
6 12 1.31856 0.0230728 57.3403 49 1.17021
6 13 1.31185 0.0238403 69.5138 42 1.65509
6 14 1.23038 0.0253504 35.5521 36 0.987558
6 15 1.1548 0.02208 15.6587 21 0.745654
6 16 1.18539 0.0165907 20.827 24 0.867794
6 17 1.13109 0.0185521 17.4465 23 0.758543
6 18 1.16517 0.0159532 13.3085 20 0.665427
6 19 1.15541 0.0148185 40.4508 28 1.44467
6 20 1.19858 0.0146401 16.1933 18 0.899631
6 21 1.18705 0.015023 11.567 15 0.771131
6 22 1.15181 0.014671 18.6817 21 0.889603
6 23 1.1608 0.0125749 23.0813 17 1.35772
6 24 1.19648 0.0133274 18.1888 26 0.699568
6 25 1.17479 0.0139769 11.0685 18 0.614919
6 26 1.18045 0.013335 18.9123 19 0.995382
6 27 1.21104 0.0122467 23.7372 24 0.989049
6 28 1.19012 0.014107 15.2496 21 0.726172
6 29 1.17918 0.0136181 29.923 24 1.24679
6 30 1.19983 0.0149828 12.7955 18 0.710859
6 31 1.20885 0.0160093 20.0466 21 0.9546
6 32 1.1929 0.0135267 27.2794 30 0.909314
6 33 1.22919 0.0136096 23.2392 28 0.829971
6 34 1.22016 0.0168717 27.1132 24 1.12972
6 35 1.2255 0.0174467 14.554 27 0.539036
6 36 1.26089 0.0146065 28.8561 29 0.995037
6 37 1.26459 0.0162764 26.3675 28 0.941696
6 38 1.24065 0.017589 20.3572 32 0.636163
6 39 1.25915 0.0195206 34.672 34 1.01976
6 40 1.25099 0.0204994 38.0969 34 1.1205
6 41 1.24517 0.00612296 33.8035 29 1.16564
6 42 1.26957 0.0203718 26.9681 33 0.817217
6 43 1.22463 0.0214491 54.1154 42 1.28846
6 44 1.16687 0.0197271 54.8748 40 1.37187
6 45 1.17508 0.0174527 58.9876 40 1.47469
6 46 1.16863 0.0165168 25.546 18 1.41922
6 47 1.13746 0.0179796 22.9539 24 0.956414
6 48 1.14404 0.0188887 16.8788 22 0.767218
6 49 1.13924 0.0154455 29.2408 24 1.21837
6 50 1.17358 0.0161128 7.95123 18 0.441735
6 51 1.14563 0.0135298 26.1989 22 1.19086
6 52 1.14399 0.012608 23.9713 24 0.998803
6 53 1.16025 0.0159896 10.871 21 0.517669
6 54 1.16058 0.0134905 12.2783 18 0.682129
6 55 1.17023 0.0160096 9.02195 15 0.601463
6 56 1.18251 0.0139038 11.3835 17 0.669615
6 57 1.19252 0.0163272 13.7791 18 0.765507
6 58 1.15648 0.0156429 13.7766 23 0.598983
6 59 1.21163 0.0138933 23.23 27 0.860372
6 60 1.24031 0.0139174 13.8915 21 0.661502
6 61 1.17177 0.0168233 14.3365 16 0.896029
6 62 1.2009 0.014955 19.9087 23 0.865597
6 63 1.21618 0.0147343 19.5642 23 0.850616
7 0 1.15909 0.016362 17.2297 19 0.906826
7 1 1.19466 0.0159534 8.49336 19 0.447019
7 2 1.15581 0.0179684 32.4868 26 1.24949
7 3 1.20462 0.016751 16.0581 24 0.669088
7 4 1.20618 0.0187754 28.1753 26 1.08367
7 5 1.18869 0.0183099 28.5718 28 1.02042
7 6 1.2235 0.0195674 22.3097 26 0.858064
7 7 1.26293 0.0206545 35.0917 38 0.923465
7 8 1.28733 0.0208916 28.3321 37 0.765731
7 9 1.32916 0.0214167 37.834 46 0.822478
7 10 1.32137 0.0224246 44.3641 35 1.26755
7 11 1.30645 0.022032 35.6187 40 0.890467
7 12 1.29638 0.0229726 35.4419 46 0.770475
7 13 1.19644 0.0237108 30.6292 30 1.02097
7 14 1.15404 0.0225987 33.7196 36 0.936655
7 15 1.13975 0.0213937 28.5455 23 1.24111
7 16 1.12581 0.0198117 14.1159 20 0.705795
7 17 1.11538 0.0172651 12.7782 12 1.06485
7 18 1.11609 0.0160414 6.11776 19 0.321987
7 19 1.12813 0.0130969 13.4834 13 1.03719
7 20 1.11135 0.0135539 13.1968 22 0.599857
7 21 1.0819 0.0137899 16.9591 26 0.652275
7 22 1.11 0.0127375 18.3667 21 0.874605
7 23 1.12329 0.0149904 8.86703 14 0.633359
7 24 1.13307 0.0127886 10.2578 14 0.732699
7 25 1.13038 0.0117273 14.0316 16 0.876974
7 26 1.12358 0.0119199 18.1045 18 1.0058
7 27 1.10964 0.0114792 20.8294 26 0.80113
7 28 1.13129 0.0105583 19.3267 27 0.715802
7 29 1.14045 0.0109836 39.7076 26 1.52721
7 30 1.15808 0.0116632 30.9438 26 1.19015
7 31 1.14391 0.0116738 32.8196 30 1.09399
7 32 1.16395 0.0123669 26.865 25 1.0746
7 33 1.17806 0.0174446 13.5574 16 0.847338
7 34 1.17331 0.016124 21.1846 20 1.05923
7 35 1.19283 0.0157263 27.6987 29 0.955126
7 36 1.20424 0.0147556 22.2506 28 0.794665
7 37 1.18808 0.0172865 44.2064 36 1.22795
7 38 1.16803 0.0181314 31.2606 35 0.893159
7 39 1.24715 0.0165912 27.4659 27 1.01725
7 40 1.18853 0.0175993 54.2935 35 1.55124
7 41 1.20428 0.021031 40.4275 39 1.0366
7 42 1.20098 0.0206971 25.8099 37 0.697565
7 43 1.19238 0.0142061 31.7998 28 1.13571
7 44 1.17917 0.0187803 30.0757 26 1.15676
7 45 1.1255 0.0216249 20.4016 14 1.45726
7 46 1.11623 0.0199914 24.6386 17 1.44933
7 47 1.10489 0.0185628 12.6843 24 0.528514
7 48 1.11723 0.0156184 10.9868 17 0.646285
7 49 1.10036 0.0133097 30.0431 22 1.36559
7 50 1.13814 0.0166235 11.0569 13 0.850534
7 51 1.10709 0.0129264 18.2547 22 0.829759
7 52 1.0944 0.0160162 11.2588 15 0.750587
7 53 1.12496 0.0117148 26.4875 20 1.32437
7 54 1.12813 0.0144075 15.2057 18 0.844763
7 55 1.12187 0.01284 15.8974 18 0.883188
7 56 1.14574 0.0111969 11.2271 19 0.590898
7 57 1.11189 0.0134324 13.3838 15 0.892254
7 58 1.12569 0.0119422 30.396 22 1.38164
7 59 1.12762 0.0122964 47.6254 27 1.7639
7 60 1.17647 0.0151757 5.7586 14 0.411329
7 61 1.13285 0.0138308 30.6281 28 1.09386
7 62 1.18725 0.0134451 25.4222 17 1.49542
7 63 1.15758 0.0131151 23.5346 27 0.871653
8 0 1.1571 0.0146435 14.2324 30 0.474412
8 1 1.18705 0.0152458 15.9368 27 0.590253
8 2 1.21709 0.0180499 28.4689 33 0.862694
8 3 1.18093 0.0178653 30.4714 31 0.982947
8 4 1.20828 0.0172617 15.1412 26 0.582355
8 5 1.2576 0.0199033 52.2161 38 1.37411
8 6 1.23756 0.0187926 26.5769 37 0.718294
8 7 1.27688 0.0210284 21.9514 30 0.731714
8 8 1.30418 0.0225158 48.1248 40 1.20312
8 9 1.35146 0.0216004 27.1208 35 0.774881
8 10 1.36457 0.024417 50.4173 43 1.1725
8 11 1.30586 0.022441 38.0478 36 1.05688
8 12 1.29032 0.027132 28.2492 32 0.882786
8 13 1.21636 0.0267374 49.5655 44 1.12649
8 14 1.17643 0.0239284 28.9165 35 0.826187
8 15 1.16638 0.0177726 40.643 21 1.93538
8 16 1.0752 0.0201375 25.5173 30 0.850577
8 17 1.12342 0.0199586 14.0173 16 0.87608
8 18 1.12248 0.016683 10.5146 19 0.553401
8 19 1.12504 0.0168365 10.0193 15 0.667955
8 20 1.13894 0.0156344 8.14186 14 0.581561
8 21 1.12491 0.0149588 16.7546 15 1.11697
8 22 1.15686 0.0132371 13.8532 17 0.814894
8 23 1.13394 0.0118392 20.8625 19 1.09802
8 24 1.1165 0.0131028 16.3474 23 0.710755
8 25 1.15495 0.0128538 17.7683 20 0.888416
8 26 1.15842 0.011108 30.2257 26 1.16253
8 27 1.14354 0.0131121 12.5771 18 0.698729
8 28 1.1356 0.0132171 13.0378 23 0.566861
8 29 1.12852 0.011514 30.2337 29 1.04254
8 30 1.16823 0.0131216 9.48905 21 0.45186
8 31 1.15879 0.0130473 28.9012 28 1.03219
8 32 1.15626 0.0171646 17.7012 18 0.983401
8 33 1.19546 0.01512 29.3518 27 1.0871
8 34 1.16688 0.0159032 16.8318 30 0.561061
8 35 1.18549 0.0124183 59.5149 35 1.70043
8 36 1.18715 0.0165984 28.4496 33 0.862109
8 37 1.20328 0.0171452 29.9893 28 1.07105
8 38 1.22799 0.0192993 20.5526 34 0.604489
8 39 1.23716 0.0167529 26.3537 30 0.878457
8 40 1.26326 0.0168267 18.6956 31 0.603082
8 41 1.22143 0.0143663 26.6316 30 0.88772
8 42 1.21337 0.0175487 54.6367 33 1.65566
8 43 1.19164 0.0200479 29.6358 38 0.779889
8 44 1.14918 0.0207539 26.3991 23 1.14779
8 45 1.12811 0.0164109 47.6496 39 1.22178
8 46 1.12095 0.0152766 25.8667 34 0.760784
8 47 1.10171 0.0201952 24.7172 19 1.30091
8 48 1.14059 0.0207423 6.21038 11 0.56458
8 49 1.12619 0.0187052 5.42352 13 0.417194
8 50 1.11955 0.0167591 16.6064 16 1.0379
8 51 1.11171 0.0173652 12.8659 14 0.918992
8 52 1.12136 0.0160542 13.3074 16 0.831714
8 53 1.14291 0.0145505 19.2002 18 1.06668
8 54 1.13875 0.0151841 16.1902 19 0.852117
8 55 1.12957 0.0128688 11.5107 20 0.575535
8 56 1.14429 0.0155477 7.41855 13 0.570657
8 57 1.12117 0.0126288 30.0868 25 1.20347
8 58 1.16356 0.0149017 12.0977 17 0.711632
8 59 1.18262 0.014028 10.5535 20 0.527676
8 60 1.14437 0.0144599 34.863 25 1.39452
8 61 1.12827 0.0147863 28.8659 27 1.06911
8 62 1.21119 0.0154344 11.286 19 0.593999
8 63 1.19045 0.0160041 31.3342 28 1.11908
9 0 1.12521 0.0167895 22.9315 24 0.95548
9 1 1.13675 0.0112843 33.6838 25 1.34735
9 2 1.16069 0.0177672 11.032 18 0.612891
9 3 1.15248 0.0179557 24.7457 34 0.727814
9 4 1.14428 0.0167058 26.2979 27 0.973995
9 5 1.18022 0.0187651 28.3923 29 0.979045
9 6 1.16962 0.0154162 50.4606 38 1.32791
9 7 1.2487 0.0191317 23.6372 25 0.945489
9 8 1.25743 0.0185305 48.1963 37 1.3026
9 9 1.19973 0.0232965 34.5138 34 1.01511
9 10 1.23679 0.0231985 50.4715 40 1.26179
9 11 1.24127 0.0236378 32.0344 33 0.97074
9 12 1.21611 0.0192679 74.1859 48 1.54554
9 13 1.13711 0.0236325 54.9137 42 1.30747
9 14 1.14233 0.0206353 29.7285 26 1.1434
9 15 1.05799 0.0195695 14.9147 20 0.745737
9 16 1.05973 0.01762 27.3424 22 1.24284
9 17 1.03859 0.016809 17.2322 22 0.783281
9 18 1.07714 0.0152275 6.12986 13 0.471527
9 19 1.04385 0.0143546 8.72309 15 0.581539
9 20 1.05822 0.0130026 17.1573 15 1.14382
9 21 1.05461 0.0111228 17.9686 26 0.691101
9 22 1.10731 0.0131742 15.5053 12 1.29211
9 23 1.07949 0.0115646 16.6714 17 0.98067
9 24 1.07512 0.0127854 12.2871 13 0.945164
9 25 1.09221 0.0144427 5.25261 13 0.404047
9 26 1.04649 0.0119703 14.236 19 0.749262
9 27 1.07548 0.0112901 7.34048 12 0.611707
9 28 1.06724 0.0129416 13.6988 16 0.856174
9 29 1.08958 0.0106988 16.6113 26 0.638896
9 30 1.08536 0.0151387 14.0276 16 0.876727
9 31 1.07056 0.012733 23.4321 25 0.937282
9 32 1.15226 0.0141744 13.4498 18 0.747214
9 33 1.15721 0.0139697 24.8387 21 1.1828
9 34 1.13495 0.0132751 19.4022 21 0.923916
9 35 1.13293 0.0159101 23.3572 30 0.778572
9 36 1.16477 0.0172359 18.7195 22 0.850889
9 37 1.15681 0.0167413 41.0879 34 1.20847
9 38 1.16612 0.0143587 34.1157 35 0.974735
9 39 1.20171 0.0166185 36.0591 31 1.1632
9 40 1.17644 0.0194364 27.7854 31 0.896302
9 41 1.18032 0.0155651 26.2668 32 0.820837
9 42 1.12592 0.0212529 37.2803 34 1.09648
9 43 1.14004 0.0201162 24.9513 25 0.998051
9 44 1.07826 0.0171455 31.858 32 0.995562
9 45 1.08242 0.0142709 31.5173 24 1.31322
9 46 1.07006 0.0167487 23.828 23 1.036
9 47 1.02683 0.0169347 24.2402 20 1.21201
9 48 1.07136 0.0176882 11.0475 14 0.789106
9 49 1.04589 0.012429 3.8601 12 0.321675
9 50 1.04711 0.0168354 8.84398 12 0.736998
9 51 1.06197 0.0138259 11.5974 11 1.05431
9 52 1.03382 0.0166027 5.71052 13 0.439271
9 53 1.06722 0.0110758 32.0524 19 1.68697
9 54 1.08403 0.0128881 17.6088 20 0.880442
9 55 1.06392 0.0154023 24.2552 19 1.27659
9 56 1.0909 0.0139558 9.17355 12 0.764462
9 57 1.10107 0.0122317 14.1492 16 0.884328
9 58 1.08387 0.0150612 8.43391 17 0.496112
9 59 1.05616 0.0136622 17.9207 23 0.779161
9 60 1.08535 0.0128994 22.6175 22 1.02807
9 61 1.10936 0.015614 18.9211 16 1.18257
9 62 1.08839 0.0137437 29.5483 28 1.05529
9 63 1.1059 0.012784 46.614 28 1.66479
10 0 1.14486 0.0152302 24.699 28 0.882107
10 1 1.18488 0.0182273 9.9488 17 0.585224
10 2 1.17927 0.0129401 40.641 32 1.27003
10 3 1.14964 0.0177378 29.0132 31 0.935908
10 4 1.21095 0.0136836 36.016 24 1.50067
10 5 1.2459 0.0172275 23.414 30 0.780468
10 6 1.25975 0.0198398 15.8739 28 0.566925
10 7 1.25405 0.0193833 46.6865 39 1.19709
10 8 1.25738 0.021184 38.2211 39 0.980029
10 9 1.31106 0.0211038 47.9298 42 1.14118
10 10 1.29241 0.0243126 30.7973 41 0.751153
10 11 1.28334 0.0237065 33.8347 34 0.995137
10 12 1.28642 0.0207273 105.699 45 2.34888
10 13 1.04324 0.00704488 27.9693 33 0.847555
10 14 1.1735 0.0155881 67.9381 32 2.12307
10 15 1.10947 0.021868 17.8055 18 0.989196
10 16 1.08697 0.0164755 19.5671 15 1.30447
10 17 1.09007 0.0152121 41.741 24 1.73921
10 18 1.1101 0.0141165 17.7088 14 1.26491
10 19 1.14172 0.0147286 15.9533 14 1.13952
10 20 1.09872 0.0129078 25.7963 25 1.03185
10 21 1.1152 0.014056 10.0141 16 0.625884
10 22 1.10127 0.0152314 13.7249 14 0.980351
10 23 1.1282 0.014065 15.5422 19 0.81801
10 24 1.1193 0.0162932 7.01937 12 0.584947
10 25 1.11315 0.012682 9.10657 17 0.53568
10 26 1.1132 0.010407 23.2984 23 1.01297
10 27 1.1135 0.0115539 31.8028 28 1.13581
10 28 1.13318 0.0100217 23.5441 24 0.981004
10 29 1.12307 0.0116119 39.0573 27 1.44657
10 30 1.10998 0.0147387 16.0476 20 0.802382
10 31 1.13413 0.0161434 14.9803 18 0.832238
10 32 1.1297 0.0145421 6.78338 19 0.35702
10 33 1.1593 0.0140846 23.9118 31 0.771349
10 34 1.13699 0.015053 23.5801 29 0.813107
10 35 1.1693 0.0144143 15.4843 29 0.533942
10 36 1.1751 0.0180758 26.688 22 1.21309
10 37 1.18787 0.0176235 26.9498 34 0.792642
10 38 1.211 0.0149184 35.3874 31 1.14153
10 39 1.21834 0.0145135 35.1684 34 1.03436
10 40 1.21913 0.0160128 35.3971 42 0.842788
10 41 1.21924 0.0211171 30.4222 24 1.26759
10 42 1.19683 0.0166772 39.5315 30 1.31772
10 43 1.19516 0.0183951 39.9139 33 1.20951
10 44 1.16302 0.0180672 34.9985 31 1.12898
10 45 1.11358 0.0159404 32.1046 23 1.39585
10 46 1.07822 0.0205902 21.9694 18 1.22052
10 47 1.09381 0.0168048 20.721 19 1.09058
10 48 1.10275 0.016377 10.3433 13 0.795635
10 49 1.09339 0.0166657 17.0852 17 1.00501
10 50 1.1388 0.01558 1.99539 11 0.181399
10 51 1.0999 0.0151237 12.1167 13 0.93205
10 52 1.10864 0.0153366 5.40975 14 0.386411
10 53 1.09965 0.0149329 9.40695 15 0.62713
10 54 1.10714 0.013492 12.3002 17 0.723539
10 55 1.1368 0.0149736 7.65797 10 0.765797
10 56 1.1183 0.0121455 15.7235 19 0.827552
10 57 1.10206 0.0125947 46.6253 25 1.86501
10 58 1.09988 0.0132328 17.3166 24 0.721523
10 59 1.14475 0.0161335 9.59262 16 0.599539
10 60 1.11417 0.0122295 26.4076 28 0.943127
10 61 1.13965 0.0164287 15.3195 18 0.851083
10 62 1.13995 0.0170018 6.29579 17 0.370341
10 63 1.15161 0.0147593 22.56 20 1.128
11 0 1.15466 0.0143515 31.9194 29 1.10067
11 1 1.18305 0.016052 32.7466 30 1.09155
11 2 1.19115 0.017571 32.9588 28 1.1771
11 3 1.21728 0.0197726 39.3801 34 1.15824
11 4 1.17862 0.019732 34.3289 33 1.04027
11 5 1.23717 0.0189201 31.7857 31 1.02534
11 6 1.23989 0.0204823 23.7416 26 0.913138
11 7 1.22712 0.0211 37.1539 36 1.03205
11 8 1.30635 0.0191242 26.6976 38 0.702569
11 9 1.3135 0.0210693 34.723 39 0.890333
11 10 1.29504 0.0266945 27.3246 38 0.71907
11 11 1.32378 0.0255828 49.655 39 1.27321
11 12 1.27766 0.0234478 36.7176 37 0.992367
11 13 1.21867 0.0250061 49.2274 41 1.20067
11 14 1.10057 0.021962 30.7405 36 0.853901
11 15 1.16915 0.0224704 44.6508 25 1.78603
11 16 1.0784 0.0186895 27.576 23 1.19896
11 17 1.15694 0.0202063 19.5978 17 1.15281
11 18 1.0872 0.015359 31.0333 25 1.24133
11 19 1.07168 0.0159294 29.396 24 1.22483
11 20 1.11191 0.0164453 5.92086 13 0.455451
11 21 1.10794 0.0141466 13.3123 19 0.700646
11 22 1.11331 0.0125143 19.5734 16 1.22334
11 23 1.11759 0.0126605 23.3465 19 1.22876
11 24 1.14132 0.0121059 25.6263 22 1.16483
11 25 1.13381 0.0145144 17.9894 16 1.12434
11 26 1.13793 0.0132896 7.68113 17 0.451831
11 27 1.10416 0.0112955 48.3804 29 1.66829
11 28 1.13536 0.0124597 15.3673 23 0.668145
11 29 1.11705 0.0134692 22.4713 29 0.774874
11 30 1.16864 0.0129401 17.43 18 0.968331
11 31 1.12752 0.0128831 23.9322 27 0.886377
11 32 1.13926 0.0129563 15.8514 29 0.546599
11 33 1.14738 0.0156138 16.08 24 0.670001
11 34 1.17332 0.0147398 25.243 32 0.788844
11 35 1.17138 0.0149258 21.6621 27 0.802301
11 36 1.18434 0.017287 31.5731 27 1.16938
11 37 1.17247 0.0162669 30.0197 36 0.833882
11 38 1.21711 0.0186503 26.0789 29 0.899271
11 39 1.25554 0.0191039 23.4686 29 0.809261
11 40 1.23483 0.0214955 36.4299 32 1.13844
11 41 1.23858 0.0218025 33.8849 27 1.255
11 42 1.19296 0.0188252 36.382 43 0.846092
11 43 1.13656 0.0174477 40.7614 37 1.10166
11 44 1.18325 0.0206551 56.126 36 1.55906
11 45 1.1297 0.0195313 16.8766 21 0.803649
11 46 1.09823 0.0196578 17.3272 19 0.911957
11 47 1.09205 0.0148903 7.55903 18 0.419946
11 48 1.09582 0.0182174 10.6833 15 0.712219
11 49 1.06958 0.0165322 26.4398 25 1.05759
11 50 1.0969 0.0162567 13.5545 15 0.903631
11 51 1.08569 0.0178716 7.00708 12 0.583924
11 52 1.13775 0.0180965 4.71239 12 0.392699
11 53 1.09281 0.0129565 15.1028 21 0.719182
11 54 1.12062 0.0131731 18.8469 17 1.10864
11 55 1.09401 0.0142588 20.0749 20 1.00374
11 56 1.14781 0.0132003 20.3269 17 1.1957
11 57 1.11402 0.0134754 11.3904 18 0.632798
11 58 1.09085 0.0164013 18.6667 19 0.982457
11 59 1.15616 0.01461 15.9072 17 0.935716
11 60 1.1462 0.0148393 27.2584 21 1.29802
11 61 1.11679 0.0141886 26.0936 27 0.966429
11 62 1.1597 0.0151293 11.5232 17 0.677835
11 63 1.17033 0.0158275 19.6913 23 0.856145
12 0 1.16617 0.0168435 26.3295 27 0.975167
12 1 1.19437 0.0172306 35.4976 27 1.31473
12 2 1.18073 0.0161694 31.1869 34 0.917261
12 3 1.18504 0.0190527 32.1067 33 0.972929
12 4 1.18399 0.0188866 43.9658 36 1.22127
12 5 1.17399 0.018518 36.7726 40 0.919314
12 6 1.26946 0.0189678 31.1297 40 0.778243
12 7 1.23762 0.0220768 36.4415 38 0.958986
12 8 1.22432 0.0229779 24.9827 41 0.609335
12 9 1.31133 0.0244448 32.0644 35 0.916126
12 10 1.35634 0.024835 27.5643 36 0.765675
12 11 1.36084 0.0245955 55.3753 50 1.10751
12 12 1.3129 0.0254405 58.36 45 1.29689
12 13 1.20808 0.0241268 21.868 39 0.560717
12 14 1.15638 0.0198001 37.249 39 0.955102
12 15 1.10899 0.022449 20.925 28 0.747322
12 16 1.11742 0.0198319 17.3257 17 1.01916
12 17 1.09464 0.0191294 16.2097 20 0.810487
12 18 1.13776 0.0143382 17.9046 17 1.05321
12 19 1.07389 0.0146806 28.9109 25 1.15644
12 20 1.12031 0.0146292 10.5738 17 0.621989
12 21 1.1238 0.0148085 12.4017 17 0.729514
12 22 1.13298 0.0172135 13.1898 12 1.09915
12 23 1.11722 0.0118986 27.5068 22 1.25031
12 24 1.11657 0.0159146 21.1702 17 1.24531
12 25 1.12368 0.0140661 7.94014 18 0.441119
12 26 1.11814 0.0142511 18.2629 17 1.07429
12 27 1.09095 0.0159483 18.9327 18 1.05181
12 28 1.1273 0.0145584 13.0949 16 0.818433
12 29 1.13348 0.0131959 20.7746 23 0.903246
12 30 1.1395 0.0144018 19.5835 27 0.725317
12 31 1.12834 0.0128044 20.3659 28 0.727354
12 32 1.13505 0.0136191 35.2189 30 1.17396
12 33 1.1631 0.0154425 14.4201 18 0.801118
12 34 1.16191 0.016275 25.88 27 0.958519
12 35 1.16316 0.0153593 28.4665 25 1.13866
12 36 1.18589 0.0144296 19.814 30 0.660465
12 37 1.21557 0.0184633 22.3535 31 0.721079
12 38 1.19861 0.0187562 34.5791 31 1.11546
12 39 1.22589 0.016323 32.6504 31 1.05324
12 40 1.22613 0.021503 22.1477 32 0.692115
12 41 1.20268 0.0205501 12.6487 24 0.527028
12 42 1.16784 0.0215487 47.1447 34 1.38661
12 43 1.13134 0.0181728 69.0196 37 1.86539
12 44 1.12731 0.0204934 44.2541 39 1.13472
12 45 1.12299 0.0186528 22.7113 22 1.03233
12 46 1.10574 0.0173161 20.1687 21 0.960416
12 47 1.09811 0.0182283 9.62454 12 0.802045
12 48 1.10834 0.0198397 27.439 18 1.52439
12 49 1.12379 0.0199038 4.53729 13 0.349022
12 50 1.09991 0.0154864 11.6788 16 0.729924
12 51 1.12497 0.0156058 14.5684 17 0.856965
12 52 1.11528 0.0147384 13.4329 14 0.959492
12 53 1.11637 0.0127082 37.2728 22 1.69422
12 54 1.13135 0.0153392 10.0329 12 0.836075
12 55 1.13824 0.0146468 6.51505 14 0.465361
12 56 1.11467 0.0128586 26.4788 26 1.01842
12 57 1.14859 0.0127481 18.3594 20 0.917972
12 58 1.13232 0.0136665 13.0948 21 0.623561
12 59 1.13605 0.0126687 30.8058 23 1.33938
12 60 1.11053 0.016586 16.5992 21 0.79044
12 61 1.09807 0.0146393 54.2162 30 1.80721
12 62 1.15779 0.0146496 23.1325 22 1.05148
12 63 1.16097 0.0141782 29.5176 26 1.13529
13 0 1.15364 0.01639 9.70299 21 0.462047
13 1 1.20366 0.0149729 24.7951 23 1.07805
13 2 1.18744 0.0142837 25.8586 28 0.923521
13 3 1.19539 0.0173161 19.5325 27 0.723427
13 4 1.21506 0.0146945 14.2672 26 0.548737
13 5 1.21819 0.020121 21.3492 32 0.667163
13 6 1.22673 0.016772 38.5739 30 1.2858
13 7 1.2585 0.0204581 31.1745 30 1.03915
13 8 1.32099 0.0205297 33.9254 31 1.09437
13 9 1.26475 0.0236305 38.7973 40 0.969932
13 10 1.27403 0.020055 32.1342 30 1.07114
13 11 1.28455 0.0268024 49.4585 35 1.4131
13 12 1.25496 0.0225273 32.3134 38 0.850354
13 13 1.19926 0.0213714 53.3295 39 1.36742
13 14 1.12394 0.0237681 22.672 23 0.98574
13 15 1.11242 0.0155445 40.7874 30 1.35958
13 16 1.06748 0.0185431 31.3495 29 1.08102
13 17 1.06034 0.0190287 8.33301 20 0.41665
13 18 1.07625 0.0184381 21.5378 16 1.34611
13 19 1.11922 0.0144434 11.2701 20 0.563503
13 20 1.09146 0.0145858 39.9173 25 1.59669
13 21 1.06886 0.0125922 29.308 26 1.12723
13 22 1.09831 0.0162008 10.5493 14 0.753521
13 23 1.08216 0.0126989 11.6358 19 0.612412
13 24 1.10216 0.012022 25.7303 19 1.35423
13 25 1.09509 0.0119663 17.3641 22 0.789279
13 26 1.10765 0.0106365 34.1113 27 1.26338
13 27 1.0969 0.0114667 24.4368 25 0.977472
13 28 1.12931 0.0121018 20.3467 20 1.01733
13 29 1.12259 0.0114241 17.6485 27 0.65365
13 30 1.11037 0.014799 21.0565 24 0.877352
13 31 1.16165 0.0137915 16.7726 19 0.882766
13 32 1.14015 0.0118521 35.4782 28 1.26708
13 33 1.12444 0.0128746 21.8011 29 0.751764
13 34 1.17376 0.0148459 16.4793 20 0.823965
13 35 1.17872 0.0173947 16.875 20 0.843752
13 36 1.17433 0.0152812 31.3539 29 1.08117
13 37 1.23314 0.0167116 23.6678 31 0.763478
13 38 1.22626 0.019345 36.9206 28 1.31859
13 39 1.19536 0.0184732 44.1705 36 1.22696
13 40 1.21237 0.0190422 21.6653 28 0.773761
13 41 1.22609 0.0158405 23.8051 28 0.850182
13 42 1.19512 0.0182834 60.1348 38 1.58249
13 43 1.18317 0.0183076 30.9678 23 1.34642
13 44 1.14963 0.016809 49.2753 36 1.36876
13 45 1.13807 0.01786 15.9532 22 0.725148
13 46 1.09123 0.0201575 24.6298 23 1.07086
13 47 1.09175 0.0176801 17.4888 16 1.09305
13 48 1.08783 0.0173505 17.7433 20 0.887166
13 49 1.0671 0.0157572 21.3956 22 0.972527
13 50 1.1081 0.0172274 15.9401 17 0.937655
13 51 1.08579 0.0151485 10.5417 19 0.554827
13 52 1.11511 0.0131726 15.152 15 1.01013
13 53 1.11444 0.0135224 13.4442 11 1.2222
13 54 1.10602 0.0116637 29.8306 24 1.24294
13 55 1.09504 0.0130494 21.7487 19 1.14467
13 56 1.10127 0.011917 30.8925 23 1.34315
13 57 1.10991 0.0116331 28.3335 24 1.18056
13 58 1.11428 0.0119168 40.1562 26 1.54447
13 59 1.15141 0.0138361 22.2128 17 1.30663
13 60 1.08737 0.0140056 26.576 26 1.02215
13 61 1.11191 0.0153511 18.6761 25 0.747044
13 62 1.12974 0.0162587 16.767 18 0.9315
13 63 1.13033 0.0163679 20.4359 27 0.756885
14 0 1.11729 0.0147281 14.6883 20 0.734414
14 1 1.15585 0.0140878 28.1868 24 1.17445
14 2 1.14329 0.0156322 21.1453 23 0.919362
14 3 1.15229 0.0163345 29.4722 29 1.01628
14 4 1.1498 0.0175233 34.9534 32 1.09229
14 5 1.18525 0.0182511 25.4044 25 1.01618
14 6 1.22067 0.0177385 20.4432 24 0.851801
14 7 1.19194 0.0185737 29.4408 39 0.754893
14 8 1.25135 0.0227123 16.8732 25 0.674929
14 9 1.2816 0.0249548 27.3126 32 0.853518
14 10 1.27577 0.0264261 40.1991 46 0.873893
14 11 1.27937 0.0201371 48.8452 41 1.19135
14 12 1.18129 0.0212722 37.9527 40 0.948817
14 13 1.16011 0.0230442 47.7962 40 1.19491
14 14 1.06166 0.019467 39.2014 31 1.26456
14 15 1.07873 0.0195013 42.2486 22 1.92039
14 16 1.05382 0.0176549 13.3606 14 0.954326
14 17 1.05309 0.0148088 25.8911 20 1.29455
14 18 1.06296 0.0185084 8.19259 13 0.630199
14 19 1.06745 0.0154733 13.2395 13 1.01842
14 20 1.08643 0.00958323 15.787 17 0.928649
14 21 1.08789 0.0128175 6.78166 12 0.565138
14 22 1.03723 0.0150078 27.5169 26 1.05834
14 23 1.054 0.0122166 13.2412 19 0.696905
14 24 1.08415 0.0120713 25.8036 15 1.72024
14 25 1.08093 0.0144328 10.4525 12 0.871043
14 26 1.06921 0.0107805 19.1387 25 0.76555
14 27 1.09555 0.0133077 19.4581 16 1.21613
14 28 1.09676 0.0122828 10.61 15 0.707332
14 29 1.0902 0.0107187 35.9307 26 1.38195
14 30 1.08106 0.0149612 19.7436 16 1.23398
14 31 1.08508 0.0112338 23.5452 21 1.1212
14 32 1.1258 0.0120333 9.07888 21 0.432328
14 33 1.08682 0.0144716 21.8743 19 1.15128
14 34 1.09608 0.0160644 25.4804 27 0.943717
14 35 1.13994 0.0159499 30.3621 26 1.16777
14 36 1.14442 0.0171946 26.0378 23 1.13208
14 37 1.15178 0.0169763 30.7993 24 1.2833
14 38 1.15246 0.0164527 27.2929 31 0.880415
14 39 1.17072 0.0161389 32.8697 32 1.02718
14 40 1.14691 0.0196302 51.94 36 1.44278
14 41 1.11405 0.0182839 35.1264 34 1.03313
14 42 1.13149 0.0207876 26.9279 21 1.28228
14 43 1.13797 0.0145613 48.0152 31 1.54888
14 44 1.10477 0.0209546 23.137 20 1.15685
14 45 1.08604 0.0157923 22.0879 20 1.1044
14 46 1.07353 0.0173426 33.335 20 1.66675
14 47 1.04694 0.0125731 24.7808 17 1.45769
14 48 1.02831 0.0167359 18.2641 17 1.07436
14 49 1.03911 0.013766 15.1897 19 0.799459
14 50 1.02321 0.0146136 20.1769 19 1.06194
14 51 1.05552 0.01307 12.1758 12 1.01465
14 52 1.02253 0.0135972 23.4519 20 1.1726
14 53 1.07747 0.0159605 9.88601 11 0.898728
14 54 1.07267 0.0126054 16.6234 19 0.874917
14 55 1.08459 0.0137884 23.508 13 1.80831
14 56 1.06979 0.0142988 9.90228 16 0.618892
14 57 1.09184 0.0128458 15.8559 19 0.834519
14 58 1.09185 0.014305 7.59735 15 0.50649
14 59 1.10685 0.0151653 8.25123 12 0.687603
14 60 1.06487 0.0148731 31.5522 26 1.21355
14 61 1.10559 0.0133244 24.2884 26 0.934168
14 62 1.10225 0.0138012 30.1595 27 1.11702
14 63 1.11079 0.013045 31.4363 20 1.57181
15 0 1.19321 0.0145429 37.3488 34 1.0985
15 1 1.18593 0.0175469 25.0621 26 0.963928
15 2 1.21065 0.0163444 26.9328 34 0.792141
15 3 1.20963 0.017536 27.7618 31 0.895543
15 4 1.22268 0.0188168 33.5483 29 1.15684
15 5 1.25268 0.0204979 19.9818 29 0.689027
15 6 1.27584 0.016485 26.1047 32 0.815771
15 7 1.2962 0.018747 34.3269 38 0.903339
15 8 1.29986 0.0202125 40.1298 39 1.02897
15 9 1.33657 0.0260447 42.2192 44 0.959527
15 10 1.36005 0.0252661 37.1599 39 0.952818
15 11 1.36548 0.0263105 36.5221 46 0.79396
15 12 1.28906 0.0258331 30.6554 45 0.68123
15 13 1.18983 0.0205229 53.8812 35 1.53946
15 14 1.14656 0.0204192 36.7381 33 1.11328
15 15 1.14677 0.0173776 25.3381 26 0.974543
15 16 1.09557 0.020102 11.0809 17 0.65182
15 17 1.14229 0.0201148 14.6628 18 0.814602
15 18 1.12773 0.0166751 14.1205 15 0.941367
15 19 1.10293 0.0172521 5.0864 16 0.3179
15 20 1.12846 0.0143886 9.26736 24 0.38614
15 21 1.10922 0.0146611 9.22315 17 0.542538
15 22 1.13148 0.0135481 11.7145 20 0.585724
15 23 1.1105 0.0140124 13.4811 17 0.793004
15 24 1.12144 0.01464 10.5491 17 0.620532
15 25 1.1228 0.0116096 24.1885 25 0.96754
15 26 1.10223 0.0125236 29.6263 25 1.18505
15 27 1.13749 0.0122044 23.6799 24 0.986661
15 28 1.14458 0.0135862 13.5891 17 0.799359
15 29 1.12799 0.0127776 22.1179 25 0.884714
15 30 1.19097 0.0138457 22.1116 19 1.16377
15 31 1.14045 0.0123928 24.9471 29 0.860244
15 32 1.19093 0.01536 19.9973 18 1.11096
15 33 1.16752 0.0133018 16.5681 30 0.55227
15 34 1.18894 0.0169762 15.3168 20 0.76584
15 35 1.17737 0.0153834 41.0609 36 1.14058
15 36 1.18508 0.0158797 26.174 32 0.817936
15 37 1.2317 0.0180423 23.8118 29 0.821095
15 38 1.24953 0.0167044 40.2409 38 1.05897
15 39 1.22202 0.0189856 25.5861 33 0.775337
15 40 1.20424 0.0204627 40.7105 29 1.40381
15 41 1.20017 0.01901 22.7707 25 0.910829
15 42 1.21918 0.0185507 50.9384 37 1.37671
15 43 1.18968 0.0161838 46.1575 41 1.12579
15 44 1.17289 0.0208914 45.404 37 1.22713
15 45 1.15824 0.0217827 23.8181 25 0.952726
15 46 1.105 0.019175 28.0236 26 1.07783
15 47 1.11096 0.0197324 12.9211 15 0.861408
15 48 1.13476 0.0161998 19.6518 15 1.31012
15 49 1.11347 0.0189412 16.0771 15 1.0718
15 50 1.10048 0.0152222 35.11 22 1.59591
15 51 1.10015 0.0140641 15.891 21 0.756715
15 52 1.14386 0.0139618 6.30634 10 0.630634
15 53 1.14957 0.0141867 13.5342 12 1.12785
15 54 1.12798 0.0153249 6.93668 15 0.462446
15 55 1.13066 0.0110795 13.633 22 0.619682
15 56 1.12987 0.0129936 23.6022 21 1.12391
15 57 1.1346 0.0145961 14.6261 17 0.86036
15 58 1.11282 0.0135353 34.9566 27 1.29469
15 59 1.12835 0.0139053 26.8992 26 1.03458
15 60 1.12545 0.0129468 45.0887 31 1.45448
15 61 1.16731 0.0134391 16.8157 17 0.989159
15 62 1.16983 0.0149656 25.9257 26 0.997143
15 63 1.19372 0.0169204 20.5036 22 0.931981
16 0 1.19436 0.0118845 19.0406 22 0.86548
16 1 1.15526 0.0147553 25.6241 27 0.94904
16 2 1.17654 0.014736 32.0111 32 1.00035
16 3 1.15876 0.0167072 18.0495 32 0.564047
16 4 1.2398 0.0173527 22.1779 26 0.852996
16 5 1.21705 0.0183287 19.7189 33 0.597541
16 6 1.22939 0.017895 20.781 26 0.799271
16 7 1.29399 0.0221284 24.9457 24 1.0394
16 8 1.29946 0.0213121 39.13 35 1.118
16 9 1.33244 0.0173399 40.2876 31 1.2996
16 10 1.30971 0.0225041 32.3146 34 0.950431
16 11 1.31745 0.0237503 39.1174 36 1.0866
16 12 1.30989 0.0276339 38.5553 36 1.07098
16 13 1.24258 0.0256888 39.4379 42 0.938998
16 14 1.18983 0.0165815 46.6912 35 1.33403
16 15 1.15501 0.0188984 29.4059 27 1.08911
16 16 1.14716 0.0141776 60.225 23 2.61848
16 17 1.11732 0.0149143 25.5618 23 1.11138
16 18 1.11053 0.0185893 6.00978 12 0.500815
16 19 1.11097 0.0138072 13.7597 13 1.05844
16 20 1.09032 0.0121719 27.5435 25 1.10174
16 21 1.09742 0.0109158 32.0354 26 1.23213
16 22 1.12426 0.0109805 37.1922 24 1.54968
16 23 1.1112 0.0145507 33.8649 27 1.25426
16 24 1.13548 0.0126605 13.7824 19 0.725389
16 25 1.11348 0.0108602 22.2461 27 0.823929
16 26 1.10897 0.0116622 37.9837 27 1.4068
16 27 1.13272 0.0123487 14.3598 17 0.844696
16 28 1.11773 0.0110884 34.4777 27 1.27695
16 29 1.13387 0.010757 33.6477 25 1.34591
16 30 1.13275 0.012156 20.0711 25 0.802843
16 31 1.13273 0.0130593 31.7857 26 1.22253
16 32 1.15052 0.0119768 34.2798 29 1.18206
16 33 1.13763 0.0157489 16.1685 23 0.702977
16 34 1.1914 0.0130812 33.0801 21 1.57524
16 35 1.15435 0.0174158 15.9781 18 0.887673
16 36 1.16681 0.0158088 14.312 19 0.753261
16 37 1.16727 0.0157749 35.9819 34 1.05829
16 38 1.2098 0.0181691 21.8307 26 0.839642
16 39 1.18799 0.0189266 26.1967 31 0.845056
16 40 1.21197 0.0157577 33.5959 39 0.861432
16 41 1.22524 0.0208539 35.9578 37 0.971832
16 42 1.22146 0.0174173 24.6943 32 0.771697
16 43 1.17815 0.017046 41.6615 41 1.01613
16 44 1.15673 0.0190543 16.5651 22 0.752957
16 45 1.09031 0.0192878 34.7872 34 1.02315
16 46 1.14119 0.011406 48.1205 23 2.0922
16 47 1.07302 0.0199445 11.7254 15 0.781692
16 48 1.09866 0.0195833 19.7902 16 1.23688
16 49 1.08321 0.0139054 23.0919 20 1.1546
16 50 1.11285 0.0122372 14.0951 19 0.741846
16 51 1.11542 0.0151131 5.2565 12 0.438042
16 52 1.11013 0.0129979 16.8344 18 0.935243
16 53 1.103 0.0122712 40.7406 22 1.85185
16 54 1.14186 0.0156954 8.53476 12 0.71123
16 55 1.12512 0.011874 27.8061 19 1.46348
16 56 1.13944 0.0129078 11.5805 19 0.609501
16 57 1.12908 0.0136014 14.6607 16 0.916291
16 58 1.15002 0.0156401 15.3832 15 1.02555
16 59 1.15496 0.014582 13.7429 14 0.981637
16 60 1.15784 0.0140124 9.36415 12 0.780346
16 61 1.15916 0.0124771 15.3522 15 1.02348
16 62 1.15005 0.013426 16.0444 24 0.668516
16 63 1.17365 0.014675 21.7872 21 1.03748
17 0 1.19921 0.0153045 32.222 30 1.07407
17 1 1.21462 0.0168491 32.1103 27 1.18927
17 2 1.23614 0.0188361 17.2511 27 0.63893
17 3 1.24249 0.016329 49.3086 40 1.23271
17 4 1.28665 0.0178746 21.1907 29 0.730713
17 5 1.26654 0.0206215 40.0573 35 1.1445
17 6 1.32104 0.0191623 24.0837 31 0.776895
17 7 1.28666 0.022357 44.4305 35 1.26944
17 8 1.34093 0.019712 29.0697 44 0.660675
17 9 1.37324 0.0257082 28.2246 32 0.882018
17 10 1.37089 0.0239204 44.2733 42 1.05413
17 11 1.38446 0.0330337 31.5507 42 0.751206
17 12 1.3206 0.0257487 64.4007 45 1.43113
17 13 1.31721 0.0254057 33.0016 42 0.785752
17 14 1.22243 0.0228654 25.4065 25 1.01626
17 15 1.15205 0.0218074 38.2974 31 1.2354
17 16 1.14277 0.0184977 23.6721 20 1.1836
17 17 1.18493 0.0171506 18.2369 23 0.792908
17 18 1.19986 0.0166336 22.3453 24 0.931053
17 19 1.16841 0.0159476 38.4415 28 1.37291
17 20 1.13017 0.0164512 14.3522 24 0.598009
17 21 1.17611 0.0149021 6.87366 13 0.528743
17 22 1.18084 0.0138111 22.4132 22 1.01878
17 23 1.15221 0.0136623 25.8285 23 1.12298
17 24 1.19603 0.014133 17.1456 19 0.902398
17 25 1.16621 0.0140551 13.4767 24 0.561531
17 26 1.16526 0.0127048 27.1058 20 1.35529
17 27 1.18055 0.0158327 16.4114 18 0.911746
17 28 1.16866 0.0126812 16.8932 27 0.625675
17 29 1.19071 0.014419 21.0909 21 1.00433
17 30 1.18492 0.0129294 26.7733 25 1.07093
17 31 1.18301 0.0148209 19.3733 23 0.842315
17 32 1.2128 0.0151108 19.0721 27 0.706372
17 33 1.20038 0.0145448 29.8415 35 0.852614
17 34 1.2043 0.0145089 43.9795 33 1.33271
17 35 1.21754 0.0159298 36.4061 35 1.04017
17 36 1.21318 0.0170017 32.0969 28 1.14632
17 37 1.2144 0.0177625 63.7175 37 1.72209
17 38 1.24876 0.017757 25.8597 29 0.891715
17 39 1.29764 0.0206026 25.4588 30 0.848628
17 40 1.24595 0.0205378 41.1789 34 1.21114
17 41 1.25519 0.0215893 37.1484 38 0.977591
17 42 1.21326 0.0184838 43.1314 45 0.958475
17 43 1.24994 0.022069 21.3825 26 0.822403
17 44 1.20875 0.0219838 24.7824 30 0.826079
17 45 1.1478 0.0223158 61.1992 38 1.61051
17 46 1.17186 0.0173388 13.0477 22 0.593077
17 47 1.12499 0.0196798 17.9337 26 0.689759
17 48 1.12084 0.0194907 13.6894 18 0.760521
17 49 1.16999 0.0182135 17.3379 22 0.788086
17 50 1.15851 0.0167159 2.98606 14 0.21329
17 51 1.16911 0.0190057 12.0726 15 0.804837
17 52 1.13441 0.0146825 13.8184 19 0.727284
17 53 1.19989 0.0176543 9.02002 16 0.563751
17 54 1.16709 0.0158268 10.4099 15 0.693996
17 55 1.16787 0.0141208 19.4479 19 1.02357
17 56 1.18694 0.0167834 6.67077 13 0.513136
17 57 1.16954 0.0168917 14.1498 22 0.643174
17 58 1.17996 0.015001 16.6526 19 0.876452
17 59 1.20058 0.0139767 20.812 26 0.800461
17 60 1.20606 0.0152479 20.0299 21 0.953805
17 61 1.17496 0.0161721 22.3757 24 0.93232
17 62 1.19084 0.015496 28.3678 30 0.945593
17 63 1.20146 0.0167615 16.1378 21 0.768467
18 0 1.16089 0.0148133 6.65497 19 0.350261
18 1 1.18937 0.0129249 22.3095 20 1.11548
18 2 1.16733 0.0141372 28.0412 27 1.03856
18 3 1.1883 0.0153075 8.2129 20 0.410645
18 4 1.19312 0.0168282 33.2527 32 1.03915
18 5 1.22912 0.0165223 20.7686 23 0.902983
18 6 1.23799 0.0163877 34.3629 33 1.0413
18 7 1.25536 0.0196222 28.8107 29 0.993473
18 8 1.25087 0.0198357 42.2612 36 1.17392
18 9 1.23634 0.0191441 26.9016 31 0.867794
18 10 1.2613 0.0212191 31.993 34 0.940969
18 11 1.3289 0.0246394 58.0169 42 1.38136
18 12 1.25757 0.0186535 51.8097 47 1.10233
18 13 1.19992 0.0175239 39.758 42 0.946619
18 14 1.18549 0.0244214 20.0659 25 0.802635
18 15 1.10737 0.0172719 35.3544 35 1.01013
18 16 1.0931 0.0176804 30.0781 28 1.07422
18 17 1.131 0.0174485 10.1703 12 0.847525
18 18 1.11648 0.0148292 10.0134 20 0.500668
18 19 1.12041 0.0145977 12.8805 16 0.805032
18 20 1.10667 0.0122879 20.5282 23 0.89253
18 21 1.11239 0.0114039 24.0151 24 1.00063
18 22 1.12697 0.0142899 3.1515 14 0.225107
18 23 1.13901 0.0138129 15.394 12 1.28284
18 24 1.0963 0.0119307 23.5613 21 1.12197
18 25 1.14853 0.0122221 16.8597 13 1.2969
18 26 1.12876 0.00979113 30.4202 27 1.12667
18 27 1.13924 0.0129952 11.4826 14 0.820189
18 28 1.14698 0.0144278 7.99291 14 0.570922
18 29 1.15589 0.0109069 9.23433 19 0.486017
18 30 1.14982 0.012918 19.7478 17 1.16163
18 31 1.15464 0.0102267 37.9339 29 1.30807
18 32 1.16886 0.0116158 18.2498 24 0.760406
18 33 1.18034 0.0168267 6.30585 16 0.394116
18 34 1.16934 0.0150418 15.8284 25 0.633135
18 35 1.15902 0.0133685 29.0847 32 0.908898
18 36 1.18032 0.0171051 21.2596 21 1.01236
18 37 1.19167 0.0131461 29.7234 26 1.14321
18 38 1.21832 0.0144475 24.0814 28 0.860052
18 39 1.22747 0.0190461 26.1812 27 0.969674
18 40 1.20056 0.0197146 26.1622 29 0.902145
18 41 1.19513 0.0173218 48.2434 35 1.37838
18 42 1.16674 0.0202374 33.4627 34 0.984196
18 43 1.16164 0.0181341 57.7086 36 1.60302
18 44 1.16988 0.0197402 22.1005 26 0.850018
18 45 1.1128 0.0194588 32.5468 30 1.08489
18 46 1.12336 0.0125974 86.1883 41 2.10215
18 47 1.08947 0.0196199 7.93467 20 0.396733
18 48 1.09316 0.019159 8.69263 13 0.668664
18 49 1.08496 0.0184683 8.65498 16 0.540936
18 50 1.13507 0.0148222 6.16804 13 0.474464
18 51 1.09306 0.0122151 20.6213 19 1.08533
18 52 1.11496 0.0137854 15.9185 10 1.59185
18 53 1.11897 0.0155224 5.90869 14 0.422049
18 54 1.15099 0.0131906 11.1315 13 0.856269
18 55 1.12136 0.0114493 23.3532 18 1.2974
18 56 1.12901 0.0126553 12.4676 16 0.779226
18 57 1.13864 0.012029 11.4686 15 0.764577
18 58 1.12963 0.0153923 16.1541 12 1.34617
18 59 1.11915 0.0108593 34.7655 24 1.44856
18 60 1.13234 0.0120397 19.1606 23 0.83307
18 61 1.16188 0.0134797 12.0969 17 0.711584
18 62 1.14786 0.0134417 21.733 21 1.03491
18 63 1.13722 0.0121769 11.554 26 0.444385
19 0 1.18917 0.0119656 39.1142 30 1.30381
19 1 1.24393 0.0153786 25.5294 20 1.27647
19 2 1.22104 0.0148167 11.9082 27 0.441043
19 3 1.23079 0.0158582 31.5199 31 1.01677
19 4 1.2591 0.0188463 36.2135 27 1.34124
19 5 1.27018 0.0167004 22.0102 28 0.78608
19 6 1.30078 0.018523 32.4021 26 1.24624
19 7 1.31988 0.0163619 27.7695 27 1.0285
19 8 1.31629 0.0212363 20.3336 35 0.580959
19 9 1.30424 0.0234318 20.5934 27 0.76272
19 10 1.34291 0.0241521 34.385 43 0.799652
19 11 1.38843 0.0240933 31.3917 34 0.923285
19 12 1.29039 0.0245957 40.5916 37 1.09707
19 13 1.12483 0.00727162 34.6105 32 1.08158
19 14 1.26568 0.0195907 53.5982 43 1.24647
19 15 1.19649 0.0147238 36.137 24 1.50571
19 16 1.16791 0.0198516 29.2909 27 1.08485
19 17 1.13913 0.0195004 13.6024 17 0.800142
19 18 1.1407 0.0156608 19.7939 27 0.733106
19 19 1.16062 0.0168154 14.5277 19 0.764617
19 20 1.16553 0.0174102 8.62658 13 0.663583
19 21 1.15491 0.0143382 19.0434 19 1.00228
19 22 1.19316 0.0125617 24.1208 18 1.34005
19 23 1.18191 0.0141521 11.0207 16 0.688795
19 24 1.1326 0.0108217 41.604 27 1.54089
19 25 1.18179 0.0112432 16.6756 23 0.725025
19 26 1.17305 0.0131234 16.7888 16 1.0493
19 27 1.15822 0.0101749 27.4419 30 0.914731
19 28 1.18385 0.0114779 14.2205 22 0.646388
19 29 1.18679 0.0119575 23.2938 26 0.895915
19 30 1.1926 0.0112584 27.215 28 0.971965
19 31 1.19963 0.0117447 17.4242 19 0.917062
19 32 1.20454 0.0136092 15.2404 17 0.896496
19 33 1.20928 0.0133031 29.0056 25 1.16022
19 34 1.23783 0.0136184 23.034 23 1.00148
19 35 1.23024 0.0167034 10.7549 20 0.537744
19 36 1.22537 0.0153713 33.1068 30 1.10356
19 37 1.21337 0.0161585 40.5803 34 1.19354
19 38 1.22939 0.0160939 56.1849 34 1.6525
19 39 1.27269 0.0175783 19.2259 26 0.739459
19 40 1.26526 0.0204727 38.6896 33 1.17241
19 41 1.25087 0.0209439 39.9931 32 1.24979
19 42 1.24386 0.0187451 52.0883 35 1.48824
19 43 1.2128 0.0186845 35.8217 31 1.15554
19 44 1.23013 0.0174211 36.9066 32 1.15333
19 45 1.13037 0.0204323 28.8315 29 0.994189
19 46 1.16554 0.0172576 22.6644 30 0.755479
19 47 1.10526 0.0169232 29.9464 26 1.15179
19 48 1.17183 0.0164426 5.60759 16 0.350474
19 49 1.12194 0.0152651 24.8133 23 1.07884
19 50 1.11418 0.0158973 16.6815 24 0.695064
19 51 1.12946 0.0130144 17.7579 18 0.98655
19 52 1.15388 0.0162212 9.05726 12 0.754772
19 53 1.16699 0.0146585 9.6394 13 0.741492
19 54 1.12097 0.0129016 24.3261 24 1.01359
19 55 1.15334 0.0125583 13.3527 19 0.702773
19 56 1.16132 0.0113144 12.5194 23 0.54432
19 57 1.17489 0.0153064 10.5958 14 0.756845
19 58 1.19368 0.0125871 14.183 15 0.945534
19 59 1.17851 0.0137977 11.6932 19 0.615434
19 60 1.16588 0.0145847 12.6994 19 0.668389
19 61 1.19484 0.0160703 3.93211 13 0.30247
19 62 1.21928 0.0135101 12.0387 19 0.633615
19 63 1.23443 0.0136078 27.1167 24 1.12986
20 0 1.25285 0.0141202 10.9457 17 0.643863
20 1 1.20665 0.0149632 24.9662 29 0.860904
20 2 1.2307 0.0165478 15.1967 22 0.690759
20 3 1.23271 0.0126064 16.8561 24 0.702336
20 4 1.25865 0.0140573 18.3409 21 0.873378
20 5 1.25359 0.0188766 27.5015 30 0.916717
20 6 1.28061 0.0177785 20.8329 26 0.801264
20 7 1.27785 0.0159655 35.0459 29 1.20848
20 8 1.31121 0.0181417 34.8545 38 0.917223
20 9 1.31919 0.0214572 35.6402 39 0.913852
20 10 1.33805 0.0230753 39.1102 38 1.02922
20 11 1.32259 0.024505 36.4593 34 1.07233
20 12 1.32775 0.0211475 40.7771 37 1.10208
20 13 1.26918 0.021249 30.7039 42 0.731045
20 14 1.20622 0.0197515 26.9149 26 1.03519
20 15 1.20476 0.0177379 39.0567 38 1.02781
20 16 1.17225 0.0168393 23.2522 28 0.830435
20 17 1.16535 0.0159592 19.0642 18 1.05912
20 18 1.19309 0.0175938 14.7957 16 0.924729
20 19 1.1592 0.0159611 25.2869 19 1.33089
20 20 1.17626 0.0182852 15.2451 16 0.952821
20 21 1.17033 0.0162974 9.36938 16 0.585586
20 22 1.16316 0.012096 15.337 27 0.568037
20 23 1.1641 0.0116488 25.8327 21 1.23013
20 24 1.18998 0.014278 18.031 16 1.12694
20 25 1.20631 0.0113965 16.07 19 0.84579
20 26 1.19187 0.0105888 29.7387 30 0.99129
20 27 1.17236 0.0103042 29.42 28 1.05072
20 28 1.18219 0.0105195 13.6394 23 0.593016
20 29 1.17753 0.0104556 17.9118 28 0.639706
20 30 1.1807 0.011483 18.7806 23 0.816546
20 31 1.18022 0.0106556 30.5628 29 1.05389
20 32 1.19475 0.0125097 25.2314 23 1.09702
20 33 1.23739 0.0118329 27.975 23 1.21631
20 34 1.21 0.0165625 7.95791 18 0.442106
20 35 1.2291 0.0158688 11.6579 23 0.506863
20 36 1.2215 0.0139916 27.7668 31 0.895703
20 37 1.22248 0.0151291 28.1155 29 0.9695
20 38 1.24508 0.0157359 21.0254 32 0.657043
20 39 1.25186 0.0155768 27.3046 27 1.01128
20 40 1.27334 0.0187769 28.1556 30 0.93852
20 41 1.28841 0.0206293 15.6786 29 0.540641
20 42 1.26189 0.0202715 41.0049 31 1.32274
20 43 1.22211 0.0204539 30.1612 27 1.11708
20 44 1.23545 0.0150854 41.1822 38 1.08374
20 45 1.1735 0.0181463 28.2576 24 1.1774
20 46 1.17534 0.0194452 18.7088 20 0.935442
20 47 1.15546 0.0202897 16.6349 18 0.924163
20 48 1.11042 0.0156105 37.1872 27 1.3773
20 49 1.1489 0.0139081 21.1656 25 0.846626
20 50 1.17663 0.0144786 21.8573 16 1.36608
20 51 1.15327 0.0130604 17.3513 20 0.867567
20 52 1.15753 0.0135398 5.89546 18 0.327525
20 53 1.17835 0.014857 12.9734 15 0.864893
20 54 1.1712 0.0120157 10.4916 21 0.499601
20 55 1.15427 0.0116593 19.685 22 0.894775
20 56 1.18096 0.0131708 10.2569 16 0.641054
20 57 1.18914 0.0153549 11.3477 14 0.810553
20 58 1.16819 0.0130523 9.79463 15 0.652975
20 59 1.21407 0.0133595 36.2683 19 1.90886
20 60 1.18354 0.0134607 9.5308 18 0.529489
20 61 1.22639 0.0121941 16.0256 23 0.696763
20 62 1.19277 0.016452 9.75204 19 0.513265
20 63 1.22066 0.0120329 42.8076 27 1.58547
21 0 1.26206 0.0164477 14.2697 25 0.570788
21 1 1.25281 0.0174845 16.9412 30 0.564708
21 2 1.25407 0.0146027 31.3944 34 0.923366
21 3 1.26255 0.0169924 25.3285 34 0.744955
21 4 1.30357 0.0186582 30.2543 32 0.945448
21 5 1.27455 0.0156009 62.9137 40 1.57284
21 6 1.3479 0.0205261 31.6293 28 1.12962
21 7 1.32908 0.0193404 39.4162 44 0.895823
21 8 1.3295 0.021307 40.8699 46 0.888477
21 9 1.35535 0.0217434 40.0664 45 0.890363
21 10 1.42569 0.0259655 44.8839 42 1.06866
21 11 1.39972 0.0308976 29.3973 45 0.653274
21 12 1.40613 0.0274121 62.76 50 1.2552
21 13 1.29245 0.0242655 34.878 38 0.917843
21 14 1.24467 0.0227273 31.2513 32 0.976603
21 15 1.22382 0.0216919 48.1395 30 1.60465
21 16 1.18071 0.0209724 37.3154 32 1.16611
21 17 1.21803 0.0202672 22.1562 26 0.85216
21 18 1.21161 0.018811 23.3704 25 0.934814
21 19 1.1773 0.016715 18.9965 23 0.825936
21 20 1.1608 0.0160544 28.8197 29 0.993782
21 21 1.17171 0.0146855 18.5046 26 0.711715
21 22 1.17071 0.01435 21.4162 29 0.73849
21 23 1.18394 0.0126212 30.1618 28 1.07721
21 24 1.17998 0.0171496 6.81617 18 0.378676
21 25 1.18706 0.0125985 21.8266 30 0.727552
21 26 1.19404 0.0128923 19.4857 23 0.847206
21 27 1.19683 0.0140985 28.4615 22 1.2937
21 28 1.20512 0.0118765 28.2505 32 0.882829
21 29 1.22647 0.0116637 29.5008 33 0.893963
21 30 1.22084 0.0109318 30.8541 35 0.881547
21 31 1.21145 0.015765 14.8575 23 0.645979
21 32 1.23398 0.0142061 44.4923 32 1.39038
21 33 1.2263 0.0142588 25.3624 26 0.975477
21 34 1.25373 0.0132897 37.2948 34 1.09691
21 35 1.24991 0.0172267 21.1127 27 0.78195
21 36 1.26204 0.0187246 9.9999 23 0.434778
21 37 1.28258 0.0149174 41.8012 36 1.16114
21 38 1.27724 0.0178207 24.6601 29 0.850348
21 39 1.26832 0.0162368 53.1933 33 1.61192
21 40 1.2934 0.0176457 43.7266 34 1.28608
21 41 1.28041 0.0211622 30.9592 32 0.967475
21 42 1.25053 0.0191904 52.6477 40 1.31619
21 43 1.23621 0.0193754 35.4771 35 1.01363
21 44 1.2552 0.0175741 31.6637 34 0.931284
21 45 1.21543 0.0193531 30.8068 29 1.0623
21 46 1.1974 0.0195767 20.8138 23 0.904947
21 47 1.14795 0.0194285 23.7823 23 1.03401
21 48 1.17092 0.0186103 21.2025 23 0.921848
21 49 1.13136 0.0167821 29.3015 33 0.887924
21 50 1.17211 0.0162961 27.3079 24 1.13783
21 51 1.18861 0.0175069 13.0031 18 0.722394
21 52 1.15896 0.0182684 6.58711 17 0.387477
21 53 1.15839 0.0139478 28.0036 30 0.933455
21 54 1.15479 0.0151499 15.7091 21 0.748054
21 55 1.17997 0.01482 28.7493 21 1.36902
21 56 1.1754 0.0154372 26.3386 21 1.25422
21 57 1.21664 0.0159071 15.604 23 0.678437
21 58 1.19805 0.0155676 10.2391 19 0.5389
21 59 1.16758 0.0166291 11.5752 20 0.578759
21 60 1.23254 0.0163621 8.84205 22 0.401911
21 61 1.21154 0.013355 26.4396 31 0.85289
21 62 1.22851 0.0142359 25.1253 28 0.897333
21 63 1.20299 0.0160537 29.9791 31 0.967068
22 0 1.31398 0.0139037 13.6832 23 0.594923
22 1 1.29649 0.0158044 29.9338 26 1.1513
22 2 1.2943 0.0174723 20.6724 26 0.79509
22 3 1.29537 0.017239 23.0923 25 0.923691
22 4 1.27985 0.017961 42.294 32 1.32169
22 5 1.30277 0.0195392 26.9399 32 0.841873
22 6 1.31309 0.0167488 50.3049 32 1.57203
22 7 1.31612 0.0201127 36.8489 34 1.08379
22 8 1.32856 0.0210416 21.572 27 0.798962
22 9 1.38447 0.0204942 46.7703 39 1.19924
22 10 1.42005 0.0300757 48.4368 38 1.27465
22 11 1.44844 0.0274468 41.7533 37 1.12847
22 12 1.43868 0.0300468 40.5174 39 1.03891
22 13 1.37748 0.0264093 55.9501 43 1.30116
22 14 1.34387 0.0283335 40.7382 37 1.10103
22 15 1.22261 0.0224077 38.9325 34 1.14507
22 16 1.2395 0.0231857 33.8739 29 1.16807
22 17 1.22414 0.021 36.5032 33 1.10616
22 18 1.22266 0.0178319 25.2989 31 0.816094
22 19 1.23386 0.0174169 50.921 31 1.64261
22 20 1.24776 0.0157762 7.2199 22 0.328177
22 21 1.26017 0.0123378 16.7047 22 0.759305
22 22 1.23372 0.0139439 23.1996 30 0.77332
22 23 1.26097 0.0149445 24.0281 24 1.00117
22 24 1.24257 0.016846 12.8112 18 0.711732
22 25 1.24305 0.0153407 10.6641 20 0.533206
22 26 1.26868 0.0108834 17.1361 22 0.778916
22 27 1.24283 0.0122256 23.1858 29 0.799509
22 28 1.23002 0.0130088 33.3472 23 1.44988
22 29 1.24597 0.0159764 11.9129 19 0.626995
22 30 1.29368 0.0114826 20.35 23 0.884781
22 31 1.29604 0.012462 18.5209 22 0.841859
22 32 1.27523 0.0140947 15.1296 26 0.581909
22 33 1.28588 0.0160385 13.3562 21 0.636011
22 34 1.28911 0.0139517 25.868 24 1.07783
22 35 1.27036 0.014707 27.4347 35 0.783849
22 36 1.31477 0.0156426 25.6297 23 1.11433
22 37 1.32153 0.0177252 15.4914 26 0.595823
22 38 1.28005 0.0194452 15.6133 29 0.538391
22 39 1.28948 0.0194526 22.2265 32 0.694579
22 40 1.35637 0.0212878 16.6294 24 0.692893
22 41 1.30088 0.0218379 27.8003 30 0.926677
22 42 1.33659 0.0190815 20.6666 35 0.590474
22 43 1.30764 0.0226457 37.8242 29 1.30428
22 44 1.26909 0.0231391 28.285 34 0.831912
22 45 1.22422 0.017217 43.0674 39 1.10429
22 46 1.22286 0.0220552 20.2316 24 0.842982
22 47 1.2353 0.0224519 28.002 25 1.12008
22 48 1.19686 0.0185896 18.9589 19 0.997835
22 49 1.21761 0.021387 12.5696 17 0.739387
22 50 1.2564 0.0176329 16.0967 18 0.89426
22 51 1.21933 0.0178174 17.6103 20 0.880515
22 52 1.24187 0.013893 45.4539 24 1.89391
22 53 1.22298 0.0160354 11.6942 22 0.531556
22 54 1.25009 0.0131588 14.2691 19 0.751003
22 55 1.23555 0.0175244 10.9044 15 0.726957
22 56 1.24187 0.0145293 10.4931 17 0.617243
22 57 1.22802 0.0138077 26.4237 24 1.10099
22 58 1.25844 0.0118445 24.2265 24 1.00944
22 59 1.27317 0.0140705 20.7415 20 1.03707
22 60 1.24548 0.0129996 25.9431 31 0.836875
22 61 1.2756 0.0159702 11.2311 20 0.561554
22 62 1.26184 0.0151804 21.7539 22 0.988813
22 63 1.29377 0.0154781 18.7987 26 0.723027
23 0 1.25739 0.0131479 14.9168 24 0.621533
23 1 1.2742 0.0121923 21.0896 28 0.753199
23 2 1.28679 0.0117375 32.7256 29 1.12847
23 3 1.25737 0.0122919 27.2079 28 0.971709
23 4 1.29966 0.0170313 16.5012 26 0.634661
23 5 1.27963 0.0143412 40.798 33 1.2363
23 6 1.31445 0.016187 35.49 34 1.04382
23 7 1.31463 0.0190671 28.5798 32 0.893117
23 8 1.33354 0.0151756 37.761 41 0.921
23 9 1.27943 0.0183774 56.2252 44 1.27785
23 10 1.36632 0.0212875 37.0409 36 1.02891
23 11 1.38851 0.0202469 47.2671 42 1.12541
23 12 1.39055 0.0224184 39.5416 42 0.941467
23 13 1.34581 0.0206212 38.9849 35 1.11385
23 14 1.21313 0.0195225 34.0584 37 0.920496
23 15 1.15679 0.0173936 39.9608 32 1.24877
23 16 1.11303 0.0174672 21.6895 26 0.834212
23 17 1.15398 0.0155925 19.8701 23 0.863918
23 18 1.12166 0.0132115 24.9784 24 1.04077
23 19 1.14353 0.0129441 33.4308 30 1.11436
23 20 1.14834 0.0115201 13.4146 21 0.638792
23 21 1.16137 0.0124689 24.4476 22 1.11125
23 22 1.14899 0.0112763 20.9417 28 0.747917
23 23 1.17157 0.0159972 9.1974 20 0.45987
23 24 1.19048 0.013568 28.6783 21 1.36564
23 25 1.18644 0.00990039 23.7757 27 0.88058
23 26 1.2022 0.00953907 40.4844 28 1.44587
23 27 1.19172 0.0115387 15.6878 21 0.747038
23 28 1.20909 0.0110531 21.7345 28 0.776231
23 29 1.18848 0.0103591 23.3808 25 0.93523
23 30 1.20623 0.00924994 26.4782 33 0.802371
23 31 1.20729 0.0141191 27.3763 27 1.01394
23 32 1.25037 0.011203 20.1262 23 0.875054
23 33 1.23559 0.0122267 28.0511 31 0.904873
23 34 1.21467 0.014636 15.7419 23 0.684432
23 35 1.23123 0.0147829 15.9662 27 0.591339
23 36 1.24474 0.0115733 47.9492 39 1.22947
23 37 1.28201 0.0112498 22.5855 30 0.752849
23 38 1.27252 0.0131957 35.9104 35 1.02601
23 39 1.2721 0.0142434 47.1323 32 1.47288
23 40 1.27973 0.0166655 67.9761 37 1.83719
23 41 1.27363 0.0158622 27.7529 32 0.86728
23 42 1.25946 0.0171278 48.146 41 1.17429
23 43 1.25474 0.0172333 37.415 39 0.959358
23 44 1.19195 0.0174135 54.8213 42 1.30527
23 45 1.1508 0.0151294 21.6463 38 0.56964
23 46 1.1535 0.01544 45.582 32 1.42444
23 47 1.08342 0.0151979 48.8092 35 1.39455
23 48 1.10469 0.0156259 21.6695 25 0.86678
23 49 1.12488 0.0167036 12.6019 16 0.787617
23 50 1.13095 0.0159671 17.3162 18 0.962012
23 51 1.10666 0.0126014 22.153 27 0.820483
23 52 1.12279 0.0149975 20.7273 20 1.03636
23 53 1.13339 0.0135206 14.6898 22 0.667719
23 54 1.16265 0.0100915 19.5194 23 0.84867
23 55 1.16119 0.0121801 22.9589 25 0.918357
23 56 1.16813 0.0129624 14.0383 17 0.825781
23 57 1.20631 0.0130118 9.20303 16 0.575189
23 58 1.18589 0.0129615 31.3311 33 0.949428
23 59 1.17791 0.0116394 20.2602 27 0.750378
23 60 1.2087 0.0127653 11.4071 19 0.600373
23 61 1.20657 0.010325 34.7712 35 0.993462
23 62 1.23358 0.0124422 21.0327 24 0.876364
23 63 1.23014 0.0105915 23.8384 31 0.76898
