47289
47291
47293
47296
47297
47298
47300
47301
47303
47305
47306
47307
47308
47309
47310
47311
47312
47313
47314
47315
47316
47323
47324
47325
47326
47327
47328
47329
47330
47331
47332
47333
47334
47335
47351
47352
47357
47359
47360
47361
47362
47363
47372
47373
47375
47376
47377
47378
47379
47380
47381
47382
47386
47387
47388
47389
47390
47391
47392
47393
47394
47395
47396
47397
47398
47399
47400
47401
47402
47403
47404
47405
47406
47418
47439
47440
47441
47442
47443
47444
47445
47446
47447
47448
47449
47450
47451
47452
47453
47454
47455
47456
47457
47458
47459
47460
47461
47462
47463
47464
47474
47475
47476
47477
47478
47479
47480
47481
47482
47483
47484
47485
47486
47487
47488
47489
47490
47491
47492
47493
47494
47495
47496
47497
47501
47502
47503
47504
47505
47506
47507
47508
47509
47513
47514
47515
47516
47517
47518
47519
47520
47521
47522
47523
47524
47525
47531
47532
47533
47534
47535
47536
47537
47538
47539
47540
47541
47542
47543
47544
47545
47546
47547
47548
47549
47550
47551
47552
47557
47558
47559
47560
47561
47562
47563
47564
47565
47566
47567
47568
47569
47570
47571
47582
47588
47598
47600
47601
47611
47615
47617
47619
47628
47634
47635
47636
47637
47638
47647
47648
47649
47650
47651
47652
47653
47654
47655
47656
47657
47658
47659
47660
47661
47662
47663
47664
47665
47666
47667
47698
47714
47715
47716
47717
47718
47719
47720
47721
47722
47723
47724
47725
47726
47727
47728
47729
47730
47731
47732
47733
47741
47743
47744
47745
47746
47747
47748
47749
47751
47752
47753
47754
47755
47757
47758
47769
47771
47773
47774
47775
47776
47777
47778
47780
47783
47787
47790
47791
47800
47803
47806
47807
47809
47810
47824
47831
47834
47836
47840
47841
47844
47846
47848
47850
47852
47855
47856
47864
47865
47867
47869
47873
47883
47884
47885
47886
47887
47888
47889
47890
47891
47892
47893
47939
47940
47941
47943
47944
47945
47946
47947
47959
47960
47961
47962
47963
47964
47965
47966
47967
47968
47972
47973
47974
47975
47976
47977
47978
47979
47980
47981
47982
47991
47992
47993
47994
47996
47997
47998
47999
48000
48001
48002
48003
48004
48005
48006
48007
48008
48009
48011
48020
48022
48023
48026
48027
48028
48029
48060
48061
48062
48063
48065
48066
48067
48068
48069
48070
48072
48073
48076
48077
48078
48079
48080
48081
48082
48083
48084
48085
48086
48088
48089
48090
48091
48092
48093
48094
48095
48096
48097
48098
48099
48100
48166
48167
48168
48170
48171
48172
48173
48174
48175
48176
48177
48178
48179
48180
48181
48185
48186
48187
48188
48189
48190
48229
48230
48231
48232
48233
48234
48235
48236
48237
48238
48239
48240
48241
48242
48243
48244
48245
48246
48252
48253
48254
48255
48256
48257
48258
48259
48260
48261
48262
48263
48264
48265
48266
48282
48283
48284
48285
48286
48287
48288
48290
48291
48292
48293
48294
48295
48296
48307
48308
48309
48310
48311
48312
48313
48314
48315
48316
48317
48318
48319
48320
48321
48322
48323
48324
48325
48326
48327
48328
48329
48330
48331
48332
48333
48334
48335
48336
48337
48338
48339
48340
48341
48342
48343
48344
48345
48346
48347
48348
48349
48350
48352
48355
48356
48357
48358
48359
48360
48361
48362
48363
48364
48365
48366
48367
48368
48369
48397
48398
48400
48401
48402
48403
48404
48405
48406
48407
48408
48409
48410
48412
48416
48417
48418
48419
48420
48421
48422
48423
48426
48427
48439
48440
48441
48442
48443
48444
48445
48446
48447
48454
48455
48456
48457
48458
48459
48460
48461
48462
48463
48466
48467
48468
48469
48471
48472
48473
48474
48502
48503
48504
48505
48506
48507
48508
48509
48510
48511
48512
48513
48634
48635
48636
48637
48638
48639
48640
48641
48642
48643
48644
48645
48646
48647
48648
48649
48650
48651
48652
48653
48654
48655
48656
48657
48658
48659
48660
48700
48701
48706
48707
48708
48709
48712
48714
48717
48718
48719
48720
48721
48722
48723
48724
48725
48726
48727
48730
48731
48732
48733
48734
48735
48736
48740
48741
48742
48743
48745
48746
48801
48802
48803
48804
48805
48806
48807
48808
48809
48810
48811
48812
48813
48814
48821
48823
48824
48825
48826
48827
48828
48829
48830
48831
48832
48833
48836
48837
48838
48839
48855
48858
48859
48860
48861
48862
48863
48864
48865
48866
48867
48868
48869
48870
48871
48872
48873
48874
48875
48876
48877
48878
48883
48884
48885
48886
48887
48888
48889
48890
48891
48892
48893
48894
48895
48896
48897
48898
48899
48900
48901
48902
48903
48918
48934
48935
48936
48937
48938
48939
48940
48941
48942
48943
48944
48945
48946
48947
48948
48949
48950
48951
48952
48971
48972
48973
48974
48975
48976
48977
48978
48981
48982
48983
48984
48985
48986
48987
48988
48989
48990
48991
48992
48993
49016
49017
49018
49019
49023
49024
49026
49027
49028
49029
49030
49031
49033
49034
49035
49038
49042
49043
49044
49045
49046
49047
49048
49049
49050
49051
49052
49053
49054
49057
49059
49060
49061
49062
49063
49064
49065
49066
49067
49068
49069
49070
49071
49072
49073
49098
49099
49100
49103
49104
49105
49106
49107
49108
49109
49110
49121
49122
49124
49125
49126
49127
49128
49129
49132
49133
49134
49135
49136
49137
49138
49139
49140
49141
49142
49143
49144
49148
49155
49157
49158
49159
49164
49165
49168
49216
49217
49218
49219
49220
49221
49224
49225
49226
49227
49228
49229
49230
49231
49232
49233
49238
49239
49240
49241
49244
49245
49246
49247
49248
49249
49250
49251
49252
49253
49254
49255
49261
49262
49263
49264
49265
49266
49267
49268
49269
49270
49306
49307
49308
49309
49310
49311
49312
49313
49314
49315
49316
49317
49318
49323
49324
49325
49326
49327
49328
49329
49330
49331
49332
49333
49336
49337
49338
49339
49340
49341
49342
49343
49344
49345
49346
49347
49348
49349
49350
49351
49352
49353
49356
49357
49358
49359
49360
49361
49362
49363
49364
49365
49366
49367
49368
49369
49372
49373
49374
49375
49376
49377
49378
49379
49380
49381
49382
49383
49384
49385
49386
49387
49389
49390
49397
49398
49399
49400
49401
49402
49403
49404
49405
49406
49407
49408
49432
49433
49434
49435
49436
49437
49438
49439
49440
49444
49445
49446
49447
49448
49449
49450
49451
49452
49453
49454
49455
49456
49457
49458
49461
49464
49465
49466
49467
49468
49650
49651
49652
49653
49654
49655
49656
49657
49658
49659
49660
49661
49662
49663
49664
49665
49666
49678
49679
49680
49681
49682
49683
49684
49685
49687
49688
49690
49694
49697
49699
49702
49703
49704
49705
49706
49707
49708
49709
49710
49711
49712
49713
49714
49715
49716
49717
49718
49719
49720
49721
49722
49736
49737
49738
49741
49742
49743
49748
49749
49750
49751
49752
49756
49757
49758
49759
49760
49761
49762
49763
49764
49910
49911
49914
49915
49916
49917
49918
49919
49920
49921
49922
49923
49925
49926
49928
49929
49930
49931
49932
49934
49954
49955
49956
49957
49959
49960
49961
49962
49963
49964
49965
49966
49967
49968
49969
49970
49971
49997
49998
49999
50000
50001
50002
50003
50004
50005
50006
50007
50008
50009
50010
50011
50012
50013
50014
50015
50016
50017
50018
50019
50020
50021
50022
50023
50024
50025
50031
50032
50033
50034
50035
50036
50037
50038
50042
50043
50044
50045
50046
50047
50048
50067
50068
50069
50070
50071
50073
50074
50075
50076
50077
50078
50083
50084
50085
50086
50232
50253
50258
50260
50262
50283
50304
50311
50313
50330
50340
50343
50356
50364
50371
50376
50377
50378
50379
50380
50417
50424
50436
50437
50438
50439
50440
50441
50442
50443
50444
50445
50446
50447
50448
50449
50450
50451
50452
50453
50454
50455
50456
50457
50458
50463
50464
50465
50466
50467
50468
50469
50470
50471
50472
50479
50480
50481
50482
50483
50486
50487
50488
50489
50490
50491
50492
50493
50494
50495
50496
50497
50498
50499
50500
50501
50506
50507
50508
50509
50510
50511
50512
50513
50516
50517
50518
50519
50520
50521
50522
50523
50526
50527
50528
50529
50530
50531
50532
50535
50536
50545
50546
50547
50548
50549
50550
50551
50552
50553
50554
50558
50559
50560
50561
50562
50563
50564
50565
50566
50569
50570
50571
50595
50596
50597
50598
50599
50600
50601
50602
50603
50604
50605
50606
50607
50612
50613
50614
50615
50616
50617
50650
50651
50652
50653
50654
50655
50656
50657
50658
50659
50660
50661
50662
50663
50664
50665
50666
50667
50668
50669
50670
50671
50672
50673
50674
50675
50676
50677
50678
50679
50853
50854
50855
50856
50857
50858
50859
50861
50862
50863
50868
50869
50872
50873
50874
50875
50876
50885
50886
50887
50888
50889
50891
50892
50893
50896
50897
50898
50901
50902
50905
50906
50907
50908
50909
50910
50911
50912
50913
50914
50915
50916
50917
50918
50919
50920
50921
50922
50923
50924
50925
50926
50927
50928
50929
50930
50931
50932
50933
50934
50935
50936
50937
50938
50950
50959
50961
50962
50965
50969
50973
50981
50987
50992
50996
51002
51006
51008
51012
51015
51092
51093
51095
51097
51098
51099
51100
51101
51102
51103
51104
51105
51106
51107
51109
51111
51118
51119
51139
51148
51151
51152
51153
51154
51156
51157
51158
51159
51160
51161
51162
51163
51164
51165
51166
51167
51170
51171
51172
51173
51174
51175
51176
51177
51178
51179
51180
51181
51182
51183
51184
51187
51188
51189
51190
51191
51192
51193
51194
51195
51200
51201
51202
51205
51206
51208
51209
51210
51211
51212
51213
51214
51215
51217
51220
51221
51222
51223
51224
51225
51226
51227
51228
51229
51230
51231
51234
51235
51236
51237
51238
51240
51241
51242
51243
51244
51245
51246
51247
51248
51249
51250
51251
51252
51253
51254
51255
51274
51276
51277
51278
51279
51280
51281
51282
51283
51284
51285
51286
51292
51293
51294
51295
51296
51297
51298
51299
51300
51301
51334
51335
51336
51337
51338
51339
51340
51367
51369
51370
51374
51376
51377
51378
51379
51380
51381
51382
51383
51384
51385
51386
51387
51388
51389
51390
51391
51392
51393
51394
51395
51396
51428
51429
51430
51431
51432
51433
51434
51435
51436
51440
51441
51444
51445
51446
51447
51449
51450
51451
51452
51453
51454
51455
51456
51457
51485
51486
51487
51488
51489
51490
51491
51492
51493
51494
51495
51499
51500
51501
51502
51503
51504
51505
51506
51507
51508
51509
51510
51511
51512
51516
51517
51518
51519
51520
51553
51556
51559
51560
51562
51563
51564
51565
51568
51569
51570
51571
51572
51573
51574
51575
51576
51603
51604
51605
51606
51607
51608
51609
51610
51611
51612
51613
51614
51615
51616
51617
51618
51619
51625
51685
51686
51687
51688
51692
51695
51696
51697
51698
51699
51700
51701
51702
51703
51704
51705
51706
51707
51709
51710
51711
51712
51713
51714
51715
51716
51717
51718
51719
51720
51721
51725
51732
51733
51734
51735
51736
51738
51740
51741
51742
51743
51746
51747
51750
51751
51752
51753
51754
51762
51763
51764
51765
51766
51767
51768
51771
51772
51773
51774
51777
51778
51824
51825
51826
51827
51828
51829
51830
51831
51834
51837
51838
51839
51840
51841
51842
51843
51844
51847
51848
51854
51855
51856
51857
51858
51859
51860
51865
51866
51871
51873
51874
51877
51878
51881
51886
51887
51897
51900
51901
51902
51905
51906
51907
51908
51909
51914
51915
51921
51922
51923
51924
51925
51926
51927
51928
51929
51932
51933
51934
51935
51936
51937
51938
51939
51940
51941
51942
51943
51944
51945
51946
51947
51948
51949
51950
51951
51952
51953
51954
51955
51956
51958
51959
51960
51966
51969
51970
51975
51976
51977
51978
51979
51980
51981
51982
51983
51984
51985
51986
51987
51988
51989
51990
51996
51997
51998
51999
52005
52015
52018
52019
52020
52021
52022
52025
52026
52027
52028
52030
52031
52032
52033
52034
52035
52036
52037
52038
52041
52042
52043
52044
52045
52046
52047
52048
52049
52050
52051
52052
52060
52061
52062
52065
52066
52067
52068
52069
52077
52078
52104
52107
52108
52109
52110
52111
52112
52138
52139
52140
52141
52142
52143
52144
52145
52146
52149
52198
52199
52200
52201
52202
52203
52204
52205
52206
52216
52262
52263
52265
52266
52267
52268
52269
52270
52271
52272
52273
52274
52275
52276
52278
52286
52287
52288
52289
52290
52291
52292
52293
52294
52295
52296
52302
52303
52304
52305
52306
52307
52308
52309
52310
52314
52315
52316
52317
52318
52319
52320
52321
52322
52323
52324
52325
52326
52327
52328
52331
52343
52344
52345
52346
52347
52348
52349
52357
52358
52359
52360
52361
52365
52366
52367
52368
52369
52370
52371
52372
52373
52374
52375
52376
52377
52378
52379
52380
52381
52382
52391
52392
52393
52394
52395
52396
52397
52398
52401
52402
52403
52404
52405
52406
52410
52411
52412
52413
52414
52415
52416
52417
52418
52419
52420
52421
52422
52423
52424
52431
52432
52433
52434
52435
52436
52437
52438
52439
52440
52441
52442
52443
52444
52445
52446
52447
52448
52449
52452
52453
52454
52455
52456
52457
52458
52459
52460
52461
52462
52463
52466
52467
52468
52469
52470
52471
52472
52473
52474
52475
52481
52482
52483
52484
52485
52486
52487
52488
52491
52492
52493
52494
52495
52508
52518
52519
52520
52521
52522
52523
52524
52527
52528
52529
52530
52531
52533
52534
52537
52538
52539
52540
52558
52570
52571
52572
52573
52574
52575
52576
52577
52578
52579
52580
52581
52584
52585
52586
52587
52592
52593
52594
52595
52596
52609
52610
52611
52612
52613
52614
52615
52616
52617
52618
52619
52622
52623
52624
52625
52626
52627
52628
52629
52637
52638
52639
52640
52641
52642
52643
52649
52650
52651
52652
52653
52654
52655
52656
52657
52658
52659
52660
52661
52662
52663
52664
52665
52677
52678
52679
52680
52681
52682
52683
52684
52685
52686
52687
52688
52689
52690
52691
52692
52702
52703
52704
52705
52706
52707
52716
52717
52718
52719
52720
52721
52722
52723
52724
52725
52726
52727
52728
52744
52745
52746
52747
52748
52749
52751
52752
52753
52754
52755
52756
52759
52760
52761
52777
52778
52779
52780
52781
52782
52783
52784
52785
52786
52801
52802
52805
52811
52813
52814
52815
52816
52817
52818
52819
52820
52821
52844
52845
52846
52847
52848
52849
52850
52851
52856
52857
52858
52859
52872
52873
52874
52875
52876
52877
52878
52879
52880
52881
52887
52888
52889
52890
52893
52894
52895
52896
52897
52898
52899
52900
52901
52902
52905
52906
52907
52908
52909
52910
52911
52912
52913
52914
52917
53018
53019
53020
53021
53022
53023
53024
53025
53026
53027
53028
53029
53046
53047
53048
53049
53050
53051
53052
53053
53054
53055
53056
53057
53058
53059
53062
53063
53064
53065
53066
53067
53068
53069
53070
53071
53072
53073
53074
53075
53076
53079
53080
53081
53082
53083
53165
53166
53167
53168
53169
53170
53171
53172
53173
53174
53194
53195
53196
53197
53198
53199
53200
53201
53202
53203
53204
53205
53208
53209
53210
53211
53212
53213
53214
53215
53216
53217
53218
53219
53220
53221
53222
53223
53224
53225
53226
53227
53235
53236
53237
53238
53239
53240
53241
53242
53243
53244
53245
53246
53247
53248
53249
53252
53253
53254
53255
53282
53283
53284
53285
53287
53288
53289
53290
53291
53292
53293
53294
53295
53296
53297
53298
53299
53300
53301
53304
53305
53306
53307
53308
53309
53310
53311
53312
53313
53314
53315
53329
53330
53331
53332
53333
53334
53335
53336
53337
53338
53339
53340
53341
53342
53343
53346
53347
53348
53349
53350
53363
53364
53365
53366
53367
53368
53369
53370
53372
53373
53374
53375
53376
53377
53378
53379
53382
53383
53384
53385
53386
53387
53388
53389
53390
53391
53392
53393
53394
53395
53396
53397
53398
53403
53404
53405
53406
53407
53408
53409
53410
53411
53412
53422
53423
53424
53425
53426
53427
53428
53429
53430
53431
53432
53433
53434
53435
53436
53446
53450
53451
53452
53453
53454
53455
53456
53457
53463
53464
53465
53466
53467
53468
53469
53470
53471
53472
53473
53474
53475
53482
53483
53484
53485
53488
53489
53490
53491
53492
53493
53494
53505
53506
53507
53510
53511
53512
53513
53514
53515
53516
53517
53518
53519
53520
53530
53531
53532
53533
53534
53535
53536
53537
53538
53539
53540
53545
53546
53547
53548
53549
53550
53551
53552
53553
53554
53555
53556
53557
53558
53559
53571
53578
53579
53580
53581
53582
53583
53584
53585
53586
53587
53590
53591
53592
53593
53594
53595
53596
53597
53598
53599
53600
53601
53602
53603
53611
53616
53617
53618
53619
53620
53621
53622
53623
53624
53625
53630
53631
53632
53633
53634
53635
53636
53637
53638
53639
53640
53646
53647
53648
53649
53650
53651
53652
53656
53658
53661
53662
53667
53668
53669
53670
53671
53672
53673
53674
53675
53680
53681
53682
53683
53684
53685
53686
53687
53688
53689
53690
53691
53734
53735
53736
53737
53738
53739
53740
53741
53742
53743
53744
53752
53753
53754
53755
53756
53757
53758
53759
53760
53761
53768
53769
53770
53771
53772
53773
53774
53775
53776
53777
53780
53781
53782
53783
53784
53785
53786
53787
53788
53789
53790
53791
53792
53793
53794
53795
53812
53813
53814
53815
53816
53817
53818
53819
53820
53821
53822
53823
53824
53827
53828
53829
53830
53831
53832
53833
53834
53835
53836
53850
53851
53852
53853
53854
53855
53856
53857
53858
53859
53860
53861
53862
53863
53864
