78645
78538
78086
78054
77937
74111
78390
74531
74070
76218
77404
75461
69242
69202
69238
69250
69246
69251
69245
69252
69694
76582
69247
78210
69695
76286
77465
78224
69201
69259
69248
69696
76914
77865
75432
77664
75916
69239
75715
76760
77340
78583
69671
76800
76144
77995
77981
69670
69244
75390
69145
78292
69674
76219
78087
69152
78421
78682
76939
78423
77835
76906
74307
77952
69253
73911
69268
69672
78340
69146
69693
76435
69203
74079
76285
69243
76905
75876
69149
78324
77068
74277
66727
66705
68603
69198
67510
67571
77156
68003
66484
66685
67524
67515
66485
66613
67540
66745
66641
66744
66618
67521
67522
77006
66625
67562
68539
67520
67535
68330
68497
66717
66743
78899
67529
67536
67527
67528
67530
67531
69257
75279
66682
66567
66731
78923
66491
66749
71964
78921
78951
78924
78944
78950
