   5.00000000000000      -3.216977496518011E-003
   5.00999999977648      -3.209175293276997E-003
   5.01999999955297      -3.201391266473790E-003
   5.02999999932945      -3.179463257942934E-003
   5.03999999910593      -3.171751640802483E-003
   5.04999999888241      -3.164046894274547E-003
   5.05999999865890      -3.156358062993581E-003
   5.06999999843538      -3.148705331992395E-003
   5.07999999821186      -3.140834144573382E-003
   5.08999999798834      -3.123541017773595E-003
   5.09999999776483      -3.115996441637929E-003
   5.10999999754131      -3.107995441182854E-003
   5.11999999731779      -3.097788473138294E-003
   5.12999999709427      -3.090350562645080E-003
   5.13999999687076      -3.081765796343732E-003
   5.14999999664724      -3.074396518830626E-003
   5.15999999642372      -3.067061452170934E-003
   5.16999999620020      -3.059760407554298E-003
   5.17999999597669      -3.052493198181194E-003
   5.18999999575317      -3.045259949906830E-003
   5.19999999552965      -3.038062565694784E-003
   5.20999999530613      -3.030895014323460E-003
   5.21999999508262      -3.023755551553442E-003
   5.22999999485910      -3.016648872910092E-003
   5.23999999463558      -3.009574800627372E-003
   5.24999999441206      -3.002519559423272E-003
   5.25999999418855      -2.981623048398848E-003
   5.26999999396503      -2.974621796248972E-003
   5.27999999374151      -2.967652174020432E-003
   5.28999999351799      -2.960717946019626E-003
   5.29999999329448      -2.953824549165983E-003
   5.30999999307096      -2.946963351306916E-003
   5.31999999284744      -2.940119961161920E-003
   5.32999999262393      -2.933300574135987E-003
   5.33999999240041      -2.926511741175613E-003
   5.34999999217689      -2.919753300505778E-003
   5.35999999195337      -2.913025089970693E-003
   5.36999999172986      -2.889196649716789E-003
   5.37999999150634      -2.882571412086220E-003
   5.38999999128282      -2.875975682640491E-003
   5.39999999105930      -2.869409306607784E-003
   5.40999999083579      -2.862872129947426E-003
   5.41999999061227      -2.856367549279804E-003
   5.42999999038875      -2.849892217557486E-003
   5.43999999016523      -2.843445634205054E-003
   5.44999998994172      -2.837027622208630E-003
   5.45999998971820      -2.830643513852412E-003
   5.46999998949468      -2.824293026169791E-003
   5.47999998927116      -2.817967737050708E-003
   5.48999998904765      -2.811641320235380E-003
   5.49999998882413      -2.804760725025373E-003
   5.50999998860061      -2.798473804685237E-003
   5.51999998837709      -2.792214393277628E-003
   5.52999998815358      -2.782709635291817E-003
   5.53999998793006      -2.776504005514545E-003
   5.54999998770654      -2.770327665471652E-003
   5.55999998748302      -2.764167871823064E-003
   5.56999998725951      -2.758033225099942E-003
   5.57999998703599      -2.751926426019900E-003
   5.58999998681247      -2.745838360847272E-003
   5.59999998658895      -2.739753095907258E-003
   5.60999998636544      -2.733694271288599E-003
   5.61999998614192      -2.727673969925091E-003
   5.62999998591840      -2.720125144304163E-003
   5.63999998569489      -2.714116299504020E-003
   5.64999998547137      -2.708134507934405E-003
   5.65999998524785      -2.702178181576595E-003
   5.66999998502433      -2.696247303694640E-003
   5.67999998480082      -2.683327377090502E-003
   5.68999998457730      -2.677443527862544E-003
   5.69999998435378      -2.654538530600005E-003
   5.70999998413026      -2.648726065117202E-003
   5.71999998390675      -2.642937893903495E-003
   5.72999998368323      -2.637174560963846E-003
   5.73999998345971      -2.631418300823993E-003
   5.74999998323619      -2.625680635265047E-003
   5.75999998301268      -2.619955132812708E-003
   5.76999998278916      -2.614242249595638E-003
   5.77999998256564      -2.608542532940874E-003
   5.78999998234212      -2.602788356874363E-003
   5.79999998211861      -2.597102328281749E-003
   5.80999998189509      -2.591439374140054E-003
   5.81999998167157      -2.583278915181725E-003
   5.82999998144805      -2.577661500964449E-003
   5.83999998122454      -2.572067011111569E-003
   5.84999998100102      -2.564539369074739E-003
   5.85999998077750      -2.558989576938593E-003
   5.86999998055398      -2.553458241360344E-003
   5.87999998033047      -2.547943011762596E-003
   5.88999998010695      -2.542455298417829E-003
   5.89999997988343      -2.536993492694583E-003
   5.90999997965991      -2.531553698861068E-003
   5.91999997943640      -2.526135788537248E-003
   5.92999997921288      -2.520739637511772E-003
   5.93999997898936      -2.515365121606131E-003
   5.94999997876585      -2.510012150703984E-003
   5.95999997854233      -2.487707402015242E-003
   5.96999997831881      -2.482428009951327E-003
   5.97999997809529      -2.477169662991141E-003
   5.98999997787178      -2.471931482364497E-003
   5.99999997764826      -2.466695327757330E-003
   6.00999997742474      -2.461512247694206E-003
   6.01999997720122      -2.456354615589146E-003
   6.02999997697771      -2.451214675239028E-003
   6.03999997675419      -2.446071937418199E-003
   6.04999997653067      -2.440949471726485E-003
   6.05999997630715      -2.435846907710298E-003
   6.06999997608364      -2.430763435262934E-003
   6.07999997586012      -2.425699808431959E-003
   6.08999997563660      -2.420655935681278E-003
   6.09999997541308      -2.415631724765144E-003
   6.10999997518957      -2.410627080098196E-003
   6.11999997496605      -2.405644270764598E-003
   6.12999997474253      -2.400674448122207E-003
   6.13999997451901      -2.395720705533442E-003
   6.14999997429550      -2.390776369834885E-003
   6.15999997407198      -2.385847348757457E-003
   6.16999997384846      -2.380937195824675E-003
   6.17999997362494      -2.376045823299470E-003
   6.18999997340143      -2.371169736571619E-003
   6.19999997317791      -2.366306924812773E-003
   6.20999997295439      -2.350973787038335E-003
   6.21999997273088      -2.346166627581485E-003
   6.22999997250736      -2.341384026150658E-003
   6.23999997228384      -2.333855082155214E-003
   6.24999997206032      -2.329109238447335E-003
   6.25999997183681      -2.324381329185735E-003
   6.26999997161329      -2.319671272678904E-003
   6.27999997138977      -2.314978988374097E-003
   6.28999997116625      -2.310304395846563E-003
   6.29999997094274      -2.305647415766205E-003
   6.30999997071922      -2.301007968541519E-003
   6.31999997049570      -2.296389621129221E-003
   6.32999997027218      -2.291779327670842E-003
   6.33999997004867      -2.287174434109084E-003
   6.34999996982515      -2.276007597512054E-003
   6.35999996960163      -2.271435935079549E-003
   6.36999996937811      -2.266881357119528E-003
   6.37999996915460      -2.262343787885858E-003
   6.38999996893108      -2.257174360876470E-003
   6.39999996870756      -2.252670403061941E-003
   6.40999996848404      -2.248186953011888E-003
   6.41999996826053      -2.243721546150841E-003
   6.42999996803701      -2.239258595536696E-003
   6.43999996781349      -2.234808032020337E-003
   6.44999996758997      -2.230376671988046E-003
   6.45999996736646      -2.225967914366815E-003
   6.46999996714294      -2.221558627738836E-003
   6.47999996691942      -2.217160519625927E-003
   6.48999996669590      -2.212781198013141E-003
   6.49999996647239      -2.208419537012032E-003
   6.50999996624887      -2.204073596374442E-003
   6.51999996602535      -2.199738171119669E-003
   6.52999996580184      -2.195416002235476E-003
   6.53999996557832      -2.191109382291307E-003
   6.54999996535480      -2.186818243569345E-003
   6.55999996513128      -2.182533731045351E-003
   6.56999996490777      -2.178252092095238E-003
   6.57999996468425      -2.173985728972966E-003
   6.58999996446073      -2.169734575618347E-003
   6.59999996423721      -2.165498565655171E-003
   6.60999996401370      -2.161259388858157E-003
   6.61999996379018      -2.157031938581854E-003
   6.62999996356666      -2.152814926032487E-003
   6.63999996334314      -2.148613389509599E-003
   6.64999996311963      -2.144430999228385E-003
   6.65999996289611      -2.140269045993381E-003
   6.66999996267259      -2.136119988981114E-003
   6.67999996244907      -2.131984024416190E-003
   6.68999996222556      -2.127862410899035E-003
   6.69999996200204      -2.123756495291286E-003
   6.70999996177852      -2.118875286579411E-003
   6.71999996155500      -2.114787795548389E-003
   6.72999996133149      -2.110714467856985E-003
   6.73999996110797      -2.106655243584323E-003
   6.74999996088445      -2.102381418646119E-003
   6.75999996066093      -2.098355231591330E-003
   6.76999996043742      -2.094346227293460E-003
   6.77999996021390      -2.090351009987862E-003
   6.78999995999038      -2.086369520838426E-003
   6.79999995976686      -2.082401691446899E-003
   6.80999995954335      -2.078447432274874E-003
   6.81999995931983      -2.074174914471148E-003
   6.82999995909631      -2.070249668774400E-003
   6.83999995887280      -2.053660353700886E-003
   6.84999995864928      -2.049779026500263E-003
   6.85999995842576      -2.045905329142986E-003
   6.86999995820224      -2.042045987407013E-003
   6.87999995797873      -2.038200576555702E-003
   6.88999995775521      -2.034368291641739E-003
   6.89999995753169      -2.030549078948017E-003
   6.90999995730817      -2.026742883910694E-003
   6.91999995708466      -2.022950618944449E-003
   6.92999995686114      -2.019171678514801E-003
   6.93999995663762      -2.009803449594682E-003
   6.94999995641410      -2.006055912660835E-003
   6.95999995619059      -1.980807431705804E-003
   6.96999995596707      -1.977108298007317E-003
   6.97999995574355      -1.959557744919385E-003
   6.98999995552003      -1.955903293431039E-003
   6.99999995529652      -1.952261120889412E-003
   7.00999995507300      -1.948640023801838E-003
   7.01999995484948      -1.945031651722584E-003
   7.02999995462596      -1.941433399469811E-003
   7.03999995440245      -1.937847234516743E-003
   7.04999995417893      -1.934273973925785E-003
   7.05999995395541      -1.930704740839862E-003
   7.06999995373189      -1.927147721347835E-003
   7.07999995350838      -1.923461800751368E-003
   7.08999995328486      -1.919903792746248E-003
   7.09999995306134      -1.916355641712994E-003
   7.10999995283782      -1.912818065161749E-003
   7.11999995261431      -1.909285522373083E-003
   7.12999995239079      -1.905758814739032E-003
   7.13999995216727      -1.902243471791172E-003
   7.14999995194376      -1.898739604547265E-003
   7.15999995172024      -1.895247904464532E-003
   7.16999995149672      -1.891773022580154E-003
   7.17999995127320      -1.888309420391492E-003
   7.18999995104969      -1.884857367299091E-003
   7.19999995082617      -1.881413604070464E-003
   7.20999995060265      -1.877978417241170E-003
   7.21999995037913      -1.874554512578357E-003
   7.22999995015562      -1.871141582540365E-003
   7.23999994993210      -1.867739725202965E-003
   7.24999994970858      -1.864348864194749E-003
   7.25999994948506      -1.860968846389415E-003
   7.26999994926155      -1.857599893563371E-003
   7.27999994903803      -1.854241700178038E-003
   7.28999994881451      -1.850894319733876E-003
   7.29999994859099      -1.847557687158843E-003
   7.30999994836748      -1.844234074516552E-003
   7.31999994814396      -1.840925133923714E-003
   7.32999994792044      -1.837626748582422E-003
   7.33999994769692      -1.829572126970109E-003
   7.34999994747341      -1.826295748392500E-003
   7.35999994724989      -1.823031782781771E-003
   7.36999994702637      -1.819774143719794E-003
   7.37999994680285      -1.815691013530735E-003
   7.38999994657934      -1.812443059525187E-003
   7.39999994635582      -1.809195989949089E-003
   7.40999994613230      -1.805954801234186E-003
   7.41999994590878      -1.802722979869538E-003
   7.42999994568527      -1.799501192734786E-003
   7.43999994546175      -1.796289375085487E-003
   7.44999994523823      -1.793091911166616E-003
   7.45999994501472      -1.789906249613365E-003
   7.46999994479120      -1.786730438397697E-003
   7.47999994456768      -1.783564441879731E-003
   7.48999994434416      -1.780408225607905E-003
   7.49999994412065      -1.777261744144598E-003
   7.50999994389713      -1.774124954354015E-003
   7.51999994367361      -1.770997822689650E-003
   7.52999994345009      -1.767880309649707E-003
   7.53999994322658      -1.764774101618134E-003
   7.54999994300306      -1.761678589908855E-003
   7.55999994277954      -1.758589233493903E-003
   7.56999994255602      -1.755507711521648E-003
   7.57999994233251      -1.749977366727704E-003
   7.58999994210899      -1.746913361391233E-003
   7.59999994188547      -1.743852656504734E-003
   7.60999994166195      -1.740801224390379E-003
   7.61999994143844      -1.737759030075610E-003
   7.62999994121492      -1.734726746598731E-003
   7.63999994099140      -1.731712408959590E-003
   7.64999994076788      -1.728706358271272E-003
   7.65999994054437      -1.725708505741524E-003
   7.66999994032085      -1.722719603736259E-003
   7.67999994009733      -1.719739618388308E-003
   7.68999993987381      -1.716769239647527E-003
   7.69999993965030      -1.713811630951158E-003
   7.70999993942678      -1.710862838960145E-003
   7.71999993920326      -1.707922830394880E-003
   7.72999993897974      -1.704991572484042E-003
   7.73999993875623      -1.702069032751764E-003
   7.74999993853271      -1.699150059036147E-003
   7.75999993830919      -1.696236132292478E-003
   7.76999993808568      -1.693330804055795E-003
   7.77999993786216      -1.690434042548613E-003
   7.78999993763864      -1.687545446955357E-003
   7.79999993741512      -1.684660006483067E-003
   7.80999993719161      -1.681786015679154E-003
   7.81999993696809      -1.678920480921228E-003
   7.82999993674457      -1.676062851346266E-003
   7.83999993652105      -1.673186882500554E-003
   7.84999993629754      -1.670345322471467E-003
   7.85999993607402      -1.660115617565246E-003
   7.86999993585050      -1.657300868334462E-003
   7.87999993562698      -1.654494332153155E-003
   7.88999993540347      -1.651701112462839E-003
   7.89999993517995      -1.648917936090477E-003
   7.90999993495643      -1.646145833393611E-003
   7.91999993473291      -1.643382260410227E-003
   7.92999993450940      -1.640625071364873E-003
   7.93999993428588      -1.637871856364782E-003
   7.94999993406236      -1.635123651845277E-003
   7.95999993383884      -1.632388516464401E-003
   7.96999993361533      -1.629661308120732E-003
   7.97999993339181      -1.626941951062337E-003
   7.98999993316829      -1.624230416722005E-003
   7.99999993294477      -1.621527633459003E-003
   8.00999993272126      -1.618835007294904E-003
   8.01999993249774      -1.616150120694500E-003
   8.02999993227422      -1.613472945376198E-003
   8.03999993205070      -1.610803453827807E-003
   8.04999993182719      -1.608141617855974E-003
   8.05999993160367      -1.605487410178579E-003
   8.06999993138015      -1.602840803319329E-003
   8.07999993115664      -1.596610161973423E-003
   8.08999993093312      -1.593979540605698E-003
   8.09999993070960      -1.591353651005471E-003
   8.10999993048608      -1.588733054065021E-003
   8.11999993026257      -1.584194835754804E-003
   8.12999993003905      -1.581585551347806E-003
   8.13999992981553      -1.578983614395249E-003
   8.14999992959201      -1.565986557183407E-003
   8.15999992936850      -1.563406038942083E-003
   8.16999992914498      -1.560832696871549E-003
   8.17999992892146      -1.558268951483998E-003
   8.18999992869794      -1.555712375916065E-003
   8.19999992847443      -1.553162901629021E-003
   8.20999992825091      -1.550620784919102E-003
   8.21999992802739      -1.548081574947054E-003
   8.22999992780387      -1.545548362179334E-003
   8.23999992758036      -1.543022100449472E-003
   8.24999992735684      -1.540503074757622E-003
   8.25999992713332      -1.537992498222384E-003
   8.26999992690980      -1.535049744806406E-003
   8.27999992668629      -1.521797906981985E-003
   8.28999992646277      -1.519313977213399E-003
   8.29999992623925      -1.516836052029251E-003
   8.30999992601573      -1.514364680939264E-003
   8.31999992579222      -1.511898411831166E-003
   8.32999992556870      -1.509438732993982E-003
   8.33999992534518      -1.506988933885397E-003
   8.34999992512167      -1.504557191467911E-003
   8.35999992489815      -1.502130683436477E-003
   8.36999992467463      -1.493163610833313E-003
   8.37999992445111      -1.490748195875098E-003
   8.38999992422760      -1.488339240004971E-003
   8.39999992400408      -1.485938090862311E-003
   8.40999992378056      -1.483543358339387E-003
   8.41999992355704      -1.481155017903816E-003
   8.42999992333353      -1.478773047180555E-003
   8.43999992311001      -1.476397423974072E-003
   8.44999992288649      -1.474028126325569E-003
   8.45999992266297      -1.471665909067702E-003
   8.46999992243946      -1.469310549735387E-003
   8.47999992221594      -1.466961451822571E-003
   8.48999992199242      -1.464618593445448E-003
   8.49999992176890      -1.462281953279461E-003
   8.50999992154539      -1.459951509715820E-003
   8.51999992132187      -1.457627784818620E-003
   8.52999992109835      -1.455310663894381E-003
   8.53999992087483      -1.452999676880383E-003
   8.54999992065132      -1.450697057606008E-003
   8.55999992042780      -1.448404475194691E-003
   8.56999992020428      -1.443128768057120E-003
   8.57999991998076      -1.440629785347481E-003
   8.58999991975725      -1.438350811472897E-003
   8.59999991953373      -1.434710288375261E-003
   8.60999991931021      -1.432437433138198E-003
   8.61999991908669      -1.430170569120515E-003
   8.62999991886318      -1.427910085351835E-003
   8.63999991863966      -1.425655860898736E-003
   8.64999991841614      -1.423404324206298E-003
   8.65999991819263      -1.417076188409665E-003
   8.66999991796911      -1.414838770681333E-003
   8.67999991774559      -1.403731035369601E-003
   8.68999991752207      -1.401511676396845E-003
   8.69999991729856      -1.399298985300944E-003
   8.70999991707504      -1.397099514870831E-003
   8.71999991685152      -1.394905766995937E-003
   8.72999991662800      -1.392716579044709E-003
   8.73999991640449      -1.390537218745186E-003
   8.74999991618097      -1.388370105914271E-003
   8.75999991595745      -1.386208598956856E-003
   8.76999991573393      -1.383957466750700E-003
   8.77999991551042      -1.381807469299879E-003
   8.78999991528690      -1.379663021848975E-003
   8.79999991506338      -1.377524105497655E-003
   8.80999991483986      -1.375390797114026E-003
   8.81999991461635      -1.371065851808985E-003
   8.82999991439283      -1.367206235004106E-003
   8.83999991416931      -1.365087105299528E-003
   8.84999991394579      -1.362973438729442E-003
   8.85999991372228      -1.360865312218629E-003
   8.86999991349876      -1.358762533846409E-003
   8.87999991327524      -1.356660311665701E-003
   8.88999991305172      -1.354563221775701E-003
   8.89999991282821      -1.352471514794149E-003
   8.90999991260469      -1.350385064619929E-003
   8.91999991238117      -1.348304127083372E-003
   8.92999991215765      -1.346207677459474E-003
   8.93999991193414      -1.344139074448966E-003
   8.94999991171062      -1.342074919494397E-003
   8.95999991148710      -1.340015460221588E-003
   8.96999991126359      -1.337956843656586E-003
   8.97999991104007      -1.335902462941483E-003
   8.98999991081655      -1.333853282575638E-003
   8.99999991059303      -1.331809254616057E-003
   9.00999991036952      -1.329770316603658E-003
   9.01999991014600      -1.327736497463325E-003
   9.02999990992248      -1.325707758954859E-003
   9.03999990969896      -1.323684060127399E-003
   9.04999990947545      -1.321671420888278E-003
   9.05999990925193      -1.319664099747570E-003
   9.06999990902841      -1.317661755186266E-003
   9.07999990880489      -1.315664399676791E-003
   9.08999990858138      -1.313670651229081E-003
   9.09999990835786      -1.311684165228750E-003
   9.10999990813434      -1.309700479853388E-003
   9.11999990791082      -1.307716839126419E-003
   9.12999990768731      -1.305735368337078E-003
   9.13999990746379      -1.303757040745015E-003
   9.14999990724027      -1.301783514104678E-003
   9.15999990701675      -1.299813769710326E-003
   9.16999990679324      -1.297847659592147E-003
   9.17999990656972      -1.295886307366667E-003
   9.18999990634620      -1.293929698875003E-003
   9.19999990612268      -1.291977815524969E-003
   9.20999990589917      -1.282856291899971E-003
   9.21999990567565      -1.280923358353764E-003
   9.22999990545213      -1.278995818856973E-003
   9.23999990522861      -1.277076802916106E-003
   9.24999990500510      -1.275164262376561E-003
   9.25999990478158      -1.273259251009025E-003
   9.26999990455806      -1.271358786170078E-003
   9.27999990433455      -1.269462848884121E-003
   9.28999990411103      -1.267571428338770E-003
   9.29999990388751      -1.265684509839331E-003
   9.30999990366399      -1.263802076098336E-003
   9.31999990344048      -1.261924111988134E-003
   9.32999990321696      -1.260050604182998E-003
   9.33999990299344      -1.258181538769884E-003
   9.34999990276992      -1.256316900408343E-003
   9.35999990254641      -1.254456676280063E-003
   9.36999990232289      -1.250690438024529E-003
   9.37999990209937      -1.248844264932253E-003
   9.38999990187585      -1.247002446380714E-003
   9.39999990165234      -1.245167122647698E-003
   9.40999990142882      -1.243337317090926E-003
   9.41999990120530      -1.241511727301089E-003
   9.42999990098178      -1.239690440977928E-003
   9.43999990075827      -1.237873445247610E-003
   9.44999990053475      -1.235487738790112E-003
   9.45999990031123      -1.233679160797236E-003
   9.46999990008771      -1.231874832102868E-003
   9.47999989986420      -1.230075213281388E-003
   9.48999989964068      -1.228281837782289E-003
   9.49999989941716      -1.226492628401363E-003
   9.50999989919364      -1.224707571917622E-003
   9.51999989897013      -1.222926655295344E-003
   9.52999989874661      -1.216396425983837E-003
   9.53999989852309      -1.214626868611256E-003
   9.54999989829957      -1.212859936297560E-003
   9.55999989807606      -1.211097000584512E-003
   9.56999989785254      -1.209333964516268E-003
   9.57999989762902      -1.207573773297424E-003
   9.58999989740551      -1.205815088101403E-003
   9.59999989718199      -1.195599565333596E-003
   9.60999989695847      -1.193859809553084E-003
   9.61999989673495      -1.192121717469014E-003
   9.62999989651144      -1.190384160909531E-003
   9.63999989628792      -1.188650563453507E-003
   9.64999989606440      -1.186920912917096E-003
   9.65999989584088      -1.185157283952692E-003
   9.66999989561737      -1.183443497502815E-003
   9.67999989539385      -1.181736478504987E-003
   9.68999989517033      -1.180033349693333E-003
   9.69999989494681      -1.178335950796362E-003
   9.70999989472330      -1.176647555673363E-003
   9.71999989449978      -1.174962985888242E-003
   9.72999989427626      -1.173282229977283E-003
   9.73999989405274      -1.171605275864395E-003
   9.74999989382923      -1.169932112071326E-003
   9.75999989360571      -1.168262726802954E-003
   9.76999989338219      -1.166597108326217E-003
   9.77999989315867      -1.164935245159961E-003
   9.78999989293516      -1.163278528784509E-003
   9.79999989271164      -1.161626868788207E-003
   9.80999989248812      -1.159978931512036E-003
   9.81999989226460      -1.158334705707713E-003
   9.82999989204109      -1.156694179884108E-003
   9.83999989181757      -1.155057343038186E-003
   9.84999989159405      -1.153424183519893E-003
   9.85999989137053      -1.151794690492495E-003
   9.86999989114702      -1.150168852762533E-003
   9.87999989092350      -1.148546658795169E-003
   9.88999989069998      -1.146928098101441E-003
   9.89999989047647      -1.145313263023002E-003
   9.90999989025295      -1.143704027133586E-003
   9.91999989002943      -1.142098645498134E-003
   9.92999988980591      -1.140496821153011E-003
   9.93999988958240      -1.138898543475832E-003
   9.94999988935888      -1.137303965609674E-003
   9.95999988913536      -1.135715599823851E-003
   9.96999988891184      -1.134130723507772E-003
   9.97999988868833      -1.131813677832754E-003
   9.98999988846481      -1.130231722136325E-003
   9.99999988824129      -1.128653236859357E-003
   10.0099998880178      -1.127078440170983E-003
   10.0199998877943      -1.125506261227117E-003
   10.0299998875707      -1.123937521217329E-003
   10.0399998873472      -1.122372209911718E-003
   10.0499998871237      -1.120810316832189E-003
   10.0599998869002      -1.119251229248577E-003
   10.0699998866767      -1.117694556024476E-003
   10.0799998864532      -1.116141245891312E-003
   10.0899998862296      -1.114591096953779E-003
   10.0999998860061      -1.113044246377151E-003
   10.1099998857826      -1.111501419639199E-003
   10.1199998855591      -1.109964007833923E-003
   10.1299998853356      -1.108429884889590E-003
   10.1399998851120      -1.106610341834317E-003
   10.1499998848885      -1.105084574707307E-003
   10.1599998846650      -1.103560558676711E-003
   10.1699998844415      -1.097559989060635E-003
   10.1799998842180      -1.096045982237304E-003
   10.1899998839945      -1.094535165922532E-003
   10.1999998837709      -1.093027530104604E-003
   10.2099998835474      -1.091523984511220E-003
   10.2199998833239      -1.090029256125911E-003
   10.2299998831004      -1.088538923343090E-003
   10.2399998828769      -1.081008905079601E-003
   10.2499998826534      -1.079529625606073E-003
   10.2599998824298      -1.070425815614430E-003
   10.2699998822063      -1.068959747531216E-003
   10.2799998819828      -1.067493398246953E-003
   10.2899998817593      -1.066030026300487E-003
   10.2999998815358      -1.064570418040239E-003
   10.3099998813123      -1.063114242026355E-003
   10.3199998810887      -1.061661098730382E-003
   10.3299998808652      -1.060210979632409E-003
   10.3399998806417      -1.058763875345951E-003
   10.3499998804182      -1.057319777139632E-003
   10.3599998801947      -1.055878676098921E-003
   10.3699998799711      -1.054440563060705E-003
   10.3799998797476      -1.052266612364421E-003
   10.3899998795241      -1.050835494041527E-003
   10.3999998793006      -1.049407337883474E-003
   10.4099998790771      -1.047982135106162E-003
   10.4199998788536      -1.046559876888317E-003
   10.4299998786300      -1.041494063908927E-003
   10.4399998784065      -1.040078663522060E-003
   10.4499998781830      -1.038666176644573E-003
   10.4599998779595      -1.037256774754364E-003
   10.4699998777360      -1.035854610195250E-003
   10.4799998775125      -1.034456472186041E-003
   10.4899998772889      -1.033061211484013E-003
   10.4999998770654      -1.031457344713307E-003
   10.5099998768419      -1.030061756239106E-003
   10.5199998766184      -1.028669045876929E-003
   10.5299998763949      -1.027279205055700E-003
   10.5399998761714      -1.025892797461260E-003
   10.5499998759478      -1.024509478916364E-003
   10.5599998757243      -1.022998138098154E-003
   10.5699998755008      -1.021627316625491E-003
   10.5799998752773      -1.020259308995661E-003
   10.5899998750538      -1.018894107176177E-003
   10.5999998748302      -1.017531702903385E-003
   10.6099998746067      -1.016172440592995E-003
   10.6199998743832      -1.014816181661469E-003
   10.6299998741597      -1.013462378152283E-003
   10.6399998739362      -1.012110618825260E-003
   10.6499998737127      -1.010761621688302E-003
   10.6599998734891      -1.009415379064718E-003
   10.6699998732656      -1.008070823171049E-003
   10.6799998730421      -1.006728626973927E-003
   10.6899998728186      -1.005389194017095E-003
   10.6999998725951      -1.004054930188954E-003
   10.7099998723716      -1.002731023957231E-003
   10.7199998721480      -1.001409781307231E-003
   10.7299998719245      -1.000091194934005E-003
   10.7399998717010      -9.987748753565973E-004
   10.7499998714775      -9.974597332468172E-004
   10.7599998712540      -9.961450364291107E-004
   10.7699998710304      -9.948318329773308E-004
   10.7799998708069      -9.935212391671700E-004
   10.7899998705834      -9.922132470106513E-004
   10.7999998703599      -9.909080104404731E-004
   10.8099998701364      -9.834013107400711E-004
   10.8199998699129      -9.821097784888156E-004
   10.8299998696893      -9.808207938616911E-004
   10.8399998694658      -9.795343496536700E-004
   10.8499998692423      -9.782504388517518E-004
   10.8599998690188      -9.769693280574064E-004
   10.8699998687953      -9.756907551551862E-004
   10.8799998685718      -9.744146867609512E-004
   10.8899998683482      -9.731409945199434E-004
   10.8999998681247      -9.718698005860744E-004
   10.9099998679012      -9.706012060828070E-004
   10.9199998676777      -9.693353342777137E-004
   10.9299998674542      -9.680768514432511E-004
   10.9399998672307      -9.667803825660355E-004
   10.9499998670071      -9.655253512149446E-004
   10.9599998667836      -9.642780499130822E-004
   10.9699998665601      -9.630324659244204E-004
   10.9799998663366      -9.617890865253132E-004
   10.9899998661131      -9.605481065427205E-004
   10.9999998658895      -9.593095191995997E-004
   11.0099998656660      -9.580721381220915E-004
   11.0199998654425      -9.543515446322047E-004
   11.0299998652190      -9.531188871242334E-004
   11.0399998649955      -9.518885929509860E-004
   11.0499998647720      -9.506606745903476E-004
   11.0599998645484      -9.494352330224507E-004
   11.0699998643249      -9.472698451376526E-004
   11.0799998641014      -9.460489317596187E-004
   11.0899998638779      -9.448303476154702E-004
   11.0999998636544      -9.407416462681391E-004
   11.1099998634309      -9.395284317298374E-004
   11.1199998632073      -9.383175234417164E-004
   11.1299998629838      -9.371094878196301E-004
   11.1399998627603      -9.359070821310443E-004
   11.1499998625368      -9.347069775651996E-004
   11.1599998623133      -9.335091543146670E-004
   11.1699998620898      -9.323136059580300E-004
   11.1799998618662      -9.311203744603478E-004
   11.1899998616427      -9.299310657869455E-004
   11.1999998614192      -9.287436834722880E-004
   11.2099998611957      -9.275566074043160E-004
   11.2199998609722      -9.263706737787922E-004
   11.2299998607486      -9.251869760891932E-004
   11.2399998605251      -9.240055078204867E-004
   11.2499998603016      -9.228262867106993E-004
   11.2599998600781      -9.216495951175249E-004
   11.2699998598546      -9.204790945138747E-004
   11.2799998596311      -9.193072780922570E-004
   11.2899998594075      -9.181403099314839E-004
   11.2999998591840      -9.169755220555769E-004
   11.3099998589605      -9.158129087149833E-004
   11.3199998587370      -9.146524646175424E-004
   11.3299998585135      -9.134991742519871E-004
   11.3399998582900      -9.123527590753540E-004
   11.3499998580664      -9.112084982541895E-004
   11.3599998578429      -9.100650353440886E-004
   11.3699998576194      -9.089221797052566E-004
   11.3799998573959      -9.077814530176811E-004
   11.3899998571724      -9.066458749997492E-004
   11.3999998569489      -9.054574985678433E-004
   11.4099998567253      -9.043261288122289E-004
   11.4199998565018      -9.031968442579398E-004
   11.4299998562783      -9.020696378880404E-004
   11.4399998560548      -9.009445048507309E-004
   11.4499998558313      -8.994408120514447E-004
   11.4599998556077      -8.983196964768380E-004
   11.4699998553842      -8.972006368194325E-004
   11.4799998551607      -8.960836256396572E-004
   11.4899998549372      -8.949686587220036E-004
   11.4999998547137      -8.938557267433198E-004
   11.5099998544902      -8.927448264213204E-004
   11.5199998542666      -8.916380715617999E-004
   11.5299998540431      -8.893410463223086E-004
   11.5399998538196      -8.837522526704564E-004
   11.5499998535961      -8.803556296640980E-004
   11.5599998533726      -8.792564944448446E-004
   11.5699998531491      -8.781593490441588E-004
   11.5799998529255      -8.770641864182478E-004
   11.5899998527020      -8.759710022947746E-004
   11.5999998524785      -8.748797907763402E-004
   11.6099998522550      -8.737905466857924E-004
   11.6199998520315      -8.727032641633084E-004
   11.6299998518080      -8.716179379994055E-004
   11.6399998515844      -8.705343057730246E-004
   11.6499998513609      -8.694504025574415E-004
   11.6599998511374      -8.683684385051457E-004
   11.6699998509139      -8.672884081138066E-004
   11.6799998506904      -8.662124576574203E-004
   11.6899998504668      -8.651438913561225E-004
   11.6999998502433      -8.640789001977151E-004
   11.7099998500198      -8.568326937974168E-004
   11.7199998497963      -8.557770696526574E-004
   11.7299998495728      -8.547237930318833E-004
   11.7399998493493      -8.536723922915963E-004
   11.7499998491257      -8.526228668459665E-004
   11.7599998489022      -8.482373118342567E-004
   11.7699998486787      -8.471894085078000E-004
   11.7799998484552      -8.449370944996439E-004
   11.7899998482317      -8.438926767643951E-004
   11.7999998480082      -8.428552257662965E-004
   11.8099998477846      -8.418208533598066E-004
   11.8199998475611      -8.407880173255161E-004
   11.8299998473376      -8.397566923963739E-004
   11.8399998471141      -8.387271709492607E-004
   11.8499998468906      -8.376984626142015E-004
   11.8599998466671      -8.366732818963171E-004
   11.8699998464435      -8.356500228895190E-004
   11.8799998462200      -8.346285407400966E-004
   11.8899998459965      -8.336088308642093E-004
   11.8999998457730      -8.325908881117927E-004
   11.9099998455495      -8.273868674973646E-004
   11.9199998453259      -8.263781658804529E-004
   11.9299998451024      -8.253711999630114E-004
   11.9399998448789      -8.243659528977069E-004
   11.9499998446554      -8.233624131601833E-004
   11.9599998444319      -8.170841480340098E-004
   11.9699998442084      -8.160875754414569E-004
   11.9799998439848      -8.150915841919141E-004
   11.9899998437613      -8.140972830114735E-004
   11.9999998435378      -8.131046672320268E-004
   12.0099998433143      -8.121149071611489E-004
   12.0199998430908      -8.111329267816729E-004
   12.0299998428673      -8.101526175832213E-004
   12.0399998426437      -8.091657128399234E-004
   12.0499998424202      -8.081887293870212E-004
   12.0599998421967      -8.072134036459044E-004
   12.0699998419732      -8.062421738561582E-004
   12.0799998417497      -8.052730376855711E-004
   12.0899998415262      -8.043025262009129E-004
   12.0999998413026      -8.033361891012395E-004
   12.1099998410791      -8.023706112920952E-004
   12.1199998408556      -8.014066537206017E-004
   12.1299998406321      -8.004443120676276E-004
   12.1399998404086      -7.993010655309277E-004
   12.1499998401850      -7.983418939311298E-004
   12.1599998399615      -7.973854363241600E-004
   12.1699998397380      -7.964311633868375E-004
   12.1799998395145      -7.954784853932566E-004
   12.1899998392910      -7.945273982970082E-004
   12.1999998390675      -7.935778974847874E-004
   12.2099998388439      -7.926299788378240E-004
   12.2199998386204      -7.916836378979580E-004
   12.2299998383969      -7.907388703236063E-004
   12.2399998381734      -7.897956719721958E-004
   12.2499998379499      -7.888540385114692E-004
   12.2599998377264      -7.879139654587530E-004
   12.2699998375028      -7.869754489449021E-004
   12.2799998372793      -7.860384843924637E-004
   12.2899998370558      -7.851025874794834E-004
   12.2999998368323      -7.841700869817497E-004
   12.3099998366088      -7.832445840000465E-004
   12.3199998363853      -7.823206046515516E-004
   12.3299998361617      -7.813996703489866E-004
   12.3399998359382      -7.804801366982341E-004
   12.3499998357147      -7.795618261088353E-004
   12.3599998354912      -7.786450275064224E-004
   12.3699998352677      -7.777297367351281E-004
   12.3799998350441      -7.768159496677066E-004
   12.3899998348206      -7.759036623391572E-004
   12.3999998345971      -7.749928706060600E-004
   12.4099998343736      -7.740835706382740E-004
   12.4199998341501      -7.731757582681837E-004
   12.4299998339266      -7.722702042953062E-004
   12.4399998337030      -7.713666012238649E-004
   12.4499998334795      -7.699731865810705E-004
   12.4599998332560      -7.690699978064917E-004
   12.4699998330325      -7.681682851656147E-004
   12.4799998328090      -7.672680448504578E-004
   12.4899998325855      -7.663692729910045E-004
   12.4999998323619      -7.654718829983077E-004
   12.5099998321384      -7.645756261167050E-004
   12.5199998319149      -7.636808274688332E-004
   12.5299998316914      -7.622879497710816E-004
   12.5399998314679      -7.613959759848439E-004
   12.5499998312443      -7.605056973496477E-004
   12.5599998310208      -7.596178643514455E-004
   12.5699998307973      -7.587314712315199E-004
   12.5799998305738      -7.578465141422308E-004
   12.5899998303503      -7.569625946055764E-004
   12.5999998301268      -7.560811584947885E-004
   12.6099998299032      -7.517018049713841E-004
   12.6199998296797      -7.508245581331470E-004
   12.6299998294562      -7.499532851468280E-004
   12.6399998292327      -7.490841651615830E-004
   12.6499998290092      -7.482166399849896E-004
   12.6599998287857      -7.473525282424342E-004
   12.6699998285621      -7.464902026671208E-004
   12.6799998283386      -7.456297621070414E-004
   12.6899998281151      -7.447706918061874E-004
   12.6999998278916      -7.439119278223733E-004
   12.7099998276681      -7.430542155309573E-004
   12.7199998274446      -7.422011385776132E-004
   12.7299998272210      -7.413494068028632E-004
   12.7399998269975      -7.404990164541934E-004
   12.7499998267740      -7.396499639612614E-004
   12.7599998265505      -7.388022455947195E-004
   12.7699998263270      -7.379558581138436E-004
   12.7799998261034      -7.371126590044765E-004
   12.7899998258799      -7.362750736265486E-004
   12.7999998256564      -7.354388028390340E-004
   12.8099998254329      -7.346038430381010E-004
   12.8199998252094      -7.337570395487426E-004
   12.8299998249859      -7.329246858909591E-004
   12.8399998247623      -7.320936327242609E-004
   12.8499998245388      -7.312638765600428E-004
   12.8599998243153      -7.304354140522816E-004
   12.8699998240918      -7.296094955582038E-004
   12.8799998238683      -7.287848671111731E-004
   12.8899998236448      -7.279620245868000E-004
   12.8999998234212      -7.245298254150148E-004
   12.9099998231977      -7.237144548874954E-004
   12.9199998229742      -7.229015366719086E-004
   12.9299998227507      -7.220889612012726E-004
   12.9399998225272      -7.212768816288565E-004
   12.9499998223037      -7.204660429773987E-004
   12.9599998220801      -7.196564420569776E-004
   12.9699998218566      -7.188480757456781E-004
   12.9799998216331      -7.180409405432210E-004
   12.9899998214096      -7.172355702291019E-004
   12.9999998211861      -7.164315653282621E-004
   13.0099998209625      -7.155491944043851E-004
   13.0199998207390      -7.147456732897931E-004
   13.0299998205155      -7.137875739861912E-004
   13.0399998202920      -7.129841439856877E-004
   13.0499998200685      -7.074843291295231E-004
   13.0599998198450      -7.066868812212096E-004
   13.0699998196214      -7.058902475510009E-004
   13.0799998193979      -7.050949680953705E-004
   13.0899998191744      -7.043012053411101E-004
   13.0999998189509      -7.035086336208446E-004
   13.1099998187274      -7.027172495589430E-004
   13.1199998185039      -7.019270500968491E-004
   13.1299998182803      -7.011380321281660E-004
   13.1399998180568      -7.003501921903360E-004
   13.1499998178333      -6.995635273797832E-004
   13.1599998176098      -6.987780346639321E-004
   13.1699998173863      -6.979941456698450E-004
   13.1799998171628      -6.972156741789834E-004
   13.1899998169392      -6.964383684224542E-004
   13.1999998167157      -6.956622251710491E-004
   13.2099998164922      -6.948872415676146E-004
   13.2199998162687      -6.941127329295901E-004
   13.2299998160452      -6.933381688322075E-004
   13.2399998158216      -6.925694076458215E-004
   13.2499998155981      -6.918029369302513E-004
   13.2599998153746      -6.910378410015824E-004
   13.2699998151511      -6.902737142963807E-004
   13.2799998149276      -6.895107270891212E-004
   13.2899998147041      -6.887488764102207E-004
   13.2999998144805      -6.879881591092518E-004
   13.3099998142570      -6.872285722223350E-004
   13.3199998140335      -6.864701129699512E-004
   13.3299998138100      -6.857142095605350E-004
   13.3399998135865      -6.849623497437801E-004
   13.3499998133630      -6.842116932335614E-004
   13.3599998131394      -6.834644853725061E-004
   13.3699998129159      -6.827185862555153E-004
   13.3799998126924      -6.813335887211900E-004
   13.3899998124689      -6.805897220120161E-004
   13.3999998122454      -6.758191410100669E-004
   13.4099998120219      -6.750797269802154E-004
   13.4199998117983      -6.743416168505656E-004
   13.4299998115748      -6.736072857935607E-004
   13.4399998113513      -6.700705067301430E-004
   13.4499998111278      -6.693399286726626E-004
   13.4599998109043      -6.686104162218501E-004
   13.4699998106807      -6.678819665343048E-004
   13.4799998104572      -6.671545768511734E-004
   13.4899998102337      -6.664283649808160E-004
   13.4999998100102      -6.657032424007962E-004
   13.5099998097867      -6.647322880491060E-004
   13.5199998095632      -6.640092247459799E-004
   13.5299998093396      -6.632509065039995E-004
   13.5399998091161      -6.581285946493050E-004
   13.5499998088926      -6.574104932104839E-004
   13.5599998086691      -6.566929490369899E-004
   13.5699998084456      -6.559759257060076E-004
   13.5799998082221      -6.552599352074304E-004
   13.5899998079985      -6.545449749194504E-004
   13.5999998077750      -6.538310418944185E-004
   13.6099998075515      -6.531181335517304E-004
   13.6199998073280      -6.524062744509155E-004
   13.6299998071045      -6.516955142806176E-004
   13.6399998068810      -6.509857708806293E-004
   13.6499998066574      -6.502770413026975E-004
   13.6599998064339      -6.495693229724175E-004
   13.6699998062104      -6.488685492442461E-004
   13.6799998059869      -6.481707809964202E-004
   13.6899998057634      -6.474741368768060E-004
   13.6999998055398      -6.467784956470848E-004
   13.7099998053163      -6.460827949619789E-004
   13.7199998050928      -6.453873131568062E-004
   13.7299998048693      -6.446928262347274E-004
   13.7399998046458      -6.439993332001125E-004
   13.7499998044223      -6.433078585685064E-004
   13.7599998041987      -6.426177451703946E-004
   13.7699998039752      -6.419286081102530E-004
   13.7799998037517      -6.412404447766047E-004
   13.7899998035282      -6.405532526447521E-004
   13.7999998033047      -6.384084343435453E-004
   13.8099998030812      -6.377236583551541E-004
   13.8199998028576      -6.370393989119785E-004
   13.8299998026341      -6.363549912715769E-004
   13.8399998024106      -6.356715311660233E-004
   13.8499998021871      -6.349685878320488E-004
   13.8599998019636      -6.342870144661708E-004
   13.8699998017401      -6.336055289058772E-004
   13.8799998015165      -6.329241606055018E-004
   13.8899998012930      -6.322444785915885E-004
   13.8999998010695      -6.315675082008950E-004
   13.9099998008460      -6.308916756077997E-004
   13.9199998006225      -6.302200939369383E-004
   13.9299998003989      -6.295502197305309E-004
   13.9399998001754      -6.288761745077310E-004
   13.9499997999519      -6.282074780376478E-004
   13.9599997997284      -6.275397256297269E-004
   13.9699997995049      -6.268728903415113E-004
   13.9799997992814      -6.262069659918890E-004
   13.9899997990578      -6.255419507338220E-004
   13.9999997988343      -6.248777606223907E-004
   14.0099997986108      -6.233968908787704E-004
   14.0199997983873      -6.227338325336786E-004
   14.0299997981638      -6.220716745787286E-004
   14.0399997979403      -6.214104148536186E-004
   14.0499997977167      -6.207500667008689E-004
   14.0599997974932      -6.178043357395873E-004
   14.0699997972697      -6.171464577203152E-004
   14.0799997970462      -6.164928592732929E-004
   14.0899997968227      -6.158452373171371E-004
   14.0999997965991      -6.151984931702778E-004
   14.1099997963756      -6.145547413038423E-004
   14.1199997961521      -6.139121922030041E-004
   14.1299997959286      -6.132704175921250E-004
   14.1399997957051      -6.126295102346342E-004
   14.1499997954816      -6.119911034927323E-004
   14.1599997952580      -6.113539980953577E-004
   14.1699997950345      -6.107177496846535E-004
   14.1799997948110      -6.100823550624310E-004
   14.1899997945875      -6.094474526835056E-004
   14.1999997943640      -6.088126074173520E-004
   14.2099997941405      -6.081786077966898E-004
   14.2199997939169      -6.075454541636757E-004
   14.2299997936934      -6.069131444082537E-004
   14.2399997934699      -6.062816768767853E-004
   14.2499997932464      -6.056510497665878E-004
   14.2599997930229      -6.050212598549292E-004
   14.2699997927994      -6.010417739301881E-004
   14.2799997925758      -6.004170472448293E-004
   14.2899997923523      -5.997931439456532E-004
   14.2999997921288      -5.991700617393763E-004
   14.3099997919053      -5.985487330954455E-004
   14.3199997916818      -5.979292184344194E-004
   14.3299997914582      -5.973105203919359E-004
   14.3399997912347      -5.966926348414208E-004
   14.3499997910112      -5.960755611547127E-004
   14.3599997907877      -5.954592972736437E-004
   14.3699997905642      -5.948438379151069E-004
   14.3799997903407      -5.942291838998112E-004
   14.3899997901171      -5.936153331316502E-004
   14.3999997898936      -5.930022809689150E-004
   14.4099997896701      -5.923889807501350E-004
   14.4199997894466      -5.917749470146063E-004
   14.4299997892231      -5.901380364617328E-004
   14.4399997889996      -5.895255165920910E-004
   14.4499997887760      -5.889137845945862E-004
   14.4599997885525      -5.864247419293049E-004
   14.4699997883290      -5.858183710715368E-004
   14.4799997881055      -5.851069086088006E-004
   14.4899997878820      -5.845085073917616E-004
   14.4999997876585      -5.839112302556226E-004
   14.5099997874349      -5.833163236065382E-004
   14.5199997872114      -5.827221884832292E-004
   14.5299997869879      -5.821287981432844E-004
   14.5399997867644      -5.815351196978491E-004
   14.5499997865409      -5.809418218544209E-004
   14.5599997863173      -5.803492910015037E-004
   14.5699997860938      -5.797575256166992E-004
   14.5799997858703      -5.791665233676444E-004
   14.5899997856468      -5.785767774546231E-004
   14.5999997854233      -5.779880827834852E-004
   14.6099997851998      -5.734610065654702E-004
   14.6199997849762      -5.728745905393666E-004
   14.6299997847527      -5.722889197316009E-004
   14.6399997845292      -5.717039924029863E-004
   14.6499997843057      -5.698558069467245E-004
   14.6599997840822      -5.677279233058970E-004
   14.6699997838587      -5.668148054541147E-004
   14.6799997836351      -5.662330223290558E-004
   14.6899997834116      -5.656532431964649E-004
   14.6999997831881      -5.650743993125392E-004
   14.7099997829646      -5.644962840252735E-004
   14.7199997827411      -5.639188958234917E-004
   14.7299997825176      -5.633421903397373E-004
   14.7399997822940      -5.627657610079083E-004
   14.7499997820705      -5.621900542780972E-004
   14.7599997818470      -5.616150682522022E-004
   14.7699997816235      -5.610405885677478E-004
   14.7799997814000      -5.604685942215980E-004
   14.7899997811764      -5.598981211557350E-004
   14.7999997809529      -5.593283526637442E-004
   14.8099997807294      -5.587592872048125E-004
   14.8199997805059      -5.581909225089205E-004
   14.8299997802824      -5.576232568464062E-004
   14.8399997800589      -5.570588814792478E-004
   14.8499997798353      -5.564967501131433E-004
   14.8599997796118      -5.559360136202607E-004
   14.8699997793883      -5.553771855974351E-004
   14.8799997791648      -5.548187990846925E-004
   14.8899997789413      -5.542611004042537E-004
   14.8999997787178      -5.537040876365266E-004
   14.9099997784942      -5.531477591229520E-004
   14.9199997782707      -5.525921128058861E-004
   14.9299997780472      -5.520373039679870E-004
   14.9399997778237      -5.514831787853782E-004
   14.9499997776002      -5.509297261918144E-004
   14.9599997773767      -5.503769441439889E-004
   14.9699997771531      -5.498248310154100E-004
   14.9799997769296      -5.492733847509046E-004
   14.9899997767061      -5.487226038062027E-004
   14.9999997764826      -5.447077175362517E-004
