   5.00000000000000       8.149015621233586E-003
   5.00999999977648       8.138907930196997E-003
   5.01999999955297       8.128772974300596E-003
   5.02999999932945       8.072709305553899E-003
   5.03999999910593       8.062583297194035E-003
   5.04999999888241       8.052338926360994E-003
   5.05999999865890       8.042055075516381E-003
   5.06999999843538       8.031858673247691E-003
   5.07999999821186       8.021249508226642E-003
   5.08999999798834       7.990656455700003E-003
   5.09999999776483       7.980702324568444E-003
   5.10999999754131       7.969777442401434E-003
   5.11999999731779       7.943016978481618E-003
   5.12999999709427       7.933164512746048E-003
   5.13999999687076       7.921031978040472E-003
   5.14999999664724       7.911344803115573E-003
   5.15999999642372       7.901741209735382E-003
   5.16999999620020       7.892220927830514E-003
   5.17999999597669       7.882783692403590E-003
   5.18999999575317       7.873328449236251E-003
   5.19999999552965       7.863846898293187E-003
   5.20999999530613       7.854438516123972E-003
   5.21999999508262       7.845099111518211E-003
   5.22999999485910       7.835840576211417E-003
   5.23999999463558       7.826662660928079E-003
   5.24999999441206       7.817519608148660E-003
   5.25999999418855       7.777506830893996E-003
   5.26999999396503       7.768226866050700E-003
   5.27999999374151       7.759025465831963E-003
   5.28999999351799       7.749876424949748E-003
   5.29999999329448       7.740741865456162E-003
   5.30999999307096       7.731681382544238E-003
   5.31999999284744       7.722610646459606E-003
   5.32999999262393       7.713587311454385E-003
   5.33999999240041       7.704640553552337E-003
   5.34999999217689       7.695770144089745E-003
   5.35999999195337       7.686975854079351E-003
   5.36999999172986       7.628342511246691E-003
   5.37999999150634       7.619713726436278E-003
   5.38999999128282       7.611159665793393E-003
   5.39999999105930       7.602680117566394E-003
   5.40999999083579       7.594274872181370E-003
   5.41999999061227       7.585933750073960E-003
   5.42999999038875       7.577665453574018E-003
   5.43999999016523       7.569470768778117E-003
   5.44999998994172       7.561349429355775E-003
   5.45999998971820       7.553264805022833E-003
   5.46999998949468       7.545197097690787E-003
   5.47999998927116       7.537167214624260E-003
   5.48999998904765       7.528914873765506E-003
   5.49999998882413       7.513912791445445E-003
   5.50999998860061       7.505763010230558E-003
   5.51999998837709       7.497684054479757E-003
   5.52999998815358       7.482742918936755E-003
   5.53999998793006       7.474795157058922E-003
   5.54999998770654       7.466911977344176E-003
   5.55999998748302       7.459065046930159E-003
   5.56999998725951       7.451282496615897E-003
   5.57999998703599       7.443566319772006E-003
   5.58999998681247       7.435845361147451E-003
   5.59999998658895       7.428001652542724E-003
   5.60999998636544       7.420225581713026E-003
   5.61999998614192       7.412454925906448E-003
   5.62999998591840       7.401449371300471E-003
   5.63999998569489       7.393676425137809E-003
   5.64999998547137       7.385965634559642E-003
   5.65999998524785       7.378321257892877E-003
   5.66999998502433       7.370742712481614E-003
   5.67999998480082       7.331984369609176E-003
   5.68999998457730       7.324328446903227E-003
   5.69999998435378       7.274503426061362E-003
   5.70999998413026       7.266968436366024E-003
   5.71999998390675       7.259497248213211E-003
   5.72999998368323       7.252087203176738E-003
   5.73999998345971       7.244666156330965E-003
   5.74999998323619       7.237283901234219E-003
   5.75999998301268       7.229649222590470E-003
   5.76999998278916       7.221968096131795E-003
   5.77999998256564       7.214280651464784E-003
   5.78999998234212       7.204792848579999E-003
   5.79999998211861       7.197059161886050E-003
   5.80999998189509       7.189386345655906E-003
   5.81999998167157       7.176345651771323E-003
   5.82999998144805       7.168786898903431E-003
   5.83999998122454       7.161287839988617E-003
   5.84999998100102       7.149653628397105E-003
   5.85999998077750       7.142269393772328E-003
   5.86999998055398       7.134931310338295E-003
   5.87999998033047       7.127632986472840E-003
   5.88999998010695       7.120368639586049E-003
   5.89999997988343       7.113144857266085E-003
   5.90999997965991       7.105979859603258E-003
   5.91999997943640       7.098873514798111E-003
   5.92999997921288       7.091825674042219E-003
   5.93999997898936       7.084836206446270E-003
   5.94999997876585       7.077905011681611E-003
   5.95999997854233       7.022430727791404E-003
   5.96999997831881       7.015627537728804E-003
   5.97999997809529       7.008881871962173E-003
   5.98999997787178       7.002055352384372E-003
   5.99999997764826       6.995383729256042E-003
   6.00999997742474       6.988687767158981E-003
   6.01999997720122       6.982027619965137E-003
   6.02999997697771       6.975410833311026E-003
   6.03999997675419       6.968730178879005E-003
   6.04999997653067       6.962105708312815E-003
   6.05999997630715       6.955496317091629E-003
   6.06999997608364       6.948808408628587E-003
   6.07999997586012       6.942175714258630E-003
   6.08999997563660       6.935598120255260E-003
   6.09999997541308       6.929075507474145E-003
   6.10999997518957       6.922607442501709E-003
   6.11999997496605       6.916183395354650E-003
   6.12999997474253       6.909623846888926E-003
   6.13999997451901       6.903069703925430E-003
   6.14999997429550       6.896526040246439E-003
   6.15999997407198       6.890019622095241E-003
   6.16999997384846       6.883566654137729E-003
   6.17999997362494       6.877167017009803E-003
   6.18999997340143       6.870809825549287E-003
   6.19999997317791       6.864488846911608E-003
   6.20999997295439       6.818620499347161E-003
   6.21999997273088       6.812419189908835E-003
   6.22999997250736       6.806245507168863E-003
   6.23999997228384       6.781651598418363E-003
   6.24999997206032       6.775483791199437E-003
   6.25999997183681       6.769367134489663E-003
   6.26999997161329       6.763301522735922E-003
   6.27999997138977       6.757286853794995E-003
   6.28999997116625       6.751323026156321E-003
   6.29999997094274       6.745409942004313E-003
   6.30999997071922       6.739547503412528E-003
   6.31999997049570       6.733723351734252E-003
   6.32999997027218       6.727887621804625E-003
   6.33999997004867       6.722053676616259E-003
   6.34999996982515       6.700743788663956E-003
   6.35999996960163       6.694990709113639E-003
   6.36999996937811       6.689286937076187E-003
   6.37999996915460       6.683632378978359E-003
   6.38999996893108       6.676604232873107E-003
   6.39999996870756       6.671046302604998E-003
   6.40999996848404       6.665522645386109E-003
   6.41999996826053       6.660012401178089E-003
   6.42999996803701       6.654267738504391E-003
   6.43999996781349       6.648525923151957E-003
   6.44999996758997       6.642808420546974E-003
   6.45999996736646       6.637087522014087E-003
   6.46999996714294       6.631300113158200E-003
   6.47999996691942       6.625526946078238E-003
   6.48999996669590       6.619790407496365E-003
   6.49999996647239       6.614093938800999E-003
   6.50999996624887       6.608443848918368E-003
   6.51999996602535       6.602823875079297E-003
   6.52999996580184       6.597242730428941E-003
   6.53999996557832       6.591707750406374E-003
   6.54999996535480       6.586218847334568E-003
   6.55999996513128       6.580733255558425E-003
   6.56999996490777       6.575186086163995E-003
   6.57999996468425       6.569684707007931E-003
   6.58999996446073       6.564229031658542E-003
   6.59999996423721       6.558818973530883E-003
   6.60999996401370       6.553296018698879E-003
   6.61999996379018       6.547790543440616E-003
   6.62999996356666       6.542210611434862E-003
   6.63999996334314       6.536598137126005E-003
   6.64999996311963       6.531003082603452E-003
   6.65999996289611       6.525416968319780E-003
   6.66999996267259       6.519870419060502E-003
   6.67999996244907       6.514364059885316E-003
   6.68999996222556       6.508901505703366E-003
   6.69999996200204       6.503476798532951E-003
   6.70999996177852       6.489017290904938E-003
   6.71999996155500       6.483659801112584E-003
   6.72999996133149       6.478345657992314E-003
   6.73999996110797       6.473074783484044E-003
   6.74999996088445       6.467338954524690E-003
   6.75999996066093       6.462068097260873E-003
   6.76999996043742       6.456791648228822E-003
   6.77999996021390       6.451557598502486E-003
   6.78999995999038       6.446365870497637E-003
   6.79999995976686       6.441216358319887E-003
   6.80999995954335       6.436108895196475E-003
   6.81999995931983       6.430286293438766E-003
   6.82999995909631       6.425253327203913E-003
   6.83999995887280       6.385696997664028E-003
   6.84999995864928       6.380679066505125E-003
   6.85999995842576       6.375684654052394E-003
   6.86999995820224       6.370727321283565E-003
   6.87999995797873       6.365808346161807E-003
   6.88999995775521       6.360930444199971E-003
   6.89999995753169       6.356093552547454E-003
   6.90999995730817       6.351297606065157E-003
   6.91999995708466       6.346538232361457E-003
   6.92999995686114       6.341817800677642E-003
   6.93999995663762       6.308441458194793E-003
   6.94999995641410       6.303804735389900E-003
   6.95999995619059       6.231177860589117E-003
   6.96999995596707       6.226577037540930E-003
   6.97999995574355       6.179667762288715E-003
   6.98999995552003       6.175137113255317E-003
   6.99999995529652       6.170645727999732E-003
   7.00999995507300       6.166148264379482E-003
   7.01999995484948       6.161685549098767E-003
   7.02999995462596       6.157255879485094E-003
   7.03999995440245       6.152865010928624E-003
   7.04999995417893       6.148509588393003E-003
   7.05999995395541       6.144045183559514E-003
   7.06999995373189       6.139547633431198E-003
   7.07999995350838       6.131647949378814E-003
   7.08999995328486       6.127012930128592E-003
   7.09999995306134       6.122314820292665E-003
   7.10999995283782       6.117599676389051E-003
   7.11999995261431       6.112863686799233E-003
   7.12999995239079       6.108115483260525E-003
   7.13999995216727       6.103403808315069E-003
   7.14999995194376       6.098727823922475E-003
   7.15999995172024       6.094083117026115E-003
   7.16999995149672       6.089439400111375E-003
   7.17999995127320       6.084831280504587E-003
   7.18999995104969       6.080257397140779E-003
   7.19999995082617       6.075710612751505E-003
   7.20999995060265       6.071190951546118E-003
   7.21999995037913       6.066705769091234E-003
   7.22999995015562       6.062256360782995E-003
   7.23999994993210       6.057841708864303E-003
   7.24999994970858       6.053461969616706E-003
   7.25999994948506       6.049117826184737E-003
   7.26999994926155       6.044807791100731E-003
   7.27999994903803       6.040533223178344E-003
   7.28999994881451       6.036293366406321E-003
   7.29999994859099       6.032088333474181E-003
   7.30999994836748       6.027906049710286E-003
   7.31999994814396       6.023737390291476E-003
   7.32999994792044       6.019603646336315E-003
   7.33999994769692       6.003388625395927E-003
   7.34999994747341       5.999313882663824E-003
   7.35999994724989       5.995251314729109E-003
   7.36999994702637       5.990480728335854E-003
   7.37999994680285       5.984395153433274E-003
   7.38999994657934       5.980191101215708E-003
   7.39999994635582       5.975911021602069E-003
   7.40999994613230       5.971623757471337E-003
   7.41999994590878       5.967368166926839E-003
   7.42999994568527       5.963146043983753E-003
   7.43999994546175       5.958957592175641E-003
   7.44999994523823       5.954782954734837E-003
   7.45999994501472       5.950633137537304E-003
   7.46999994479120       5.946516694086214E-003
   7.47999994456768       5.942433572605235E-003
   7.48999994434416       5.938383732005914E-003
   7.49999994412065       5.934367112783434E-003
   7.50999994389713       5.930383711455381E-003
   7.51999994367361       5.926433503442936E-003
   7.52999994345009       5.922516457194799E-003
   7.53999994322658       5.918554018317090E-003
   7.54999994300306       5.914569163815910E-003
   7.55999994277954       5.910568340521391E-003
   7.56999994255602       5.906633460094166E-003
   7.57999994233251       5.884064510251512E-003
   7.58999994210899       5.880152079398573E-003
   7.59999994188547       5.876234688893724E-003
   7.60999994166195       5.872349513218600E-003
   7.61999994143844       5.868496517276344E-003
   7.62999994121492       5.864669986870936E-003
   7.63999994099140       5.860804661811907E-003
   7.64999994076788       5.856893053590348E-003
   7.65999994054437       5.852935060629126E-003
   7.66999994032085       5.849008346004666E-003
   7.67999994009733       5.845112975480454E-003
   7.68999993987381       5.841245548334002E-003
   7.69999993965030       5.837391329211935E-003
   7.70999993942678       5.833568164397152E-003
   7.71999993920326       5.829776014772491E-003
   7.72999993897974       5.826014843970173E-003
   7.73999993875623       5.822284615907556E-003
   7.74999993853271       5.818539692920348E-003
   7.75999993830919       5.814793662395379E-003
   7.76999993808568       5.811078448596472E-003
   7.77999993786216       5.807394017220839E-003
   7.78999993763864       5.803738795290787E-003
   7.79999993741512       5.800087437131630E-003
   7.80999993719161       5.796450605985183E-003
   7.81999993696809       5.792844342583384E-003
   7.82999993674457       5.789266989511208E-003
   7.83999993652105       5.785655639656928E-003
   7.84999993629754       5.782137059170276E-003
   7.85999993607402       5.743576398640871E-003
   7.86999993585050       5.740123173098985E-003
   7.87999993562698       5.736700052823377E-003
   7.88999993540347       5.733258667867754E-003
   7.89999993517995       5.729829085584042E-003
   7.90999993495643       5.726415293927592E-003
   7.91999993473291       5.723028962197676E-003
   7.92999993450940       5.719666815505723E-003
   7.93999993428588       5.716309659893240E-003
   7.94999993406236       5.712905865377275E-003
   7.95999993383884       5.709445386616783E-003
   7.96999993361533       5.706013784943837E-003
   7.97999993339181       5.702610916275695E-003
   7.98999993316829       5.699236749848672E-003
   7.99999993294477       5.695887291188241E-003
   8.00999993272126       5.692556524547659E-003
   8.01999993249774       5.689254291617244E-003
   8.02999993227422       5.685980562513676E-003
   8.03999993205070       5.682735310927319E-003
   8.04999993182719       5.679518508634478E-003
   8.05999993160367       5.676330130100681E-003
   8.06999993138015       5.673170149804342E-003
   8.07999993115664       5.660411088523921E-003
   8.08999993093312       5.657295310668761E-003
   8.09999993070960       5.654172454536275E-003
   8.10999993048608       5.651064306934887E-003
   8.11999993026257       5.634773652660892E-003
   8.12999993003905       5.631510468090541E-003
   8.13999992981553       5.628274830128998E-003
   8.14999992959201       5.585138483097057E-003
   8.15999992936850       5.581867639084823E-003
   8.16999992914498       5.578623951686875E-003
   8.17999992892146       5.575397104887694E-003
   8.18999992869794       5.572197123288269E-003
   8.19999992847443       5.569024158363015E-003
   8.20999992825091       5.565798760051010E-003
   8.21999992802739       5.562526559839596E-003
   8.22999992780387       5.559276984908005E-003
   8.23999992758036       5.556054024274578E-003
   8.24999992735684       5.552856116960083E-003
   8.25999992713332       5.549677057090473E-003
   8.26999992690980       5.545418050741165E-003
   8.27999992668629       5.506176655209980E-003
   8.28999992646277       5.502955846436387E-003
   8.29999992623925       5.499758828261823E-003
   8.30999992601573       5.496587435615534E-003
   8.31999992579222       5.493436917447395E-003
   8.32999992556870       5.490300305263904E-003
   8.33999992534518       5.487139704570616E-003
   8.34999992512167       5.483905340893851E-003
   8.35999992489815       5.480684340946795E-003
   8.36999992467463       5.458361607741698E-003
   8.37999992445111       5.455133880155855E-003
   8.38999992422760       5.451931390510606E-003
   8.39999992400408       5.448747148168196E-003
   8.40999992378056       5.445588041514651E-003
   8.41999992355704       5.442454055154654E-003
   8.42999992333353       5.439345164147234E-003
   8.43999992311001       5.436261344170684E-003
   8.44999992288649       5.433202572126561E-003
   8.45999992266297       5.430165366799003E-003
   8.46999992243946       5.427150575901268E-003
   8.47999992221594       5.424160732055914E-003
   8.48999992199242       5.421195813130141E-003
   8.49999992176890       5.418255798979802E-003
   8.50999992154539       5.415340669322405E-003
   8.51999992132187       5.412447497248375E-003
   8.52999992109835       5.409576744444388E-003
   8.53999992087483       5.406730789472266E-003
   8.54999992065132       5.403894028816738E-003
   8.55999992042780       5.401054589972662E-003
   8.56999992020428       5.385872772636762E-003
   8.57999991998076       5.382516203793629E-003
   8.58999991975725       5.379729782374171E-003
   8.59999991953373       5.373316473872343E-003
   8.60999991931021       5.370543037707877E-003
   8.61999991908669       5.367793995021391E-003
   8.62999991886318       5.365067032048368E-003
   8.63999991863966       5.362362681616875E-003
   8.64999991841614       5.359669471581448E-003
   8.65999991819263       5.330444514569299E-003
   8.66999991796911       5.327794647402220E-003
   8.67999991774559       5.296659401259881E-003
   8.68999991752207       5.294040521958709E-003
   8.69999991729856       5.291436477087532E-003
   8.70999991707504       5.288778948091042E-003
   8.71999991685152       5.286144993318649E-003
   8.72999991662800       5.283526611728938E-003
   8.73999991640449       5.280821471341203E-003
   8.74999991618097       5.278090629773744E-003
   8.75999991595745       5.275382828786806E-003
   8.76999991573393       5.272451418924192E-003
   8.77999991551042       5.269786784674292E-003
   8.78999991528690       5.267145131420242E-003
   8.79999991506338       5.264526444087901E-003
   8.80999991483986       5.261930138188791E-003
   8.81999991461635       5.253236124102305E-003
   8.82999991439283       5.245799021901906E-003
   8.83999991416931       5.243133859626821E-003
   8.84999991394579       5.240490693188579E-003
   8.85999991372228       5.237868758072854E-003
   8.86999991349876       5.235269400851276E-003
   8.87999991327524       5.232627832887790E-003
   8.88999991305172       5.230003429029735E-003
   8.89999991282821       5.227400819511648E-003
   8.90999991260469       5.224820678349305E-003
   8.91999991238117       5.222261128507316E-003
   8.92999991215765       5.218225958661422E-003
   8.93999991193414       5.215674028631031E-003
   8.94999991171062       5.213117869441231E-003
   8.95999991148710       5.210563033815093E-003
   8.96999991126359       5.207992238377381E-003
   8.97999991104007       5.205435582056816E-003
   8.98999991081655       5.202900214129107E-003
   8.99999991059303       5.200386391445566E-003
   9.00999991036952       5.197894508837263E-003
   9.01999991014600       5.195423928213387E-003
   9.02999990992248       5.192974933960831E-003
   9.03999990969896       5.190547836608083E-003
   9.04999990947545       5.188069745304269E-003
   9.05999990925193       5.185609253929933E-003
   9.06999990902841       5.183170212565080E-003
   9.07999990880489       5.180752171457994E-003
   9.08999990858138       5.178341501021499E-003
   9.09999990835786       5.175922085164021E-003
   9.10999990813434       5.173511965025824E-003
   9.11999990791082       5.171039631815629E-003
   9.12999990768731       5.168514305073771E-003
   9.13999990746379       5.165968123441156E-003
   9.14999990724027       5.163442658788963E-003
   9.15999990701675       5.160934875336334E-003
   9.16999990679324       5.158443932006657E-003
   9.17999990656972       5.155974053747433E-003
   9.18999990634620       5.153525040757999E-003
   9.19999990612268       5.151097062068195E-003
   9.20999990589917       5.113061556493219E-003
   9.21999990567565       5.110675352216178E-003
   9.22999990545213       5.108293091538957E-003
   9.23999990522861       5.105843965874840E-003
   9.24999990500510       5.103405636005672E-003
   9.25999990478158       5.100972664330039E-003
   9.26999990455806       5.098560049957786E-003
   9.27999990433455       5.096167722400796E-003
   9.28999990411103       5.093795737554446E-003
   9.29999990388751       5.091444079847011E-003
   9.30999990366399       5.089112717757135E-003
   9.31999990344048       5.086801667785440E-003
   9.32999990321696       5.084510925704499E-003
   9.33999990299344       5.082240484196506E-003
   9.34999990276992       5.079990336365138E-003
   9.35999990254641       5.077760476402342E-003
   9.36999990232289       5.057208005729913E-003
   9.37999990209937       5.054948700880569E-003
   9.38999990187585       5.052709286831448E-003
   9.39999990165234       5.050467016069959E-003
   9.40999990142882       5.048244443432546E-003
   9.41999990120530       5.046041278271209E-003
   9.42999990098178       5.043857881492768E-003
   9.43999990075827       5.041694249099673E-003
   9.44999990053475       5.037963063811554E-003
   9.45999990031123       5.035837399482429E-003
   9.46999990008771       5.033731476026230E-003
   9.47999989986420       5.031624258247240E-003
   9.48999989964068       5.029445822819667E-003
   9.49999989941716       5.027286871807077E-003
   9.50999989919364       5.025147420950743E-003
   9.51999989897013       5.023027451936396E-003
   9.52999989874661       5.005805528395480E-003
   9.53999989852309       5.003697337788736E-003
   9.54999989829957       5.001592928139948E-003
   9.55999989807606       4.999507024526826E-003
   9.56999989785254       4.997404761535340E-003
   9.57999989762902       4.995304304201963E-003
   9.58999989740551       4.993186725902564E-003
   9.59999989718199       4.955417991007716E-003
   9.60999989695847       4.953332388105944E-003
   9.61999989673495       4.951255406373137E-003
   9.62999989651144       4.949179742643590E-003
   9.63999989628792       4.947123162053371E-003
   9.64999989606440       4.945085660047946E-003
   9.65999989584088       4.942963843476104E-003
   9.66999989561737       4.940908946157063E-003
   9.67999989539385       4.938853108920254E-003
   9.68999989517033       4.936816022988221E-003
   9.69999989494681       4.934773161345236E-003
   9.70999989472330       4.932680587947254E-003
   9.71999989449978       4.930606481813423E-003
   9.72999989427626       4.928550838331968E-003
   9.73999989405274       4.926513650766079E-003
   9.74999989382923       4.924494914416709E-003
   9.75999989360571       4.922494624358047E-003
   9.76999989338219       4.920512775480545E-003
   9.77999989315867       4.918549364102183E-003
   9.78999989293516       4.916596866238763E-003
   9.79999989271164       4.914655654073976E-003
   9.80999989248812       4.912732795688641E-003
   9.81999989226460       4.910828288246357E-003
   9.82999989204109       4.908942128713353E-003
   9.83999989181757       4.907074315694133E-003
   9.84999989159405       4.905224845926625E-003
   9.85999989137053       4.903393719060819E-003
   9.86999989114702       4.901580933770906E-003
   9.87999989092350       4.899786487673855E-003
   9.88999989069998       4.898010382609648E-003
   9.89999989047647       4.896251955423109E-003
   9.90999989025295       4.894482081154508E-003
   9.91999989002943       4.892655548661405E-003
   9.92999988980591       4.890847128173231E-003
   9.93999988958240       4.889056819530526E-003
   9.94999988935888       4.887214187327065E-003
   9.95999988913536       4.885344571419453E-003
   9.96999988891184       4.883492781547910E-003
   9.97999988868833       4.870545876241394E-003
   9.98999988846481       4.868723445850813E-003
   9.99999988824129       4.866918770900665E-003
   10.0099998880178       4.865089357234899E-003
   10.0199998877943       4.863260137086737E-003
   10.0299998875707       4.861448433930333E-003
   10.0399998873472       4.859654244921896E-003
   10.0499998871237       4.857877567214322E-003
   10.0599998869002       4.856089018639492E-003
   10.0699998866767       4.854270785683106E-003
   10.0799998864532       4.852469958421293E-003
   10.0899998862296       4.850685797533984E-003
   10.0999998860061       4.848918864736270E-003
   10.1099998857826       4.847104885676466E-003
   10.1199998855591       4.845257250809976E-003
   10.1299998853356       4.843426753171800E-003
   10.1399998851120       4.840778816883144E-003
   10.1499998848885       4.838880144934322E-003
   10.1599998846650       4.836986109953081E-003
   10.1699998844415       4.805571303351099E-003
   10.1799998842180       4.803693399302269E-003
   10.1899998839945       4.801832190604702E-003
   10.1999998837709       4.799987671370429E-003
   10.2099998835474       4.798154457278232E-003
   10.2199998833239       4.796297728080109E-003
   10.2299998831004       4.794448456974066E-003
   10.2399998828769       4.770615509343172E-003
   10.2499998826534       4.768788519446773E-003
   10.2599998824298       4.736473043404124E-003
   10.2699998822063       4.734668932425269E-003
   10.2799998819828       4.732840447266739E-003
   10.2899998817593       4.731027190480891E-003
   10.2999998815358       4.729225251480398E-003
   10.3099998813123       4.727436817179782E-003
   10.3199998810887       4.725664556117616E-003
   10.3299998808652       4.723908467242418E-003
   10.3399998806417       4.722168546164427E-003
   10.3499998804182       4.720444791214054E-003
   10.3599998801947       4.718737199998740E-003
   10.3699998799711       4.717045769623568E-003
   10.3799998797476       4.713153345536982E-003
   10.3899998795241       4.711485515143712E-003
   10.3999998793006       4.709833803312633E-003
   10.4099998790771       4.708198208633132E-003
   10.4199998788536       4.706578730221994E-003
   10.4299998786300       4.692730393455493E-003
   10.4399998784065       4.691134322060786E-003
   10.4499998781830       4.689554326276333E-003
   10.4599998779595       4.687989102451997E-003
   10.4699998777360       4.686404661050242E-003
   10.4799998775125       4.684826692737870E-003
   10.4899998772889       4.683264609154794E-003
   10.4999998770654       4.676061328065807E-003
   10.5099998768419       4.674515770077212E-003
   10.5199998766184       4.672986101388202E-003
   10.5299998763949       4.671472322525416E-003
   10.5399998761714       4.669970851847990E-003
   10.5499998759478       4.668483777001816E-003
   10.5599998757243       4.666606436326272E-003
   10.5699998755008       4.665077017855930E-003
   10.5799998752773       4.663563236837870E-003
   10.5899998750538       4.662065095518000E-003
   10.5999998748302       4.660582594889868E-003
   10.6099998746067       4.659113005246527E-003
   10.6199998743832       4.657657327327846E-003
   10.6299998741597       4.656216036946281E-003
   10.6399998739362       4.654787565153229E-003
   10.6499998737127       4.653374732884969E-003
   10.6599998734891       4.651977544248661E-003
   10.6699998732656       4.650528287097181E-003
   10.6799998730421       4.649060001461243E-003
   10.6899998728186       4.647606860461226E-003
   10.6999998725951       4.646136538401862E-003
   10.7099998723716       4.644587492892589E-003
   10.7199998721480       4.643053561277790E-003
   10.7299998719245       4.641534745395718E-003
   10.7399998717010       4.640015310468276E-003
   10.7499998714775       4.638473447222406E-003
   10.7599998712540       4.636930629488254E-003
   10.7699998710304       4.635394599852428E-003
   10.7799998708069       4.633873612960125E-003
   10.7899998705834       4.632367667382795E-003
   10.7999998703599       4.630874995840773E-003
   10.8099998701364       4.595863504484844E-003
   10.8199998699129       4.594394003555964E-003
   10.8299998696893       4.592939383806836E-003
   10.8399998694658       4.591499647548546E-003
   10.8499998692423       4.590074798148888E-003
   10.8599998690188       4.588662462063923E-003
   10.8699998687953       4.587264840868228E-003
   10.8799998685718       4.585882070779959E-003
   10.8899998683482       4.584513658635016E-003
   10.8999998681247       4.583160136334971E-003
   10.9099998679012       4.581820234613226E-003
   10.9199998676777       4.580493292821047E-003
   10.9299998674542       4.579150511043009E-003
   10.9399998672307       4.575604832939392E-003
   10.9499998670071       4.574228985783157E-003
   10.9599998667836       4.572788391090455E-003
   10.9699998665601       4.571282456214861E-003
   10.9799998663366       4.569775585354076E-003
   10.9899998661131       4.568283073969072E-003
   10.9999998658895       4.566804922618639E-003
   11.0099998656660       4.565334748476120E-003
   11.0199998654425       4.540960988412390E-003
   11.0299998652190       4.539514506134672E-003
   11.0399998649955       4.538082261648489E-003
   11.0499998647720       4.536664074757266E-003
   11.0599998645484       4.535258909720708E-003
   11.0699998643249       4.530858309985644E-003
   11.0799998641014       4.529478847393209E-003
   11.0899998638779       4.528113618193323E-003
   11.0999998636544       4.516770040647688E-003
   11.1099998634309       4.515424315220216E-003
   11.1199998632073       4.514092794666432E-003
   11.1299998629838       4.512771344495270E-003
   11.1399998627603       4.511439472432264E-003
   11.1499998625368       4.510121384189008E-003
   11.1599998623133       4.508817392267409E-003
   11.1699998620898       4.507527500413990E-003
   11.1799998618662       4.506251002521482E-003
   11.1899998616427       4.504960044513446E-003
   11.1999998614192       4.503680520746785E-003
   11.2099998611957       4.502405501125411E-003
   11.2199998609722       4.501138100000759E-003
   11.2299998607486       4.499884668357477E-003
   11.2399998605251       4.498645208647574E-003
   11.2499998603016       4.497419350162146E-003
   11.2599998600781       4.496201593173253E-003
   11.2699998598546       4.494921909571676E-003
   11.2799998596311       4.493084107517366E-003
   11.2899998594075       4.491829676111498E-003
   11.2999998591840       4.490589041258558E-003
   11.3099998589605       4.489362173433483E-003
   11.3199998587370       4.488148685727382E-003
   11.3299998585135       4.486905234940568E-003
   11.3399998582900       4.485635081429060E-003
   11.3499998580664       4.484378080395792E-003
   11.3599998578429       4.483125121884915E-003
   11.3699998576194       4.481874825674664E-003
   11.3799998573959       4.480637778191181E-003
   11.3899998571724       4.479337398821882E-003
   11.3999998569489       4.477879609918989E-003
   11.4099998567253       4.476604894688783E-003
   11.4199998565018       4.475343547142091E-003
   11.4299998562783       4.474095386776553E-003
   11.4399998560548       4.472860562561026E-003
   11.4499998558313       4.470424883307724E-003
   11.4599998556077       4.469215421527485E-003
   11.4699998553842       4.468019337963386E-003
   11.4799998551607       4.466836488681457E-003
   11.4899998549372       4.465667022760236E-003
   11.4999998547137       4.464510855368762E-003
   11.5099998544902       4.463368049609574E-003
   11.5199998542666       4.462205177892730E-003
   11.5299998540431       4.457042232922047E-003
   11.5399998538196       4.438063591145714E-003
   11.5499998535961       4.428701019977895E-003
   11.5599998533726       4.427534051648941E-003
   11.5699998531491       4.426380262533418E-003
   11.5799998529255       4.425239642369017E-003
   11.5899998527020       4.424112221512930E-003
   11.5999998524785       4.422997977213549E-003
   11.6099998522550       4.421896943161127E-003
   11.6199998520315       4.420809114803925E-003
   11.6299998518080       4.419734499264533E-003
   11.6399998515844       4.418670217182644E-003
   11.6499998513609       4.417594245131764E-003
   11.6599998511374       4.416531486934119E-003
   11.6699998509139       4.415481950530085E-003
   11.6799998506904       4.414427488582922E-003
   11.6899998504668       4.413342343505571E-003
   11.6999998502433       4.412259157405021E-003
   11.7099998500198       4.380053931254933E-003
   11.7199998497963       4.378985161629304E-003
   11.7299998495728       4.377928465615731E-003
   11.7399998493493       4.376886890604358E-003
   11.7499998491257       4.375858207100122E-003
   11.7599998489022       4.363173130980611E-003
   11.7699998486787       4.362148580311551E-003
   11.7799998484552       4.344866913110516E-003
   11.7899998482317       4.343828136159579E-003
   11.7999998480082       4.342714621130936E-003
   11.8099998477846       4.341597277432943E-003
   11.8199998475611       4.340491241346016E-003
   11.8299998473376       4.339396423586901E-003
   11.8399998471141       4.338314120452309E-003
   11.8499998468906       4.337211135636617E-003
   11.8599998466671       4.336091025564392E-003
   11.8699998464435       4.334982243141924E-003
   11.8799998462200       4.333885861211359E-003
   11.8899998459965       4.332801885376807E-003
   11.8999998457730       4.331730319430963E-003
   11.9099998455495       4.300788982606447E-003
   11.9199998453259       4.299737375573098E-003
   11.9299998451024       4.298698060693888E-003
   11.9399998448789       4.297639305805932E-003
   11.9499998446554       4.296569637174448E-003
   11.9599998444319       4.271367589091168E-003
   11.9699998442084       4.270302043299257E-003
   11.9799998439848       4.269241010969838E-003
   11.9899998437613       4.268192134613988E-003
   11.9999998435378       4.267155419393226E-003
   12.0099998433143       4.266122117928741E-003
   12.0199998430908       4.265047656376922E-003
   12.0299998428673       4.263985145770018E-003
   12.0399998426437       4.262908262017955E-003
   12.0499998424202       4.261869638356196E-003
   12.0599998421967       4.260842980289752E-003
   12.0699998419732       4.259769755479237E-003
   12.0799998417497       4.258697375325038E-003
   12.0899998415262       4.257627254605619E-003
   12.0999998413026       4.256576518822128E-003
   12.1099998410791       4.255533806333620E-003
   12.1199998408556       4.254502943673364E-003
   12.1299998406321       4.253483935960416E-003
   12.1399998404086       4.251875432419587E-003
   12.1499998401850       4.250879547688948E-003
   12.1599998399615       4.249886715287663E-003
   12.1699998397380       4.248901066525964E-003
   12.1799998395145       4.247927239365764E-003
   12.1899998392910       4.246965241135743E-003
   12.1999998390675       4.246015076248057E-003
   12.2099998388439       4.245076752085382E-003
   12.2199998386204       4.244150274227369E-003
   12.2299998383969       4.243235648635668E-003
   12.2399998381734       4.242332883376625E-003
   12.2499998379499       4.241441984936671E-003
   12.2599998377264       4.240562959212458E-003
   12.2699998375028       4.239695815663772E-003
   12.2799998372793       4.238840559890578E-003
   12.2899998370558       4.237987056314036E-003
   12.2999998368323       4.237097520768099E-003
   12.3099998366088       4.236165106870155E-003
   12.3199998363853       4.235244332859715E-003
   12.3299998361617       4.234291512582366E-003
   12.3399998359382       4.233320204285415E-003
   12.3499998357147       4.232358918542387E-003
   12.3599998354912       4.231409133340087E-003
   12.3699998352677       4.230470853747780E-003
   12.3799998350441       4.229544085439092E-003
   12.3899998348206       4.228628834848695E-003
   12.3999998345971       4.227725107946427E-003
   12.4099998343736       4.226832912088574E-003
   12.4199998341501       4.225952253321058E-003
   12.4299998339266       4.225076548619933E-003
   12.4399998337030       4.224208356700327E-003
   12.4499998334795       4.213021476478470E-003
   12.4599998332560       4.212172174290990E-003
   12.4699998330325       4.211334352249965E-003
   12.4799998328090       4.210508018478804E-003
   12.4899998325855       4.209693181279352E-003
   12.4999998323619       4.208889472480634E-003
   12.5099998321384       4.208095784228649E-003
   12.5199998319149       4.207313620463002E-003
   12.5299998316914       4.204806656438183E-003
   12.5399998314679       4.204045865172997E-003
   12.5499998312443       4.203294759753499E-003
   12.5599998310208       4.202547698975666E-003
   12.5699998307973       4.201812160701256E-003
   12.5799998305738       4.201088153549200E-003
   12.5899998303503       4.200346935431274E-003
   12.5999998301268       4.199569494283394E-003
   12.6099998299032       4.184013106160376E-003
   12.6199998296797       4.183248164077401E-003
   12.6299998294562       4.182461506963675E-003
   12.6399998292327       4.181680676053190E-003
   12.6499998290092       4.180909051423164E-003
   12.6599998287857       4.180127437149582E-003
   12.6699998285621       4.179353330325925E-003
   12.6799998283386       4.178585796985559E-003
   12.6899998281151       4.177829395796994E-003
   12.6999998278916       4.177079280827127E-003
   12.7099998276681       4.176318639982538E-003
   12.7199998274446       4.175487265092368E-003
   12.7299998272210       4.174666872309427E-003
   12.7399998269975       4.173857467656446E-003
   12.7499998267740       4.173059057971927E-003
   12.7599998265505       4.172271648708482E-003
   12.7699998263270       4.171495249485544E-003
   12.7799998261034       4.170708979788917E-003
   12.7899998258799       4.169885239748846E-003
   12.7999998256564       4.169072321732881E-003
   12.8099998254329       4.168270231313945E-003
   12.8199998252094       4.167434824706726E-003
   12.8299998249859       4.166654357836451E-003
   12.8399998247623       4.165884738484143E-003
   12.8499998245388       4.165125973550633E-003
   12.8599998243153       4.164378070609030E-003
   12.8699998240918       4.163588411830503E-003
   12.8799998238683       4.162808939408215E-003
   12.8899998236448       4.162035271866129E-003
   12.8999998234212       4.136155955046207E-003
   12.9099998231977       4.135329678538783E-003
   12.9199998229742       4.134503816619864E-003
   12.9299998227507       4.133683909543275E-003
   12.9399998225272       4.132870738304990E-003
   12.9499998223037       4.132068076006179E-003
   12.9599998220801       4.131275928620465E-003
   12.9699998218566       4.130494303928308E-003
   12.9799998216331       4.129723206946630E-003
   12.9899998214096       4.128958203765816E-003
   12.9999998211861       4.128202563191285E-003
   13.0099998209625       4.127181835773784E-003
   13.0199998207390       4.126427839288952E-003
   13.0299998205155       4.120032685357720E-003
   13.0399998202920       4.119295874715039E-003
   13.0499998200685       4.088190287220067E-003
   13.0599998198450       4.087445696742823E-003
   13.0699998196214       4.086705638243941E-003
   13.0799998193979       4.085974396021802E-003
   13.0899998191744       4.085250283495512E-003
   13.0999998189509       4.084536575102203E-003
   13.1099998187274       4.083833277262975E-003
   13.1199998185039       4.083140397861911E-003
   13.1299998182803       4.082457944966050E-003
   13.1399998180568       4.081785924753916E-003
   13.1499998178333       4.081124346490766E-003
   13.1599998176098       4.080473218883038E-003
   13.1699998173863       4.079829118561065E-003
   13.1799998171628       4.079163571548086E-003
   13.1899998169392       4.078508367393519E-003
   13.1999998167157       4.077863513042622E-003
   13.2099998164922       4.077229018098769E-003
   13.2199998162687       4.076600537356591E-003
   13.2299998160452       4.075974693596164E-003
   13.2399998158216       4.075313530972239E-003
   13.2499998155981       4.074651367290943E-003
   13.2599998153746       4.073996067259714E-003
   13.2699998151511       4.073349265059228E-003
   13.2799998149276       4.072712694265636E-003
   13.2899998147041       4.072086362855874E-003
   13.2999998144805       4.071470278814836E-003
   13.3099998142570       4.070864450050191E-003
   13.3199998140335       4.070268886773059E-003
   13.3299998138100       4.069653766939497E-003
   13.3399998135865       4.069010654871245E-003
   13.3499998133630       4.068376859046075E-003
   13.3599998131394       4.067700491870313E-003
   13.3699998129159       4.067029404634868E-003
   13.3799998126924       4.063956271459284E-003
   13.3899998124689       4.063302958339730E-003
   13.3999998122454       4.042603180490015E-003
   13.4099998120219       4.041958861444986E-003
   13.4199998117983       4.041321927266399E-003
   13.4299998115748       4.040671832059046E-003
   13.4399998113513       4.027675157699098E-003
   13.4499998111278       4.027031443027742E-003
   13.4599998109043       4.026397612115738E-003
   13.4699998106807       4.025773672174977E-003
   13.4799998104572       4.025159631694364E-003
   13.4899998102337       4.024553609152362E-003
   13.4999998100102       4.023956950597149E-003
   13.5099998097867       4.022463873476520E-003
   13.5199998095632       4.021886120434381E-003
   13.5299998093396       4.018799667285267E-003
   13.5399998091161       3.992833340920338E-003
   13.5499998088926       3.992265259783406E-003
   13.5599998086691       3.991690933735956E-003
   13.5699998084456       3.991108385986405E-003
   13.5799998082221       3.990535688512654E-003
   13.5899998079985       3.989972850361499E-003
   13.5999998077750       3.989419879212290E-003
   13.6099998075515       3.988876785076585E-003
   13.6199998073280       3.988343118218132E-003
   13.6299998071045       3.987817997462580E-003
   13.6399998068810       3.987302773845431E-003
   13.6499998066574       3.986797455425031E-003
   13.6599998064339       3.986302052876575E-003
   13.6699998062104       3.985761741504844E-003
   13.6799998059869       3.985209746758434E-003
   13.6899998057634       3.984665911446474E-003
   13.6999998055398       3.984131745848451E-003
   13.7099998053163       3.983598026917579E-003
   13.7199998050928       3.983067199351367E-003
   13.7299998048693       3.982546075103881E-003
   13.7399998046458       3.982034633521976E-003
   13.7499998044223       3.981496200839171E-003
   13.7599998041987       3.980953329980607E-003
   13.7699998039752       3.980420096888922E-003
   13.7799998037517       3.979896509889677E-003
   13.7899998035282       3.979382578417937E-003
   13.7999998033047       3.959195955797861E-003
   13.8099998030812       3.958695469993788E-003
   13.8199998028576       3.958198292061170E-003
   13.8299998026341       3.957695040880961E-003
   13.8399998024106       3.957196498045416E-003
   13.8499998021871       3.956601842618934E-003
   13.8599998019636       3.956089506902605E-003
   13.8699998017401       3.955581323026547E-003
   13.8799998015165       3.955077556306842E-003
   13.8899998012930       3.954576756909940E-003
   13.8999998010695       3.954069809994631E-003
   13.9099998008460       3.953539072522001E-003
   13.9199998006225       3.952962725039587E-003
   13.9299998003989       3.952384778058106E-003
   13.9399998001754       3.950982118478241E-003
   13.9499997999519       3.950421370150511E-003
   13.9599997997284       3.949869332343092E-003
   13.9699997995049       3.949326553748508E-003
   13.9799997992814       3.948793116272635E-003
   13.9899997990578       3.948269031608572E-003
   13.9999997988343       3.947753767600553E-003
   14.0099997986108       3.943987830641129E-003
   14.0199997983873       3.943485032835962E-003
   14.0299997981638       3.942991614192354E-003
   14.0399997979403       3.942507585504800E-003
   14.0499997977167       3.942032580724978E-003
   14.0599997974932       3.931261246664979E-003
   14.0699997972697       3.930796837009817E-003
   14.0799997970462       3.930306971096396E-003
   14.0899997968227       3.929759067165483E-003
   14.0999997965991       3.929220111568630E-003
   14.1099997963756       3.928673546210923E-003
   14.1199997961521       3.928132293817103E-003
   14.1299997959286       3.927599490920490E-003
   14.1399997957051       3.927075610668914E-003
   14.1499997954816       3.926547220821505E-003
   14.1599997952580       3.926024174195158E-003
   14.1699997950345       3.925509998916707E-003
   14.1799997948110       3.925004762901749E-003
   14.1899997945875       3.924506679422959E-003
   14.1999997943640       3.924013445234080E-003
   14.2099997941405       3.923529069651310E-003
   14.2199997939169       3.923053760344027E-003
   14.2299997936934       3.922587542530533E-003
   14.2399997934699       3.922130345003191E-003
   14.2499997932464       3.921682143674375E-003
   14.2599997930229       3.921243059137090E-003
   14.2699997927994       3.892358669330805E-003
   14.2799997925758       3.891929571233884E-003
   14.2899997923523       3.891509519839366E-003
   14.2999997921288       3.891098523525956E-003
   14.3099997919053       3.890687851523341E-003
   14.3199997916818       3.890276983082732E-003
   14.3299997914582       3.889875129212946E-003
   14.3399997912347       3.889482215596902E-003
   14.3499997910112       3.889098315922960E-003
   14.3599997907877       3.888723456719986E-003
   14.3699997905642       3.888357575992017E-003
   14.3799997903407       3.888000747923296E-003
   14.3899997901171       3.887652982329362E-003
   14.3999997898936       3.887314208520152E-003
   14.4099997896701       3.886957727959816E-003
   14.4199997894466       3.886597544837670E-003
   14.4299997892231       3.881962788459993E-003
   14.4399997889996       3.881616719546234E-003
   14.4499997887760       3.881279679771842E-003
   14.4599997885525       3.872453758186988E-003
   14.4699997883290       3.872099306299442E-003
   14.4799997881055       3.871252221779478E-003
   14.4899997878820       3.870847292524448E-003
   14.4999997876585       3.870448275383112E-003
   14.5099997874349       3.870044903600442E-003
   14.5199997872114       3.869650281136644E-003
   14.5299997869879       3.869246683884218E-003
   14.5399997867644       3.868862961890844E-003
   14.5499997865409       3.868485620139640E-003
   14.5599997863173       3.868117071939757E-003
   14.5699997860938       3.867757334928804E-003
   14.5799997858703       3.867406412497912E-003
   14.5899997856468       3.867031032400401E-003
   14.5999997854233       3.866631209351336E-003
   14.6099997851998       3.834952791810534E-003
   14.6199997849762       3.834556129533632E-003
   14.6299997847527       3.834168109018226E-003
   14.6399997845292       3.833788742400634E-003
   14.6499997843057       3.827916435404271E-003
   14.6599997840822       3.820644111459155E-003
   14.6699997838587       3.818952875753150E-003
   14.6799997836351       3.818596059485042E-003
   14.6899997834116       3.818235709758747E-003
   14.6999997831881       3.817881591086994E-003
   14.7099997829646       3.817536528105855E-003
   14.7199997827411       3.817200102732052E-003
   14.7299997825176       3.816872099203803E-003
   14.7399997822940       3.816550371496196E-003
   14.7499997820705       3.816237313668371E-003
   14.7599997818470       3.815932936040882E-003
   14.7699997816235       3.815626711699085E-003
   14.7799997814000       3.815273153741256E-003
   14.7899997811764       3.814914377067035E-003
   14.7999997809529       3.814564150039230E-003
   14.8099997807294       3.814222484785906E-003
   14.8199997805059       3.813889388657704E-003
   14.8299997802824       3.813564872274210E-003
   14.8399997800589       3.813224290872437E-003
   14.8499997798353       3.812877493027521E-003
   14.8599997796118       3.812533171661239E-003
   14.8699997793883       3.812153906769400E-003
   14.8799997791648       3.811773263393764E-003
   14.8899997789413       3.811401004286993E-003
   14.8999997787178       3.811037137758799E-003
   14.9099997784942       3.810681674017036E-003
   14.9199997782707       3.810334620764058E-003
   14.9299997780472       3.809962606664065E-003
   14.9399997778237       3.809596966548613E-003
   14.9499997776002       3.809239704644063E-003
   14.9599997773767       3.808890828540699E-003
   14.9699997771531       3.808550348777660E-003
   14.9799997769296       3.808218273202507E-003
   14.9899997767061       3.807894612951525E-003
   14.9999997764826       3.781939944004451E-003
