   5.00000000000000       9.410412147582922E-003
   5.00999999977648       9.390074579667992E-003
   5.01999999955297       9.369751144389397E-003
   5.02999999932945       9.292120729443295E-003
   5.03999999910593       9.271987531952732E-003
   5.04999999888241       9.251754922295097E-003
   5.05999999865890       9.231517683929328E-003
   5.06999999843538       9.211426751225936E-003
   5.07999999821186       9.191299939294149E-003
   5.08999999798834       9.156954338906382E-003
   5.09999999776483       9.137287092146134E-003
   5.10999999754131       9.117291211565563E-003
   5.11999999731779       9.074106668029207E-003
   5.12999999709427       9.054745750108667E-003
   5.13999999687076       9.034444923472919E-003
   5.14999999664724       9.015360393140607E-003
   5.15999999642372       8.996413515472571E-003
   5.16999999620020       8.977603531042058E-003
   5.17999999597669       8.958929690653844E-003
   5.18999999575317       8.940277174831165E-003
   5.19999999552965       8.921635483349824E-003
   5.20999999530613       8.903118137882138E-003
   5.21999999508262       8.884720122053370E-003
   5.22999999485910       8.866454064427985E-003
   5.23999999463558       8.848319257711961E-003
   5.24999999441206       8.830261016617859E-003
   5.25999999418855       8.787814620110549E-003
   5.26999999396503       8.769693243115077E-003
   5.27999999374151       8.751699893902754E-003
   5.28999999351799       8.733804119062778E-003
   5.29999999329448       8.715962216489301E-003
   5.30999999307096       8.698241716304267E-003
   5.31999999284744       8.680538864675269E-003
   5.32999999262393       8.662924705431337E-003
   5.33999999240041       8.645434454211969E-003
   5.34999999217689       8.628067461028632E-003
   5.35999999195337       8.610823080423127E-003
   5.36999999172986       8.537897188132408E-003
   5.37999999150634       8.520966961698261E-003
   5.38999999128282       8.504156554801827E-003
   5.39999999105930       8.487465356078592E-003
   5.40999999083579       8.470892757709516E-003
   5.41999999061227       8.454425201321546E-003
   5.42999999038875       8.438073696776755E-003
   5.43999999016523       8.421838937493041E-003
   5.44999998994172       8.405720266783608E-003
   5.45999998971820       8.389675202971545E-003
   5.46999998949468       8.373680955110421E-003
   5.47999998927116       8.357763173752116E-003
   5.48999998904765       8.341621381482965E-003
   5.49999998882413       8.316013124633943E-003
   5.50999998860061       8.300077483191799E-003
   5.51999998837709       8.284253470300779E-003
   5.52999998815358       8.264665185669189E-003
   5.53999998793006       8.249056557674283E-003
   5.54999998770654       8.233550469310454E-003
   5.55999998748302       8.218115322680507E-003
   5.56999998725951       8.202782934182758E-003
   5.57999998703599       8.187554703615627E-003
   5.58999998681247       8.172351618816758E-003
   5.59999998658895       8.157043556736920E-003
   5.60999998636544       8.141841066481869E-003
   5.61999998614192       8.126672669338027E-003
   5.62999998591840       8.109921490576320E-003
   5.63999998569489       8.094765941410523E-003
   5.64999998547137       8.079708483400751E-003
   5.65999998524785       8.064754419230278E-003
   5.66999998502433       8.049902723792517E-003
   5.67999998480082       7.996130445883629E-003
   5.68999998457730       7.981324208669822E-003
   5.69999998435378       7.929296005845606E-003
   5.70999998413026       7.914698368245286E-003
   5.71999998390675       7.900199644085264E-003
   5.72999998368323       7.885796137573453E-003
   5.73999998345971       7.871403282527329E-003
   5.74999998323619       7.857081474518302E-003
   5.75999998301268       7.842508559454188E-003
   5.76999998278916       7.827910764454287E-003
   5.77999998256564       7.813331182852833E-003
   5.78999998234212       7.796272290137972E-003
   5.79999998211861       7.781699595382495E-003
   5.80999998189509       7.767221491304232E-003
   5.81999998167157       7.749975663162860E-003
   5.82999998144805       7.735680761109320E-003
   5.83999998122454       7.721478224574553E-003
   5.84999998100102       7.705270394894232E-003
   5.85999998077750       7.691249797532045E-003
   5.86999998055398       7.677305959055537E-003
   5.87999998033047       7.663431763197911E-003
   5.88999998010695       7.649619815515740E-003
   5.89999997988343       7.635877339271423E-003
   5.90999997965991       7.622224670740691E-003
   5.91999997943640       7.608661422296633E-003
   5.92999997921288       7.595187186243738E-003
   5.93999997898936       7.581801577219352E-003
   5.94999997876585       7.568504235379802E-003
   5.95999997854233       7.506918832631932E-003
   5.96999997831881       7.493844026364204E-003
   5.97999997809529       7.480855976262916E-003
   5.98999997787178       7.467760040760191E-003
   5.99999997764826       7.454931146811361E-003
   6.00999997742474       7.442070716395234E-003
   6.01999997720122       7.429271999089268E-003
   6.02999997697771       7.416543263011422E-003
   6.03999997675419       7.403762269638920E-003
   6.04999997653067       7.391065506884321E-003
   6.05999997630715       7.378409460379764E-003
   6.06999997608364       7.365695523231274E-003
   6.07999997586012       7.353064383161587E-003
   6.08999997563660       7.340515689724738E-003
   6.09999997541308       7.328049089551636E-003
   6.10999997518957       7.315663791814561E-003
   6.11999997496605       7.303347935634646E-003
   6.12999997474253       7.290910039866962E-003
   6.13999997451901       7.278501071653926E-003
   6.14999997429550       7.266123185116580E-003
   6.15999997407198       7.253806604390807E-003
   6.16999997384846       7.241569491315283E-003
   6.17999997362494       7.229411502374973E-003
   6.18999997340143       7.217320952789361E-003
   6.19999997317791       7.205291094475166E-003
   6.20999997295439       7.149106742940581E-003
   6.21999997273088       7.137299895866550E-003
   6.22999997250736       7.125542167833683E-003
   6.23999997228384       7.090789967299406E-003
   6.24999997206032       7.079126242186634E-003
   6.25999997183681       7.067537571260685E-003
   6.26999997161329       7.056023641449759E-003
   6.27999997138977       7.044584145729862E-003
   6.28999997116625       7.033218779377104E-003
   6.29999997094274       7.021927241939851E-003
   6.30999997071922       7.010709234690320E-003
   6.31999997049570       6.999550591206118E-003
   6.32999997027218       6.988381358350105E-003
   6.33999997004867       6.977219535282066E-003
   6.34999996982515       6.956106697682675E-003
   6.35999996960163       6.945076391844197E-003
   6.36999996937811       6.934117400016956E-003
   6.37999996915460       6.923229435458460E-003
   6.38999996893108       6.911831383378944E-003
   6.39999996870756       6.901083983724343E-003
   6.40999996848404       6.890390304709301E-003
   6.41999996826053       6.879729733255238E-003
   6.42999996803701       6.868842552973486E-003
   6.43999996781349       6.857976714704137E-003
   6.44999996758997       6.847155324103008E-003
   6.45999996736646       6.836349448792792E-003
   6.46999996714294       6.825486715359463E-003
   6.47999996691942       6.814655911472628E-003
   6.48999996669590       6.803881178751080E-003
   6.49999996647239       6.793166267726743E-003
   6.50999996624887       6.782518145517345E-003
   6.51999996602535       6.771920153469881E-003
   6.52999996580184       6.761380979406099E-003
   6.53999996557832       6.750907891593321E-003
   6.54999996535480       6.740500629753069E-003
   6.55999996513128       6.730112344926127E-003
   6.56999996490777       6.719670356622558E-003
   6.57999996468425       6.709293702326526E-003
   6.58999996446073       6.698982126321740E-003
   6.59999996423721       6.688735371600950E-003
   6.60999996401370       6.678383800575303E-003
   6.61999996379018       6.668066951158022E-003
   6.62999996356666       6.657691885187516E-003
   6.63999996334314       6.647300375983028E-003
   6.64999996311963       6.636944366941527E-003
   6.65999996289611       6.626615008957962E-003
   6.66999996267259       6.616344115722112E-003
   6.67999996244907       6.606132133955012E-003
   6.68999996222556       6.595982381528930E-003
   6.69999996200204       6.585888051215229E-003
   6.70999996177852       6.564524410440184E-003
   6.71999996155500       6.554556757653760E-003
   6.72999996133149       6.544650149516157E-003
   6.73999996110797       6.534804356198140E-003
   6.74999996088445       6.524847231029564E-003
   6.75999996066093       6.515035483812483E-003
   6.76999996043742       6.505234640193135E-003
   6.77999996021390       6.495493321776503E-003
   6.78999995999038       6.485811303377183E-003
   6.79999995976686       6.476188332314814E-003
   6.80999995954335       6.466624097579330E-003
   6.81999995931983       6.456831102337198E-003
   6.82999995909631       6.447373751882620E-003
   6.83999995887280       6.410642043552101E-003
   6.84999995864928       6.401243318351958E-003
   6.85999995842576       6.391884625340309E-003
   6.86999995820224       6.382578477247892E-003
   6.87999995797873       6.373326192793597E-003
   6.88999995775521       6.364130699486267E-003
   6.89999995753169       6.354991796757514E-003
   6.90999995730817       6.345909281015047E-003
   6.91999995708466       6.336878145748059E-003
   6.92999995686114       6.327900915001608E-003
   6.93999995663762       6.286919301883333E-003
   6.94999995641410       6.278098495284087E-003
   6.95999995619059       6.208873725728643E-003
   6.96999995596707       6.200160001576638E-003
   6.97999995574355       6.154069522501353E-003
   6.98999995552003       6.145474812266503E-003
   6.99999995529652       6.136933612144725E-003
   7.00999995507300       6.128399146055815E-003
   7.01999995484948       6.119913375246660E-003
   7.02999995462596       6.111474945615969E-003
   7.03999995440245       6.103089130209932E-003
   7.04999995417893       6.094752030112388E-003
   7.05999995395541       6.086317186130586E-003
   7.06999995373189       6.077862923895370E-003
   7.07999995350838       6.065176928534096E-003
   7.08999995328486       6.056594738556315E-003
   7.09999995306134       6.047964025045582E-003
   7.10999995283782       6.039330506668650E-003
   7.11999995261431       6.030686022882721E-003
   7.12999995239079       6.022039829016833E-003
   7.13999995216727       6.013443809459622E-003
   7.14999995194376       6.004896921560883E-003
   7.15999995172024       5.996394479761446E-003
   7.16999995149672       5.987905950799238E-003
   7.17999995127320       5.979466200771003E-003
   7.18999995104969       5.971073593224853E-003
   7.19999995082617       5.962721591735452E-003
   7.20999995060265       5.954410019323584E-003
   7.21999995037913       5.946145577361361E-003
   7.22999995015562       5.937929600182960E-003
   7.23999994993210       5.929760863054008E-003
   7.24999994970858       5.921639433842164E-003
   7.25999994948506       5.913565959273508E-003
   7.26999994926155       5.905538685065805E-003
   7.27999994903803       5.897559017045864E-003
   7.28999994881451       5.889626022726547E-003
   7.29999994859099       5.881739723236984E-003
   7.30999994836748       5.873887853380268E-003
   7.31999994814396       5.866061093259811E-003
   7.32999994792044       5.858280889725141E-003
   7.33999994769692       5.843306089429015E-003
   7.34999994747341       5.835612746697538E-003
   7.35999994724989       5.827943508054593E-003
   7.36999994702637       5.819413521233650E-003
   7.37999994680285       5.810902290343128E-003
   7.38999994657934       5.803128737756203E-003
   7.39999994635582       5.795287129975742E-003
   7.40999994613230       5.787448695078346E-003
   7.41999994590878       5.779653454194936E-003
   7.42999994568527       5.771902901880605E-003
   7.43999994546175       5.764197164606909E-003
   7.44999994523823       5.756516127872590E-003
   7.45999994501472       5.748870811553146E-003
   7.46999994479120       5.741269755441099E-003
   7.47999994456768       5.733712807857712E-003
   7.48999994434416       5.726199829339721E-003
   7.49999994412065       5.718730664654728E-003
   7.50999994389713       5.711305216347674E-003
   7.51999994367361       5.703923363387413E-003
   7.52999994345009       5.696584979113444E-003
   7.53999994322658       5.689214248180022E-003
   7.54999994300306       5.681833352249174E-003
   7.55999994277954       5.674438002744908E-003
   7.56999994255602       5.667128831965538E-003
   7.57999994233251       5.639025480483548E-003
   7.58999994210899       5.631789357151434E-003
   7.59999994188547       5.624557005439997E-003
   7.60999994166195       5.617366645589937E-003
   7.61999994143844       5.610218150558068E-003
   7.62999994121492       5.603105959192707E-003
   7.63999994099140       5.595967560323946E-003
   7.64999994076788       5.588794328644665E-003
   7.65999994054437       5.581586225476386E-003
   7.66999994032085       5.574418941512095E-003
   7.67999994009733       5.567292481539805E-003
   7.68999993987381       5.560203346795037E-003
   7.69999993965030       5.553136746377235E-003
   7.70999993942678       5.546110436689559E-003
   7.71999993920326       5.539124292741345E-003
   7.72999993897974       5.532178192211378E-003
   7.73999993875623       5.525272013897050E-003
   7.74999993853271       5.518358797587263E-003
   7.75999993830919       5.511452518241787E-003
   7.76999993808568       5.504585909395107E-003
   7.77999993786216       5.497758851740474E-003
   7.78999993763864       5.490969754030579E-003
   7.79999993741512       5.484194166492025E-003
   7.80999993719161       5.477441808094926E-003
   7.81999993696809       5.470728512744522E-003
   7.82999993674457       5.464052722083567E-003
   7.83999993652105       5.457394869472315E-003
   7.84999993629754       5.450794707138729E-003
   7.85999993607402       5.409308900652352E-003
   7.86999993585050       5.402822754335371E-003
   7.87999993562698       5.396374683422411E-003
   7.88999993540347       5.389918990294619E-003
   7.89999993517995       5.383484017106949E-003
   7.90999993495643       5.377072781723106E-003
   7.91999993473291       5.370696797355611E-003
   7.92999993450940       5.364353315621322E-003
   7.93999993428588       5.358019713642348E-003
   7.94999993406236       5.351639537099725E-003
   7.95999993383884       5.345215730353826E-003
   7.96999993361533       5.338828411091467E-003
   7.97999993339181       5.332477443559830E-003
   7.98999993316829       5.326162721977540E-003
   7.99999993294477       5.319880204472043E-003
   8.00999993272126       5.313623855050348E-003
   8.01999993249774       5.307403381341756E-003
   8.02999993227422       5.301218680870252E-003
   8.03999993205070       5.295069652951399E-003
   8.04999993182719       5.288956197881809E-003
   8.05999993160367       5.282878216722071E-003
   8.06999993138015       5.276835612076469E-003
   8.07999993115664       5.265446607390189E-003
   8.08999993093312       5.259466246661085E-003
   8.09999993070960       5.253486048341170E-003
   8.10999993048608       5.247527505821138E-003
   8.11999993026257       5.228711302808080E-003
   8.12999993003905       5.222640841938727E-003
   8.13999992981553       5.216604722399799E-003
   8.14999992959201       5.175310945767711E-003
   8.15999992936850       5.169274580878877E-003
   8.16999992914498       5.163272117417949E-003
   8.17999992892146       5.157293283991741E-003
   8.18999992869794       5.151347941598444E-003
   8.19999992847443       5.145436173632037E-003
   8.20999992825091       5.139483145071308E-003
   8.21999992802739       5.133494615139607E-003
   8.22999992780387       5.127535591150850E-003
   8.23999992758036       5.121609669447674E-003
   8.24999992735684       5.115715249330344E-003
   8.25999992713332       5.109846176500022E-003
   8.26999992690980       5.103585579233220E-003
   8.27999992668629       5.069224735798386E-003
   8.28999992646277       5.063348995905935E-003
   8.29999992623925       5.057503677258298E-003
   8.30999992601573       5.051690298591733E-003
   8.31999992579222       5.045904717949585E-003
   8.32999992556870       5.040140031431437E-003
   8.33999992534518       5.034361421733165E-003
   8.34999992512167       5.028522917114606E-003
   8.35999992489815       5.022704084856688E-003
   8.36999992467463       5.004554722814370E-003
   8.37999992445111       4.998748225121361E-003
   8.38999992422760       4.992973052005993E-003
   8.39999992400408       4.987222289153118E-003
   8.40999992378056       4.981502637205126E-003
   8.41999992355704       4.975814020126083E-003
   8.42999992333353       4.970156352382296E-003
   8.43999992311001       4.964529550131898E-003
   8.44999992288649       4.958933530414969E-003
   8.45999992266297       4.953364809046053E-003
   8.46999992243946       4.947824166447691E-003
   8.47999992221594       4.942314035585531E-003
   8.48999992199242       4.936834336596732E-003
   8.49999992176890       4.931384989766810E-003
   8.50999992154539       4.925965917202433E-003
   8.51999992132187       4.920574201637224E-003
   8.52999992109835       4.915210241752577E-003
   8.53999992087483       4.909876301814312E-003
   8.54999992065132       4.904558017988538E-003
   8.55999992042780       4.899244477562621E-003
   8.56999992020428       4.884673981131660E-003
   8.57999991998076       4.879220762222515E-003
   8.58999991975725       4.873989594866628E-003
   8.59999991953373       4.867118785799965E-003
   8.60999991931021       4.861914127334666E-003
   8.61999991908669       4.856738731853032E-003
   8.62999991886318       4.851590291118770E-003
   8.63999991863966       4.846469272053075E-003
   8.64999991841614       4.841365656698352E-003
   8.65999991819263       4.809846956041783E-003
   8.66999991796911       4.804823947601502E-003
   8.67999991774559       4.779674342773200E-003
   8.68999991752207       4.774701039718034E-003
   8.69999991729856       4.769747925194036E-003
   8.70999991707504       4.764753373259197E-003
   8.71999991685152       4.759786868793144E-003
   8.72999991662800       4.754841330425949E-003
   8.73999991640449       4.749823194607675E-003
   8.74999991618097       4.744788136623976E-003
   8.75999991595745       4.739780596613145E-003
   8.76999991573393       4.734718459839510E-003
   8.77999991551042       4.729763112933359E-003
   8.78999991528690       4.724835075567453E-003
   8.79999991506338       4.719934282606715E-003
   8.80999991483986       4.715060115779420E-003
   8.81999991461635       4.707136295627730E-003
   8.82999991439283       4.699929283083152E-003
   8.83999991416931       4.695013330304768E-003
   8.84999991394579       4.690123605797826E-003
   8.85999991372228       4.685259325077470E-003
   8.86999991349876       4.680421735904602E-003
   8.87999991327524       4.675548342720335E-003
   8.88999991305172       4.670696410624129E-003
   8.89999991282821       4.665870359158045E-003
   8.90999991260469       4.661070791418832E-003
   8.91999991238117       4.656295953642767E-003
   8.92999991215765       4.649880532477927E-003
   8.93999991193414       4.645128063228543E-003
   8.94999991171062       4.640371170284962E-003
   8.95999991148710       4.635616518606537E-003
   8.96999991126359       4.630851564147091E-003
   8.97999991104007       4.626104992747059E-003
   8.98999991081655       4.621383573246326E-003
   8.99999991059303       4.616687504445085E-003
   9.00999991036952       4.612017116808864E-003
   9.01999991014600       4.607371759487223E-003
   9.02999990992248       4.602751654960975E-003
   9.03999990969896       4.598157051282862E-003
   9.04999990947545       4.593523300329781E-003
   9.05999990925193       4.588911212736966E-003
   9.06999990902841       4.584324153367591E-003
   9.07999990880489       4.579761652767209E-003
   9.08999990858138       4.575211881285065E-003
   9.09999990835786       4.570660208936539E-003
   9.10999990813434       4.566122403135039E-003
   9.11999990791082       4.561531889756716E-003
   9.12999990768731       4.556896422311646E-003
   9.13999990746379       4.552245998311391E-003
   9.14999990724027       4.547619853225836E-003
   9.15999990701675       4.543015538374761E-003
   9.16999990679324       4.538432290450388E-003
   9.17999990656972       4.533873517870074E-003
   9.18999990634620       4.529338990213198E-003
   9.19999990612268       4.524828821480658E-003
   9.20999990589917       4.488803864654041E-003
   9.21999990567565       4.484363629601578E-003
   9.22999990545213       4.479932416622405E-003
   9.23999990522861       4.475447342287560E-003
   9.24999990500510       4.470977338274081E-003
   9.25999990478158       4.466517517938444E-003
   9.26999990455806       4.462081258531301E-003
   9.27999990433455       4.457668452387727E-003
   9.28999990411103       4.453279108353105E-003
   9.29999990388751       4.448913170852974E-003
   9.30999990366399       4.444570568926501E-003
   9.31999990344048       4.440251276558282E-003
   9.32999990321696       4.435955247449986E-003
   9.33999990299344       4.431682433759638E-003
   9.34999990276992       4.427432787566082E-003
   9.35999990254641       4.423206262568717E-003
   9.36999990232289       4.400756642918849E-003
   9.37999990209937       4.396536217340978E-003
   9.38999990187585       4.392338449185549E-003
   9.39999990165234       4.388140900089653E-003
   9.40999990142882       4.383968113666525E-003
   9.41999990120530       4.379817484067789E-003
   9.42999990098178       4.375689265900685E-003
   9.43999990075827       4.371583414006368E-003
   9.44999990053475       4.366872436532437E-003
   9.45999990031123       4.362810554040753E-003
   9.46999990008771       4.358770902182150E-003
   9.47999989986420       4.354734617971367E-003
   9.48999989964068       4.350639155164042E-003
   9.49999989941716       4.346565685457679E-003
   9.50999989919364       4.342514189414730E-003
   9.51999989897013       4.338484610301237E-003
   9.52999989874661       4.325441199059765E-003
   9.53999989852309       4.321436456481843E-003
   9.54999989829957       4.317439824822431E-003
   9.55999989807606       4.313464114476876E-003
   9.56999989785254       4.309477429558778E-003
   9.57999989762902       4.305496123810899E-003
   9.58999989740551       4.301502639044949E-003
   9.59999989718199       4.269332365949987E-003
   9.60999989695847       4.265389658148111E-003
   9.61999989673495       4.261459554907599E-003
   9.62999989651144       4.257535527900958E-003
   9.63999989628792       4.253632806145081E-003
   9.64999989606440       4.249751349088659E-003
   9.65999989584088       4.245859052734055E-003
   9.66999989561737       4.241972138842027E-003
   9.67999989539385       4.238089160316758E-003
   9.68999989517033       4.234227081853422E-003
   9.69999989494681       4.230364634965600E-003
   9.70999989472330       4.226463798226160E-003
   9.71999989449978       4.222583589754558E-003
   9.72999989427626       4.218723967888026E-003
   9.73999989405274       4.214884892972651E-003
   9.74999989382923       4.211066324847568E-003
   9.75999989360571       4.207268223422523E-003
   9.76999989338219       4.203490550011836E-003
   9.77999989315867       4.199733265695928E-003
   9.78999989293516       4.195989743748530E-003
   9.79999989271164       4.192260285466391E-003
   9.80999989248812       4.188551052754064E-003
   9.81999989226460       4.184862008114033E-003
   9.82999989204109       4.181193114939846E-003
   9.83999989181757       4.177544337019487E-003
   9.84999989159405       4.173915637624131E-003
   9.85999989137053       4.170306982384128E-003
   9.86999989114702       4.166718335570066E-003
   9.87999989092350       4.163149661624465E-003
   9.88999989069998       4.159600927997069E-003
   9.89999989047647       4.156071523846090E-003
   9.90999989025295       4.152535684203029E-003
   9.91999989002943       4.148952830148411E-003
   9.92999988980591       4.145389685079768E-003
   9.93999988958240       4.141846215808695E-003
   9.94999988935888       4.138259771760289E-003
   9.95999988913536       4.134653927399055E-003
   9.96999988891184       4.131067526862974E-003
   9.97999988868833       4.116440821753202E-003
   9.98999988846481       4.112901755461075E-003
   9.99999988824129       4.109381937331446E-003
   10.0099998880178       4.105837686904935E-003
   10.0199998877943       4.102298194609353E-003
   10.0299998875707       4.098777720149369E-003
   10.0399998873472       4.095276229055268E-003
   10.0499998871237       4.091793687575882E-003
   10.0599998869002       4.088303709714591E-003
   10.0699998866767       4.084790341426040E-003
   10.0799998864532       4.081295814914088E-003
   10.0899998862296       4.077819518492421E-003
   10.0999998860061       4.074361862413427E-003
   10.1099998857826       4.070867641284606E-003
   10.1199998855591       4.067348177631075E-003
   10.1299998853356       4.063847269803775E-003
   10.1399998851120       4.060058062745189E-003
   10.1499998848885       4.056508333112430E-003
   10.1599998846650       4.052966229091056E-003
   10.1699998844415       4.023352000751173E-003
   10.1799998842180       4.019850559812845E-003
   10.1899998839945       4.016367208438517E-003
   10.1999998837709       4.012901912761765E-003
   10.2099998835474       4.009450003484686E-003
   10.2199998833239       4.005982448279231E-003
   10.2299998831004       4.002525192760530E-003
   10.2399998828769       3.984886872776607E-003
   10.2499998826534       3.981461493977498E-003
   10.2599998824298       3.956488292085968E-003
   10.2699998822063       3.953098109290402E-003
   10.2799998819828       3.949689279260031E-003
   10.2899998817593       3.946297087698943E-003
   10.2999998815358       3.942918181052937E-003
   10.3099998813123       3.939554413661696E-003
   10.3199998810887       3.936208050466783E-003
   10.3299998808652       3.932879060973704E-003
   10.3399998806417       3.929567414016131E-003
   10.3499998804182       3.926273079266546E-003
   10.3599998801947       3.922996026881545E-003
   10.3699998799711       3.919736226612519E-003
   10.3799998797476       3.915587921283559E-003
   10.3899998795241       3.912355988713261E-003
   10.3999998793006       3.909141196938773E-003
   10.4099998790771       3.905943517511070E-003
   10.4199998788536       3.902762921024558E-003
   10.4299998786300       3.892754293663822E-003
   10.4399998784065       3.889603734138871E-003
   10.4499998781830       3.886470154335167E-003
   10.4599998779595       3.883352413517937E-003
   10.4699998777360       3.880222274518231E-003
   10.4799998775125       3.877101119008117E-003
   10.4899998772889       3.873996712156195E-003
   10.4999998770654       3.865279238590964E-003
   10.5099998768419       3.862204133586930E-003
   10.5199998766184       3.859145681821930E-003
   10.5299998763949       3.856103856129130E-003
   10.5399998761714       3.853075573675816E-003
   10.5499998759478       3.850062593539328E-003
   10.5599998757243       3.846920600668807E-003
   10.5699998755008       3.843879518025677E-003
   10.5799998752773       3.840854781797316E-003
   10.5899998750538       3.837846368095246E-003
   10.5999998748302       3.834854251571236E-003
   10.6099998746067       3.831876088896646E-003
   10.6199998743832       3.828912706954806E-003
   10.6299998741597       3.825964613086688E-003
   10.6399998739362       3.823030613505052E-003
   10.6499998737127       3.820112788288635E-003
   10.6599998734891       3.817211113777897E-003
   10.6699998732656       3.814268090598025E-003
   10.6799998730421       3.811311938507655E-003
   10.6899998728186       3.808371525108337E-003
   10.6999998725951       3.805419851650537E-003
   10.7099998723716       3.802405739727737E-003
   10.7199998721480       3.799407372550545E-003
   10.7299998719245       3.796424725664969E-003
   10.7399998717010       3.793444059302261E-003
   10.7499998714775       3.790446267520338E-003
   10.7599998712540       3.787450745450952E-003
   10.7699998710304       3.784463957827586E-003
   10.7799998708069       3.781492779546282E-003
   10.7899998705834       3.778537186105662E-003
   10.7999998703599       3.775595668110669E-003
   10.8099998701364       3.746164968092864E-003
   10.8199998699129       3.743262392371290E-003
   10.8299998696893       3.740375180625743E-003
   10.8399998694658       3.737503310734096E-003
   10.8499998692423       3.734646761094798E-003
   10.8599998690188       3.731803512078213E-003
   10.8699998687953       3.728975393932838E-003
   10.8799998685718       3.726162499866396E-003
   10.8899998683482       3.723364436020225E-003
   10.8999998681247       3.720581578724480E-003
   10.9099998679012       3.717812843086522E-003
   10.9199998676777       3.715057679638274E-003
   10.9299998674542       3.712292758795798E-003
   10.9399998672307       3.707338120356651E-003
   10.9499998670071       3.704553142070853E-003
   10.9599998667836       3.701717536907209E-003
   10.9699998665601       3.698828738238436E-003
   10.9799998663366       3.695941506029185E-003
   10.9899998661131       3.693069051136008E-003
   10.9999998658895       3.690211350439970E-003
   11.0099998656660       3.687363598772351E-003
   11.0199998654425       3.664279917836819E-003
   11.0299998652190       3.661474328925491E-003
   11.0399998649955       3.658683283708045E-003
   11.0499998647720       3.655906610053767E-003
   11.0599998645484       3.653143421466667E-003
   11.0699998643249       3.649122896945060E-003
   11.0799998641014       3.646387479638121E-003
   11.0899998638779       3.643666497290963E-003
   11.0999998636544       3.635693102891311E-003
   11.1099998634309       3.632996387881682E-003
   11.1199998632073       3.630314029883349E-003
   11.1299998629838       3.627642684859469E-003
   11.1399998627603       3.624965860527391E-003
   11.1499998625368       3.622303002513186E-003
   11.1599998623133       3.619654349225423E-003
   11.1699998620898       3.617019880614541E-003
   11.1799998618662       3.614398990589079E-003
   11.1899998616427       3.611763831728083E-003
   11.1999998614192       3.609140619704024E-003
   11.2099998611957       3.606524301735828E-003
   11.2199998609722       3.603917131367810E-003
   11.2299998607486       3.601323961426854E-003
   11.2399998605251       3.598744773025301E-003
   11.2499998603016       3.596179238718935E-003
   11.2599998600781       3.593622851826226E-003
   11.2699998598546       3.591018492869939E-003
   11.2799998596311       3.587858412004752E-003
   11.2899998594075       3.585280787691041E-003
   11.2999998591840       3.582716935655077E-003
   11.3099998589605       3.580166810304835E-003
   11.3199998587370       3.577630074075869E-003
   11.3299998585135       3.575072178521922E-003
   11.3399998582900       3.572495744476691E-003
   11.3499998580664       3.569932516050483E-003
   11.3599998578429       3.567375213866799E-003
   11.3699998576194       3.564822726837919E-003
   11.3799998573959       3.562283481313763E-003
   11.3899998571724       3.559694112325298E-003
   11.3999998569489       3.557063707892749E-003
   11.4099998567253       3.554500231718299E-003
   11.4199998565018       3.551950075237905E-003
   11.4299998562783       3.549413071446537E-003
   11.4399998560548       3.546889322470711E-003
   11.4499998558313       3.543926280946317E-003
   11.4599998556077       3.541428424543066E-003
   11.4699998553842       3.538943799830508E-003
   11.4799998551607       3.536472270544030E-003
   11.4899998549372       3.534013938945783E-003
   11.4999998547137       3.531568716253537E-003
   11.5099998544902       3.529136635492730E-003
   11.5199998542666       3.526690616787449E-003
   11.5299998540431       3.522486135639615E-003
   11.5399998538196       3.509397223538178E-003
   11.5499998535961       3.502824989080203E-003
   11.5599998533726       3.500392803537167E-003
   11.5699998531491       3.497973578967738E-003
   11.5799998529255       3.495567287409382E-003
   11.5899998527020       3.493173934519122E-003
   11.5999998524785       3.490793483881535E-003
   11.6099998522550       3.488425943216571E-003
   11.6199998520315       3.486071290638717E-003
   11.6299998518080       3.483729512809960E-003
   11.6399998515844       3.481398233735603E-003
   11.6499998513609       3.479059420008598E-003
   11.6599998511374       3.476733449373048E-003
   11.6699998509139       3.474420308953098E-003
   11.6799998506904       3.472105742997387E-003
   11.6899998504668       3.469769534442850E-003
   11.6999998502433       3.467437292160191E-003
   11.7099998500198       3.443110535163157E-003
   11.7199998497963       3.440803751373269E-003
   11.7299998495728       3.438507650448195E-003
   11.7399998493493       3.436226282702912E-003
   11.7499998491257       3.433957401895713E-003
   11.7599998489022       3.426242299955086E-003
   11.7699998486787       3.423985504892240E-003
   11.7799998484552       3.407364140916813E-003
   11.7899998482317       3.405112131673650E-003
   11.7999998480082       3.402801909883638E-003
   11.8099998477846       3.400490845799700E-003
   11.8199998475611       3.398191083968188E-003
   11.8299998473376       3.395902545008291E-003
   11.8399998471141       3.393626131557176E-003
   11.8499998468906       3.391334233149920E-003
   11.8599998466671       3.389030612309832E-003
   11.8699998464435       3.386738185482819E-003
   11.8799998462200       3.384457773982052E-003
   11.8899998459965       3.382189365945363E-003
   11.8999998457730       3.379932946398620E-003
   11.9099998455495       3.354072844388997E-003
   11.9199998453259       3.351849654038909E-003
   11.9299998451024       3.349638307054715E-003
   11.9399998448789       3.347412534811025E-003
   11.9499998446554       3.345179409907150E-003
   11.9599998444319       3.327375731808929E-003
   11.9699998442084       3.325155942281556E-003
   11.9799998439848       3.322942035454521E-003
   11.9899998437613       3.320739833493228E-003
   11.9999998435378       3.318549323583782E-003
   12.0099998433143       3.316363698596377E-003
   12.0199998430908       3.314148429398206E-003
   12.0299998428673       3.311944678974606E-003
   12.0399998426437       3.309744834313986E-003
   12.0499998424202       3.307564071750526E-003
   12.0599998421967       3.305394791257380E-003
   12.0699998419732       3.303189992798744E-003
   12.0799998417497       3.300987762928929E-003
   12.0899998415262       3.298794231117700E-003
   12.0999998413026       3.296613344325393E-003
   12.1099998410791       3.294441172016078E-003
   12.1199998408556       3.292280344686171E-003
   12.1299998406321       3.290130849656012E-003
   12.1399998404086       3.287785186589878E-003
   12.1499998401850       3.285658091070838E-003
   12.1599998399615       3.283535479921779E-003
   12.1699998397380       3.281420536404972E-003
   12.1799998395145       3.279316831084115E-003
   12.1899998392910       3.277224353893717E-003
   12.1999998390675       3.275143092755554E-003
   12.2099998388439       3.273073037936970E-003
   12.2199998386204       3.271014177999297E-003
   12.2299998383969       3.268966502874258E-003
   12.2399998381734       3.266930002464969E-003
   12.2499998379499       3.264904667415796E-003
   12.2599998377264       3.262890486106645E-003
   12.2699998375028       3.260887450828314E-003
   12.2799998372793       3.258895550654743E-003
   12.2899998370558       3.256906578248605E-003
   12.2999998368323       3.254890876001032E-003
   12.3099998366088       3.252843796483176E-003
   12.3199998363853       3.250807674789954E-003
   12.3299998361617       3.248748830390369E-003
   12.3399998359382       3.246678384470127E-003
   12.3499998357147       3.244617754907042E-003
   12.3599998354912       3.242567962800517E-003
   12.3699998352677       3.240528997349616E-003
   12.3799998350441       3.238500848055800E-003
   12.3899998348206       3.236483505258542E-003
   12.3999998345971       3.234476958457780E-003
   12.4099998343736       3.232481198855978E-003
   12.4199998341501       3.230496216439862E-003
   12.4299998339266       3.228516963798347E-003
   12.4399998337030       3.226545387707661E-003
   12.4499998334795       3.215457183638843E-003
   12.4599998332560       3.213512854898185E-003
   12.4699998330325       3.211579174809601E-003
   12.4799998328090       3.209656134597292E-003
   12.4899998325855       3.207743725832003E-003
   12.4999998323619       3.205841683390317E-003
   12.5099998321384       3.203949234842319E-003
   12.5199998319149       3.202067397190844E-003
   12.5299998316914       3.199530288129791E-003
   12.5399998314679       3.197668972251919E-003
   12.5499998312443       3.195816827816181E-003
   12.5599998310208       3.193969552389697E-003
   12.5699998307973       3.192132823522171E-003
   12.5799998305738       3.190306632975914E-003
   12.5899998303503       3.188468702841413E-003
   12.5999998301268       3.186603736621600E-003
   12.6099998299032       3.176482336816928E-003
   12.6199998296797       3.174633750179534E-003
   12.6299998294562       3.172770687138464E-003
   12.6399998292327       3.170913867540704E-003
   12.6499998290092       3.169065460424602E-003
   12.6599998287857       3.167207694221710E-003
   12.6699998285621       3.165357398649826E-003
   12.6799998283386       3.163513855793546E-003
   12.6899998281151       3.161680509848596E-003
   12.6999998278916       3.159854105955553E-003
   12.7099998276681       3.158020623329156E-003
   12.7199998274446       3.156133184909882E-003
   12.7299998272210       3.154255843346447E-003
   12.7399998269975       3.152388589736562E-003
   12.7499998267740       3.150531416544000E-003
   12.7599998265505       3.148684313701417E-003
   12.7699998263270       3.146847275689418E-003
   12.7799998261034       3.145004422029447E-003
   12.7899998258799       3.143134789423806E-003
   12.7999998256564       3.141275080390565E-003
   12.8099998254329       3.139425285245777E-003
   12.8199998252094       3.137572430070603E-003
   12.8299998249859       3.135742419661628E-003
   12.8399998247623       3.133922299795400E-003
   12.8499998245388       3.132112062452958E-003
   12.8599998243153       3.130311700380457E-003
   12.8699998240918       3.128479450981050E-003
   12.8799998238683       3.126656553912992E-003
   12.8899998236448       3.124839728337880E-003
   12.8999998234212       3.103177083517579E-003
   12.9099998231977       3.101334409262481E-003
   12.9199998229742       3.099493842184315E-003
   12.9299998227507       3.097659816815516E-003
   12.9399998225272       3.095832847743488E-003
   12.9499998223037       3.094015457717065E-003
   12.9599998220801       3.092207639134072E-003
   12.9699998218566       3.090409385166500E-003
   12.9799998216331       3.088620687064212E-003
   12.9899998214096       3.086838213812675E-003
   12.9999998211861       3.085064401877892E-003
   13.0099998209625       3.083210842717414E-003
   13.0199998207390       3.081441705708031E-003
   13.0299998205155       3.074687957952139E-003
   13.0399998202920       3.072940391504078E-003
   13.0499998200685       3.049728660021559E-003
   13.0599998198450       3.047986751375084E-003
   13.0699998196214       3.046249690858284E-003
   13.0799998193979       3.044520813560114E-003
   13.0899998191744       3.042798851680397E-003
   13.0999998189509       3.041086236005628E-003
   13.1099998187274       3.039382959925377E-003
   13.1199998185039       3.037689017270121E-003
   13.1299998182803       3.036004401435547E-003
   13.1399998180568       3.034329105917475E-003
   13.1499998178333       3.032663125070021E-003
   13.1599998176098       3.031006453653969E-003
   13.1699998173863       3.029356552442098E-003
   13.1799998171628       3.027692501247260E-003
   13.1899998169392       3.026037663171510E-003
   13.1999998167157       3.024392032058245E-003
   13.2099998164922       3.022755602797321E-003
   13.2199998162687       3.021125353156459E-003
   13.2299998160452       3.019498935780070E-003
   13.2399998158216       3.017847711694179E-003
   13.2499998155981       3.016197226194789E-003
   13.2599998153746       3.014553351300747E-003
   13.2699998151511       3.012917356036298E-003
   13.2799998149276       3.011290425524770E-003
   13.2899998147041       3.009672554799656E-003
   13.2999998144805       3.008063737306409E-003
   13.3099998142570       3.006463968220854E-003
   13.3199998140335       3.004873243549237E-003
   13.3299998138100       3.003269367761310E-003
   13.3399998135865       3.001645738307327E-003
   13.3499998133630       3.000030454158216E-003
   13.3599998131394       2.998383627769111E-003
   13.3699998129159       2.996742036336563E-003
   13.3799998126924       2.994155850230410E-003
   13.3899998124689       2.992531081495629E-003
   13.3999998122454       2.978929754726557E-003
   13.4099998120219       2.977318544127932E-003
   13.4199998117983       2.975714225409147E-003
   13.4299998115748       2.974101860751490E-003
   13.4399998113513       2.965985261572643E-003
   13.4499998111278       2.964383175345835E-003
   13.4599998109043       2.962789804389953E-003
   13.4699998106807       2.961205142874663E-003
   13.4799998104572       2.959629186989144E-003
   13.4899998102337       2.958060539958352E-003
   13.4999998100102       2.956500183474263E-003
   13.5099998097867       2.954628060512220E-003
   13.5199998095632       2.953084711178621E-003
   13.5299998093396       2.949325759373021E-003
   13.5399998091161       2.931404559168683E-003
   13.5499998088926       2.929881304923318E-003
   13.5599998086691       2.928354483942657E-003
   13.5699998084456       2.926822395161384E-003
   13.5799998082221       2.925298897757491E-003
   13.5899998079985       2.923783987622493E-003
   13.5999998077750       2.922277660439375E-003
   13.6099998075515       2.920779912083432E-003
   13.6199998073280       2.919290402226741E-003
   13.6299998071045       2.917808475402784E-003
   13.6399998068810       2.916335111692006E-003
   13.6499998066574       2.914870306461675E-003
   13.6599998064339       2.913414056873063E-003
   13.6699998062104       2.911926482622464E-003
   13.6799998059869       2.910431683275636E-003
   13.6899998057634       2.908944163620686E-003
   13.6999998055398       2.907465018074322E-003
   13.7099998053163       2.905987671092664E-003
   13.7199998050928       2.904513858984957E-003
   13.7299998048693       2.903048424258084E-003
   13.7399998046458       2.901591341143717E-003
   13.7499998044223       2.900114599119662E-003
   13.7599998041987       2.898635417092706E-003
   13.7699998039752       2.897164553088393E-003
   13.7799998037517       2.895702002962210E-003
   13.7899998035282       2.894247763430612E-003
   13.7999998033047       2.877243988819559E-003
   13.8099998030812       2.875812289667394E-003
   13.8199998028576       2.874384179367329E-003
   13.8299998026341       2.872952736564292E-003
   13.8399998024106       2.871525778278683E-003
   13.8499998021871       2.870060583473418E-003
   13.8599998019636       2.868624926783598E-003
   13.8699998017401       2.867193849968349E-003
   13.8799998015165       2.865767526493617E-003
   13.8899998012930       2.864344662811092E-003
   13.8999998010695       2.862918741974076E-003
   13.9099998008460       2.861475584758000E-003
   13.9199998006225       2.859999652390754E-003
   13.9299998003989       2.858523683572351E-003
   13.9399998001754       2.856318913338043E-003
   13.9499997999519       2.854858921225085E-003
   13.9599997997284       2.853406481413611E-003
   13.9699997995049       2.851961981905468E-003
   13.9799997992814       2.850525472773752E-003
   13.9899997990578       2.849096951947395E-003
   13.9999997988343       2.847676066387841E-003
   14.0099997986108       2.844931510888606E-003
   14.0199997983873       2.843523278658175E-003
   14.0299997981638       2.842123020340645E-003
   14.0399997979403       2.840730733390576E-003
   14.0499997977167       2.839346144220045E-003
   14.0599997974932       2.832817092937831E-003
   14.0699997972697       2.831444801313616E-003
   14.0799997970462       2.830055231640927E-003
   14.0899997968227       2.828623864642191E-003
   14.0999997965991       2.827200154041590E-003
   14.1099997963756       2.825772364334497E-003
   14.1199997961521       2.824349681638259E-003
   14.1299997959286       2.822934318801871E-003
   14.1399997957051       2.821526567800041E-003
   14.1499997954816       2.820114855626586E-003
   14.1599997952580       2.818707659504077E-003
   14.1699997950345       2.817308026680529E-003
   14.1799997948110       2.815915996667044E-003
   14.1899997945875       2.814530445356161E-003
   14.1999997943640       2.813149913869592E-003
   14.2099997941405       2.811776902925883E-003
   14.2199997939169       2.810411551274134E-003
   14.2299997936934       2.809053869063185E-003
   14.2399997934699       2.807703795620581E-003
   14.2499997932464       2.806361304415553E-003
   14.2599997930229       2.805026473515847E-003
   14.2699997927994       2.783554061108856E-003
   14.2799997925758       2.782237518665262E-003
   14.2899997923523       2.780928561957519E-003
   14.2999997921288       2.779627187271519E-003
   14.3099997919053       2.778327241543099E-003
   14.3199997916818       2.777028357030472E-003
   14.3299997914582       2.775737007803716E-003
   14.3399997912347       2.774453132392138E-003
   14.3499997910112       2.773176773918093E-003
   14.3599997907877       2.771907943062245E-003
   14.3699997905642       2.770646586526959E-003
   14.3799997903407       2.769392748224911E-003
   14.3899997901171       2.768146426911999E-003
   14.3999997898936       2.766907562076812E-003
   14.4099997896701       2.765656605774451E-003
   14.4199997894466       2.764404504709024E-003
   14.4299997892231       2.761349742022329E-003
   14.4399997889996       2.760110971925519E-003
   14.4499997887760       2.758879666742597E-003
   14.4599997885525       2.753604781334451E-003
   14.4699997883290       2.752365238131493E-003
   14.4799997881055       2.750941435810857E-003
   14.4899997878820       2.749667815555024E-003
   14.4999997876585       2.748399490603825E-003
   14.5099997874349       2.747129288166130E-003
   14.5199997872114       2.745866352481766E-003
   14.5299997869879       2.744595035807919E-003
   14.5399997867644       2.743342421797460E-003
   14.5499997865409       2.742095543881850E-003
   14.5599997863173       2.740855933200723E-003
   14.5699997860938       2.739623594460226E-003
   14.5799997858703       2.738398521509500E-003
   14.5899997856468       2.737156414647069E-003
   14.5999997854233       2.735897361440248E-003
   14.6099997851998       2.713872320026743E-003
   14.6199997849762       2.712628857832950E-003
   14.6299997847527       2.711392530335219E-003
   14.6399997845292       2.710163337634907E-003
   14.6499997843057       2.706528744626143E-003
   14.6599997840822       2.702160063484495E-003
   14.6699997838587       2.700466293263181E-003
   14.6799997836351       2.699260533884152E-003
   14.6899997834116       2.698053406073186E-003
   14.6999997831881       2.696851615188410E-003
   14.7099997829646       2.695657279658575E-003
   14.7199997827411       2.694470019837874E-003
   14.7299997825176       2.693289695275035E-003
   14.7399997822940       2.692114978444648E-003
   14.7499997820705       2.690947336534652E-003
   14.7599997818470       2.689786768664661E-003
   14.7699997816235       2.688625546013994E-003
   14.7799997814000       2.687430592445171E-003
   14.7899997811764       2.686232641767771E-003
   14.7999997809529       2.685041682385673E-003
   14.8099997807294       2.683857714179515E-003
   14.8199997805059       2.682680735179532E-003
   14.8299997802824       2.681510744386658E-003
   14.8399997800589       2.680330538177981E-003
   14.8499997798353       2.679146994417239E-003
   14.8599997796118       2.677966222023432E-003
   14.8699997793883       2.676761054613612E-003
   14.8799997791648       2.675555871237471E-003
   14.8899997789413       2.674357539859045E-003
   14.8999997787178       2.673166058138470E-003
   14.9099997784942       2.671981425346294E-003
   14.9199997782707       2.670803639631714E-003
   14.9299997780472       2.669608207675209E-003
   14.9399997778237       2.668418132827447E-003
   14.9499997776002       2.667234877807081E-003
   14.9599997773767       2.666058440863914E-003
   14.9699997771531       2.664888821057336E-003
   14.9799997769296       2.663726016215974E-003
   14.9899997767061       2.662570026811149E-003
   14.9999997764826       2.644872229055031E-003
