   5.00000000000000      -3.505251313307357E-003
   5.00999999977648      -3.493343395881711E-003
   5.01999999955297      -3.481491368677269E-003
   5.02999999932945      -3.452020533718541E-003
   5.03999999910593      -3.440351208744420E-003
   5.04999999888241      -3.428724506266001E-003
   5.05999999865890      -3.417146759629610E-003
   5.06999999843538      -3.405631238069577E-003
   5.07999999821186      -3.394085247964715E-003
   5.08999999798834      -3.375825957868875E-003
   5.09999999776483      -3.364496938119174E-003
   5.10999999754131      -3.353039823373820E-003
   5.11999999731779      -3.337998327888027E-003
   5.12999999709427      -3.326861368315133E-003
   5.13999999687076      -3.315244323402045E-003
   5.14999999664724      -3.304225141593076E-003
   5.15999999642372      -3.293264322977384E-003
   5.16999999620020      -3.282361473230711E-003
   5.17999999597669      -3.271516202415092E-003
   5.18999999575317      -3.260734222305121E-003
   5.19999999552965      -3.250015698089643E-003
   5.20999999530613      -3.239349988135217E-003
   5.21999999508262      -3.228735072898723E-003
   5.22999999485910      -3.218175742826566E-003
   5.23999999463558      -3.207671628620600E-003
   5.24999999441206      -3.197209077945983E-003
   5.25999999418855      -3.175839133719332E-003
   5.26999999396503      -3.165496956892827E-003
   5.27999999374151      -3.155208276850507E-003
   5.28999999351799      -3.144976629601367E-003
   5.29999999329448      -3.134807224296668E-003
   5.30999999307096      -3.124690417152416E-003
   5.31999999284744      -3.114612261797703E-003
   5.32999999262393      -3.104580324219634E-003
   5.33999999240041      -3.094599757467704E-003
   5.34999999217689      -3.084670227294118E-003
   5.35999999195337      -3.074791401091716E-003
   5.36999999172986      -3.045808917088753E-003
   5.37999999150634      -3.036095980508156E-003
   5.38999999128282      -3.026432382365418E-003
   5.39999999105930      -3.016817804604209E-003
   5.40999999083579      -3.007251930491726E-003
   5.41999999061227      -2.997734710533607E-003
   5.42999999038875      -2.988265595903861E-003
   5.43999999016523      -2.978844252331236E-003
   5.44999998994172      -2.969470344386889E-003
   5.45999998971820      -2.960147245530273E-003
   5.46999998949468      -2.950873150954770E-003
   5.47999998927116      -2.941644256667514E-003
   5.48999998904765      -2.932451215567553E-003
   5.49999998882413      -2.922489569064805E-003
   5.50999998860061      -2.913372432334123E-003
   5.51999998837709      -2.904300649770162E-003
   5.52999998815358      -2.893444593241766E-003
   5.53999998793006      -2.884462135202479E-003
   5.54999998770654      -2.875524163496854E-003
   5.55999998748302      -2.866620484080969E-003
   5.56999998725951      -2.857759175702011E-003
   5.57999998703599      -2.848941458009014E-003
   5.58999998681247      -2.840164722760648E-003
   5.59999998658895      -2.831424691856108E-003
   5.60999998636544      -2.822727298415935E-003
   5.61999998614192      -2.814080314621584E-003
   5.62999998591840      -2.804699611216473E-003
   5.63999998569489      -2.796077206438688E-003
   5.64999998547137      -2.787496308981387E-003
   5.65999998524785      -2.778956960420295E-003
   5.66999998502433      -2.770458864301653E-003
   5.67999998480082      -2.753253038676044E-003
   5.68999998457730      -2.744872666441580E-003
   5.69999998435378      -2.721469062535189E-003
   5.70999998413026      -2.713194818377696E-003
   5.71999998390675      -2.704960047799438E-003
   5.72999998368323      -2.696764211236367E-003
   5.73999998345971      -2.688593283671105E-003
   5.74999998323619      -2.680455732519368E-003
   5.75999998301268      -2.672361508947169E-003
   5.76999998278916      -2.664300965663963E-003
   5.77999998256564      -2.656272338948542E-003
   5.78999998234212      -2.648194087199230E-003
   5.79999998211861      -2.640218583438017E-003
   5.80999998189509      -2.632280138233630E-003
   5.81999998167157      -2.623049885009604E-003
   5.82999998144805      -2.615184506292149E-003
   5.83999998122454      -2.607355426080492E-003
   5.84999998100102      -2.598584493025107E-003
   5.85999998077750      -2.590827208435845E-003
   5.86999998055398      -2.583101659598432E-003
   5.87999998033047      -2.575405734924191E-003
   5.88999998010695      -2.567748144915344E-003
   5.89999997988343      -2.560127751874524E-003
   5.90999997965991      -2.552542252596023E-003
   5.91999997943640      -2.544991438697057E-003
   5.92999997921288      -2.537475099294197E-003
   5.93999997898936      -2.529993028301483E-003
   5.94999997876585      -2.522545036940817E-003
   5.95999997854233      -2.498237541847362E-003
   5.96999997831881      -2.490901392738614E-003
   5.97999997809529      -2.483598539141599E-003
   5.98999997787178      -2.476327772724995E-003
   5.99999997764826      -2.469084167625904E-003
   6.00999997742474      -2.461894079735463E-003
   6.01999997720122      -2.454739305314157E-003
   6.02999997697771      -2.447614766853051E-003
   6.03999997675419      -2.440506131136600E-003
   6.04999997653067      -2.433429468137115E-003
   6.05999997630715      -2.426387583229946E-003
   6.06999997608364      -2.419386986909598E-003
   6.07999997586012      -2.412417693722262E-003
   6.08999997563660      -2.405479527588258E-003
   6.09999997541308      -2.398572311654998E-003
   6.10999997518957      -2.391695865445880E-003
   6.11999997496605      -2.384851016245738E-003
   6.12999997474253      -2.378042943068151E-003
   6.13999997451901      -2.371266235564581E-003
   6.14999997429550      -2.364511730129430E-003
   6.15999997407198      -2.357784044332015E-003
   6.16999997384846      -2.351085915451239E-003
   6.17999997362494      -2.344417175762225E-003
   6.18999997340143      -2.337774481046945E-003
   6.19999997317791      -2.331155880102325E-003
   6.20999997295439      -2.312852164324078E-003
   6.21999997273088      -2.306327619613528E-003
   6.22999997250736      -2.299834010274775E-003
   6.23999997228384      -2.289914221031684E-003
   6.24999997206032      -2.283489057679237E-003
   6.25999997183681      -2.277091706477591E-003
   6.26999997161329      -2.270722011881141E-003
   6.27999997138977      -2.264379820481421E-003
   6.28999997116625      -2.258064979590179E-003
   6.29999997094274      -2.251777337922179E-003
   6.30999997071922      -2.245516744578185E-003
   6.31999997049570      -2.239284442434895E-003
   6.32999997027218      -2.233061706864154E-003
   6.33999997004867      -2.226848736273647E-003
   6.34999996982515      -2.216415177862540E-003
   6.35999996960163      -2.210254673858429E-003
   6.36999996937811      -2.204120450547048E-003
   6.37999996915460      -2.198012363806509E-003
   6.38999996893108      -2.191665404277577E-003
   6.39999996870756      -2.185609091172477E-003
   6.40999996848404      -2.179579559301254E-003
   6.41999996826053      -2.173578121804914E-003
   6.42999996803701      -2.167610103742272E-003
   6.43999996781349      -2.161667065564018E-003
   6.44999996758997      -2.155751812408955E-003
   6.45999996736646      -2.149867606449903E-003
   6.46999996714294      -2.143999634825098E-003
   6.47999996691942      -2.138153662594462E-003
   6.48999996669590      -2.132332761003012E-003
   6.49999996647239      -2.126536507208176E-003
   6.50999996624887      -2.120764253094166E-003
   6.51999996602535      -2.115011157102751E-003
   6.52999996580184      -2.109279677868662E-003
   6.53999996557832      -2.103571856139879E-003
   6.54999996535480      -2.097887565842702E-003
   6.55999996513128      -2.092219760009000E-003
   6.56999996490777      -2.086565690765741E-003
   6.57999996468425      -2.080934763848469E-003
   6.58999996446073      -2.075326857049622E-003
   6.59999996423721      -2.069741847417722E-003
   6.60999996401370      -2.064174013705807E-003
   6.61999996379018      -2.058627739453504E-003
   6.62999996356666      -2.053109084294342E-003
   6.63999996334314      -2.047616054505920E-003
   6.64999996311963      -2.042148892748364E-003
   6.65999996289611      -2.036708627865312E-003
   6.66999996267259      -2.031288691519137E-003
   6.67999996244907      -2.025889218041452E-003
   6.68999996222556      -2.020511346555666E-003
   6.69999996200204      -2.015155064013288E-003
   6.70999996177852      -2.008835696978956E-003
   6.71999996155500      -2.003514717742361E-003
   6.72999996133149      -1.998214938200842E-003
   6.73999996110797      -1.992936249557519E-003
   6.74999996088445      -1.987601194438195E-003
   6.75999996066093      -1.982372488768886E-003
   6.76999996043742      -1.977168892952902E-003
   6.77999996021390      -1.971985891409414E-003
   6.78999995999038      -1.966823377968139E-003
   6.79999995976686      -1.961681237462747E-003
   6.80999995954335      -1.956559335188715E-003
   6.81999995931983      -1.951333294056574E-003
   6.82999995909631      -1.946251637745089E-003
   6.83999995887280      -1.931169770182287E-003
   6.84999995864928      -1.926145164965767E-003
   6.85999995842576      -1.921135186137885E-003
   6.86999995820224      -1.916144857539256E-003
   6.87999995797873      -1.911174078537376E-003
   6.88999995775521      -1.906222746630829E-003
   6.89999995753169      -1.901290764098110E-003
   6.90999995730817      -1.896378032275023E-003
   6.91999995708466      -1.891484333600001E-003
   6.92999995686114      -1.886609639712603E-003
   6.93999995663762      -1.875496531519147E-003
   6.94999995641410      -1.870676860515992E-003
   6.95999995619059      -1.847253636407372E-003
   6.96999995596707      -1.842505400117893E-003
   6.97999995574355      -1.825521893454460E-003
   6.98999995552003      -1.820835111383053E-003
   6.99999995529652      -1.816166350025731E-003
   7.00999995507300      -1.811520804820065E-003
   7.01999995484948      -1.806893301636610E-003
   7.02999995462596      -1.802281694292848E-003
   7.03999995440245      -1.797687764384362E-003
   7.04999995417893      -1.793111308549667E-003
   7.05999995395541      -1.788556248222331E-003
   7.06999995373189      -1.784023005178473E-003
   7.07999995350838      -1.779331030134409E-003
   7.08999995328486      -1.774807255777164E-003
   7.09999995306134      -1.770306050041618E-003
   7.10999995283782      -1.765824712586073E-003
   7.11999995261431      -1.761357168186105E-003
   7.12999995239079      -1.756903756334083E-003
   7.13999995216727      -1.752466955891244E-003
   7.14999995194376      -1.748046625540696E-003
   7.15999995172024      -1.743642913631174E-003
   7.16999995149672      -1.739258872049408E-003
   7.17999995127320      -1.734891082688213E-003
   7.18999995104969      -1.730539376480212E-003
   7.19999995082617      -1.726201315982989E-003
   7.20999995060265      -1.721876968505944E-003
   7.21999995037913      -1.717568494788127E-003
   7.22999995015562      -1.713275941237425E-003
   7.23999994993210      -1.708999122602948E-003
   7.24999994970858      -1.704737986232956E-003
   7.25999994948506      -1.700492538783398E-003
   7.26999994926155      -1.696262554878012E-003
   7.27999994903803      -1.692048106493360E-003
   7.28999994881451      -1.687849031151349E-003
   7.29999994859099      -1.683665275105388E-003
   7.30999994836748      -1.679498067265967E-003
   7.31999994814396      -1.675348156844434E-003
   7.32999994792044      -1.671213395623730E-003
   7.33999994769692      -1.664244955975421E-003
   7.34999994747341      -1.660141247994780E-003
   7.35999994724989      -1.656054808457684E-003
   7.36999994702637      -1.651978938859635E-003
   7.37999994680285      -1.647569062839564E-003
   7.38999994657934      -1.643526123367738E-003
   7.39999994635582      -1.639496681728245E-003
   7.40999994613230      -1.635480349421829E-003
   7.41999994590878      -1.631477738064746E-003
   7.42999994568527      -1.627489368887111E-003
   7.43999994546175      -1.623515214142506E-003
   7.44999994523823      -1.619557430140718E-003
   7.45999994501472      -1.615614661695794E-003
   7.46999994479120      -1.611685907970985E-003
   7.47999994456768      -1.607771102485139E-003
   7.48999994434416      -1.603870181496911E-003
   7.49999994412065      -1.599983074904057E-003
   7.50999994389713      -1.596109723886132E-003
   7.51999994367361      -1.592250068399923E-003
   7.52999994345009      -1.588404045705845E-003
   7.53999994322658      -1.584578082461189E-003
   7.54999994300306      -1.580770135386915E-003
   7.55999994277954      -1.576972680065435E-003
   7.56999994255602      -1.573187200380939E-003
   7.57999994233251      -1.566669957356469E-003
   7.58999994210899      -1.562914242873754E-003
   7.59999994188547      -1.559167900382174E-003
   7.60999994166195      -1.555434633116952E-003
   7.61999994143844      -1.551714381384935E-003
   7.62999994121492      -1.548007815038256E-003
   7.63999994099140      -1.544323190666918E-003
   7.64999994076788      -1.540656270123014E-003
   7.65999994054437      -1.537006920936722E-003
   7.66999994032085      -1.533370179665289E-003
   7.67999994009733      -1.529745988785501E-003
   7.68999993987381      -1.526134578364844E-003
   7.69999993965030      -1.522537161193275E-003
   7.70999993942678      -1.518952124468282E-003
   7.71999993920326      -1.515379411716245E-003
   7.72999993897974      -1.511818966962656E-003
   7.73999993875623      -1.508270734704831E-003
   7.74999993853271      -1.504732613123907E-003
   7.75999993830919      -1.501205133963322E-003
   7.76999993808568      -1.497689670332797E-003
   7.77999993786216      -1.494186167953111E-003
   7.78999993763864      -1.490694282540229E-003
   7.79999993741512      -1.487209809337675E-003
   7.80999993719161      -1.483738058683610E-003
   7.81999993696809      -1.480278073209356E-003
   7.82999993674457      -1.476829343241467E-003
   7.83999993652105      -1.473383740023551E-003
   7.84999993629754      -1.469957675021059E-003
   7.85999993607402      -1.459178305507532E-003
   7.86999993585050      -1.455793544256250E-003
   7.87999993562698      -1.452420147643721E-003
   7.88999993540347      -1.449063007940736E-003
   7.89999993517995      -1.445718960676080E-003
   7.90999993495643      -1.442387010139475E-003
   7.91999993473291      -1.439066350648223E-003
   7.92999993450940      -1.435755372096992E-003
   7.93999993428588      -1.432450519068509E-003
   7.94999993406236      -1.429151925987847E-003
   7.95999993383884      -1.425873438033861E-003
   7.96999993361533      -1.422605861155237E-003
   7.97999993339181      -1.419349134960693E-003
   7.98999993316829      -1.416103211537629E-003
   7.99999993294477      -1.412868320090525E-003
   8.00999993272126      -1.409644828911470E-003
   8.01999993249774      -1.406431999261427E-003
   8.02999993227422      -1.403229784207667E-003
   8.03999993205070      -1.400038137073447E-003
   8.04999993182719      -1.396857011459362E-003
   8.05999993160367      -1.393686361213301E-003
   8.06999993138015      -1.390526140548160E-003
   8.07999993115664      -1.385368657667355E-003
   8.08999993093312      -1.382229641282861E-003
   8.09999993070960      -1.379098447552062E-003
   8.10999993048608      -1.375976109982607E-003
   8.11999993026257      -1.371447904924590E-003
   8.12999993003905      -1.368354616717412E-003
   8.13999992981553      -1.365271367152401E-003
   8.14999992959201      -1.353007404815250E-003
   8.15999992936850      -1.349961805195309E-003
   8.16999992914498      -1.346926000922439E-003
   8.17999992892146      -1.343900472580395E-003
   8.18999992869794      -1.340884665199165E-003
   8.19999992847443      -1.337878527747058E-003
   8.20999992825091      -1.334887380458009E-003
   8.21999992802739      -1.331906188468339E-003
   8.22999992780387      -1.328933727647735E-003
   8.23999992758036      -1.325970722420465E-003
   8.24999992735684      -1.323017170838830E-003
   8.25999992713332      -1.320073185978465E-003
   8.26999992690980      -1.316970165519408E-003
   8.27999992668629      -1.305546216133360E-003
   8.28999992646277      -1.302645547197345E-003
   8.29999992623925      -1.299753384655902E-003
   8.30999992601573      -1.296870181223537E-003
   8.31999992579222      -1.293994697896189E-003
   8.32999992556870      -1.291127073448213E-003
   8.33999992534518      -1.288273202357057E-003
   8.34999992512167      -1.285439463880274E-003
   8.35999992489815      -1.282614021748319E-003
   8.36999992467463      -1.275572494269408E-003
   8.37999992445111      -1.272765498361950E-003
   8.38999992422760      -1.269967241809093E-003
   8.39999992400408      -1.267177752900417E-003
   8.40999992378056      -1.264396930025228E-003
   8.41999992355704      -1.261624736673418E-003
   8.42999992333353      -1.258861136510554E-003
   8.43999992311001      -1.256106093703605E-003
   8.44999992288649      -1.253359572529525E-003
   8.45999992266297      -1.250621590868038E-003
   8.46999992243946      -1.247892099406712E-003
   8.47999992221594      -1.245171023437777E-003
   8.48999992199242      -1.242458328080701E-003
   8.49999992176890      -1.239753978311323E-003
   8.50999992154539      -1.237057939529422E-003
   8.51999992132187      -1.234370156375582E-003
   8.52999992109835      -1.231690598267320E-003
   8.53999992087483      -1.229019247941845E-003
   8.54999992065132      -1.226357621462788E-003
   8.55999992042780      -1.223706848395795E-003
   8.56999992020428      -1.219372231022377E-003
   8.57999991998076      -1.216658239586889E-003
   8.58999991975725      -1.214027917193320E-003
   8.59999991953373      -1.210781275672563E-003
   8.60999991931021      -1.208163168705778E-003
   8.61999991908669      -1.205553029083848E-003
   8.62999991886318      -1.202950774610287E-003
   8.63999991863966      -1.200356384570991E-003
   8.64999991841614      -1.197767345668585E-003
   8.65999991819263      -1.191121336088918E-003
   8.66999991796911      -1.188556133037729E-003
   8.67999991774559      -1.179723658309409E-003
   8.68999991752207      -1.177179964167304E-003
   8.69999991729856      -1.174644978704931E-003
   8.70999991707504      -1.172126587686704E-003
   8.71999991685152      -1.169615765281347E-003
   8.72999991662800      -1.167111076891849E-003
   8.73999991640449      -1.164623160504720E-003
   8.74999991618097      -1.162147863407527E-003
   8.75999991595745      -1.159679976210891E-003
   8.76999991573393      -1.157187966123485E-003
   8.77999991551042      -1.154734667662429E-003
   8.78999991528690      -1.152288689283670E-003
   8.79999991506338      -1.149850001233433E-003
   8.80999991483986      -1.147418549005099E-003
   8.81999991461635      -1.143897490926501E-003
   8.82999991439283      -1.140659009106577E-003
   8.83999991416931      -1.138254835172227E-003
   8.84999991394579      -1.135857711796108E-003
   8.85999991372228      -1.133467564194531E-003
   8.86999991349876      -1.131084448470898E-003
   8.87999991327524      -1.128707734348169E-003
   8.88999991305172      -1.126337875001636E-003
   8.89999991282821      -1.123974899274065E-003
   8.90999991260469      -1.121618816922262E-003
   8.91999991238117      -1.119269737182569E-003
   8.92999991215765      -1.116901731024862E-003
   8.93999991193414      -1.114566535269289E-003
   8.94999991171062      -1.112235515093213E-003
   8.95999991148710      -1.109909229930186E-003
   8.96999991126359      -1.107587661875302E-003
   8.97999991104007      -1.105272395954892E-003
   8.98999991081655      -1.102963770262116E-003
   8.99999991059303      -1.100661779697503E-003
   9.00999991036952      -1.098366430194068E-003
   9.01999991014600      -1.096077636820997E-003
   9.02999990992248      -1.093795401608588E-003
   9.03999990969896      -1.091519728831558E-003
   9.04999990947545      -1.089257405575167E-003
   9.05999990925193      -1.087001937871048E-003
   9.06999990902841      -1.084752928439251E-003
   9.07999990880489      -1.082510308133707E-003
   9.08999990858138      -1.080272856586719E-003
   9.09999990835786      -1.078042565605450E-003
   9.10999990813434      -1.075817221861388E-003
   9.11999990791082      -1.073598586725679E-003
   9.12999990768731      -1.071388168161941E-003
   9.13999990746379      -1.069184966633786E-003
   9.14999990724027      -1.066987926083005E-003
   9.15999990701675      -1.064796268092336E-003
   9.16999990679324      -1.062609815783916E-003
   9.17999990656972      -1.060429507372640E-003
   9.18999990634620      -1.058255295327808E-003
   9.19999990612268      -1.056087178392990E-003
   9.20999990589917      -1.047585335124888E-003
   9.21999990567565      -1.045442700445702E-003
   9.22999990545213      -1.043307469393799E-003
   9.23999990522861      -1.041185738867850E-003
   9.24999990500510      -1.039070830691089E-003
   9.25999990478158      -1.036963252518024E-003
   9.26999990455806      -1.034861527115734E-003
   9.27999990433455      -1.032765622653684E-003
   9.28999990411103      -1.030675526688875E-003
   9.29999990388751      -1.028591216479491E-003
   9.30999990366399      -1.026512666147905E-003
   9.31999990344048      -1.024439857018985E-003
   9.32999990321696      -1.022372767989100E-003
   9.33999990299344      -1.020311377575509E-003
   9.34999990276992      -1.018255663930255E-003
   9.35999990254641      -1.016205606138037E-003
   9.36999990232289      -1.012261102045271E-003
   9.37999990209937      -1.010231089787976E-003
   9.38999990187585      -1.008206647562035E-003
   9.39999990165234      -1.006188667299240E-003
   9.40999990142882      -1.004176620440189E-003
   9.41999990120530      -1.002170002970260E-003
   9.42999990098178      -1.000168876600681E-003
   9.43999990075827      -9.981732207704095E-004
   9.44999990053475      -9.959565233152836E-004
   9.45999990031123      -9.939717024454039E-004
   9.46999990008771      -9.919922903962838E-004
   9.47999989986420      -9.900198352078419E-004
   9.48999989964068      -9.880594937072033E-004
   9.49999989941716      -9.861044549949653E-004
   9.50999989919364      -9.841546990535773E-004
   9.51999989897013      -9.822102062170001E-004
   9.52999989874661      -9.774306727683821E-004
   9.53999989852309      -9.754986303116354E-004
   9.54999989829957      -9.735701323224979E-004
   9.55999989807606      -9.716467794297843E-004
   9.56999989785254      -9.697265765143629E-004
   9.57999989762902      -9.678113576260879E-004
   9.58999989740551      -9.659009147979759E-004
   9.59999989718199      -9.573070888401384E-004
   9.60999989695847      -9.554188508012696E-004
   9.61999989673495      -9.535339470015624E-004
   9.62999989651144      -9.516516923550106E-004
   9.63999989628792      -9.497744362559745E-004
   9.64999989606440      -9.479021603408058E-004
   9.65999989584088      -9.460230889571270E-004
   9.66999989561737      -9.441665782301933E-004
   9.67999989539385      -9.423170550555319E-004
   9.68999989517033      -9.404724340126943E-004
   9.69999989494681      -9.386352265217853E-004
   9.70999989472330      -9.368099119695120E-004
   9.71999989449978      -9.349894209367890E-004
   9.72999989427626      -9.331737354528468E-004
   9.73999989405274      -9.313628379577143E-004
   9.74999989382923      -9.295567108777816E-004
   9.75999989360571      -9.277553364948737E-004
   9.76999989338219      -9.259586974211847E-004
   9.77999989315867      -9.241667762083652E-004
   9.78999989293516      -9.223800211188071E-004
   9.79999989271164      -9.205983888676777E-004
   9.80999989248812      -9.188214238431237E-004
   9.81999989226460      -9.170491089110272E-004
   9.82999989204109      -9.152814270646364E-004
   9.83999989181757      -9.135183614314551E-004
   9.84999989159405      -9.117598948938679E-004
   9.85999989137053      -9.100060109756126E-004
   9.86999989114702      -9.082566927783025E-004
   9.87999989092350      -9.065119234139813E-004
   9.88999989069998      -9.047716866858772E-004
   9.89999989047647      -9.030359925991598E-004
   9.90999989025295      -9.013062931864913E-004
   9.91999989002943      -8.995853292326535E-004
   9.92999988980591      -8.978687971563960E-004
   9.93999988958240      -8.961566810857835E-004
   9.94999988935888      -8.944515072924342E-004
   9.95999988913536      -8.927536598136287E-004
   9.96999988891184      -8.910601572597224E-004
   9.97999988868833      -8.886396814730001E-004
   9.98999988846481      -8.869531376805437E-004
   9.99999988824129      -8.852708981422825E-004
   10.0099998880178      -8.835907299922471E-004
   10.0199998877943      -8.819134997535527E-004
   10.0299998875707      -8.802405357187531E-004
   10.0399998873472      -8.785718226596769E-004
   10.0499998871237      -8.769073453068453E-004
   10.0599998869002      -8.752481311303210E-004
   10.0699998866767      -8.735947752954905E-004
   10.0799998864532      -8.719455824083786E-004
   10.0899998862296      -8.703003876749404E-004
   10.0999998860061      -8.686592916704405E-004
   10.1099998857826      -8.670256540838062E-004
   10.1199998855591      -8.653990491826500E-004
   10.1299998853356      -8.637765103114391E-004
   10.1399998851120      -8.620529028946801E-004
   10.1499998848885      -8.604432366359215E-004
   10.1599998846650      -8.588368218917794E-004
   10.1699998844415      -8.532788295951371E-004
   10.1799998842180      -8.516879781569886E-004
   10.1899998839945      -8.501010616836277E-004
   10.1999998837709      -8.485180661394572E-004
   10.2099998835474      -8.469391490689099E-004
   10.2199998833239      -8.453680003447806E-004
   10.2299998831004      -8.438016529576350E-004
   10.2399998828769      -8.383392651555225E-004
   10.2499998826534      -8.367847804395142E-004
   10.2599998824298      -8.298419216672932E-004
   10.2699998822063      -8.283020029730056E-004
   10.2799998819828      -8.267648963270006E-004
   10.2899998817593      -8.252315314953595E-004
   10.2999998815358      -8.237019953921949E-004
   10.3099998813123      -8.221762405746852E-004
   10.3199998810887      -8.206542121586237E-004
   10.3299998808652      -8.191358972333622E-004
   10.3399998806417      -8.176212826846016E-004
   10.3499998804182      -8.161103556061917E-004
   10.3599998801947      -8.146031031856488E-004
   10.3699998799711      -8.130995124109888E-004
   10.3799998797476      -8.112978932721426E-004
   10.3899998795241      -8.098017123036531E-004
   10.3999998793006      -8.083091549209966E-004
   10.4099998790771      -8.068202085954824E-004
   10.4199998788536      -8.053348603966233E-004
   10.4299998786300      -8.018146726034094E-004
   10.4399998784065      -8.003373938786295E-004
   10.4499998781830      -7.988636730356712E-004
   10.4599998779595      -7.973935029927922E-004
   10.4699998777360      -7.959294529897180E-004
   10.4799998775125      -7.944697114822034E-004
   10.4899998772889      -7.930134785716944E-004
   10.4999998770654      -7.913509539338451E-004
   10.5099998768419      -7.898976026617515E-004
   10.5199998766184      -7.884477453617250E-004
   10.5299998763949      -7.870013695596544E-004
   10.5399998761714      -7.855584979189806E-004
   10.5499998759478      -7.841190981208126E-004
   10.5599998757243      -7.826402456491649E-004
   10.5699998755008      -7.812151050519349E-004
   10.5799998752773      -7.797933757655296E-004
   10.5899998750538      -7.783750462374197E-004
   10.5999998748302      -7.769601045593945E-004
   10.6099998746067      -7.755485204722798E-004
   10.6199998743832      -7.741402894270213E-004
   10.6299998741597      -7.727351699232954E-004
   10.6399998739362      -7.713328449796132E-004
   10.6499998737127      -7.699338543380868E-004
   10.6599998734891      -7.685381864585398E-004
   10.6699998732656      -7.671480199931606E-004
   10.6799998730421      -7.657617597100376E-004
   10.6899998728186      -7.643787700388423E-004
   10.6999998725951      -7.630019131790948E-004
   10.7099998723716      -7.616365655948774E-004
   10.7199998721480      -7.602744324285397E-004
   10.7299998719245      -7.589155027767606E-004
   10.7399998717010      -7.575598591849186E-004
   10.7499998714775      -7.562076953657381E-004
   10.7599998712540      -7.548574726568840E-004
   10.7699998710304      -7.535097709222864E-004
   10.7799998708069      -7.521652076102792E-004
   10.7899998705834      -7.508237719532692E-004
   10.7999998703599      -7.494853990496758E-004
   10.8099998701364      -7.432465838933426E-004
   10.8199998699129      -7.419238671319993E-004
   10.8299998696893      -7.406042084284805E-004
   10.8399998694658      -7.392875975072000E-004
   10.8499998692423      -7.379740242009576E-004
   10.8599998690188      -7.366634219196336E-004
   10.8699998687953      -7.353558328160976E-004
   10.8799998685718      -7.340512450698105E-004
   10.8899998683482      -7.327495573292545E-004
   10.8999998681247      -7.314508568133559E-004
   10.9099998679012      -7.301550856262457E-004
   10.9199998676777      -7.288623400194495E-004
   10.9299998674542      -7.275754553809885E-004
   10.9399998672307      -7.262518662568470E-004
   10.9499998670071      -7.249726825556399E-004
   10.9599998667836      -7.237025281958484E-004
   10.9699998665601      -7.224377221675409E-004
   10.9799998663366      -7.211763392597013E-004
   10.9899998661131      -7.199178144170820E-004
   10.9999998658895      -7.186621379950694E-004
   11.0099998656660      -7.174083273601992E-004
   11.0199998654425      -7.139612992913795E-004
   11.0299998652190      -7.127157375771778E-004
   11.0399998649955      -7.114729778276433E-004
   11.0499998647720      -7.102330042496985E-004
   11.0599998645484      -7.089957691052410E-004
   11.0699998643249      -7.073631280031768E-004
   11.0799998641014      -7.061313884233296E-004
   11.0899998638779      -7.049024045099816E-004
   11.0999998636544      -7.021621817080767E-004
   11.1099998634309      -7.009391837364370E-004
   11.1199998632073      -6.997189122414279E-004
   11.1299998629838      -6.985016709084341E-004
   11.1399998627603      -6.972888982184667E-004
   11.1499998625368      -6.960788069244288E-004
   11.1599998623133      -6.948714075484925E-004
   11.1699998620898      -6.936666909013824E-004
   11.1799998618662      -6.924646093409387E-004
   11.1899998616427      -6.912650337551091E-004
   11.1999998614192      -6.900678258758991E-004
   11.2099998611957      -6.888719213501551E-004
   11.2199998609722      -6.876778542493030E-004
   11.2299998607486      -6.864864218423845E-004
   11.2399998605251      -6.852976153449953E-004
   11.2499998603016      -6.841114040343752E-004
   11.2599998600781      -6.829282237446189E-004
   11.2699998598546      -6.817535380469094E-004
   11.2799998596311      -6.805779397345483E-004
   11.2899998594075      -6.794077409157015E-004
   11.2999998591840      -6.782401069246575E-004
   11.3099998589605      -6.770750266364312E-004
   11.3199998587370      -6.759124599227987E-004
   11.3299998585135      -6.747562591861955E-004
   11.3399998582900      -6.736060810596389E-004
   11.3499998580664      -6.724583965735782E-004
   11.3599998578429      -6.713124574884543E-004
   11.3699998576194      -6.701681459715246E-004
   11.3799998573959      -6.690263107800988E-004
   11.3899998571724      -6.678926232515731E-004
   11.3999998569489      -6.667440652600381E-004
   11.4099998567253      -6.656153141891526E-004
   11.4199998565018      -6.644890089603022E-004
   11.4299998562783      -6.633651256662857E-004
   11.4399998560548      -6.622436692623136E-004
   11.4499998558313      -6.609827781184974E-004
   11.4599998556077      -6.598661012689981E-004
   11.4699998553842      -6.587518306796482E-004
   11.4799998551607      -6.576399454546609E-004
   11.4899998549372      -6.565304508467147E-004
   11.4999998547137      -6.554233302209308E-004
   11.5099998544902      -6.543185818809323E-004
   11.5199998542666      -6.532175085321029E-004
   11.5299998540431      -6.515966559730545E-004
   11.5399998538196      -6.478203244801217E-004
   11.5499998535961      -6.455796553339652E-004
   11.5599998533726      -6.444891006635735E-004
   11.5699998531491      -6.434008665509887E-004
   11.5799998529255      -6.423149437274860E-004
   11.5899998527020      -6.412313272753779E-004
   11.5999998524785      -6.401500074154208E-004
   11.6099998522550      -6.390709792256304E-004
   11.6199998520315      -6.379942344017212E-004
   11.6299998518080      -6.369197657368458E-004
   11.6399998515844      -6.358474689876572E-004
   11.6499998513609      -6.347765916314334E-004
   11.6599998511374      -6.337079675300526E-004
   11.6699998509139      -6.326415895149188E-004
   11.6799998506904      -6.315792101481472E-004
   11.6899998504668      -6.305230387417178E-004
   11.6999998502433      -6.294698191151667E-004
   11.7099998500198      -6.240492157891060E-004
   11.7199998497963      -6.230063046160035E-004
   11.7299998495728      -6.219657131301834E-004
   11.7399998493493      -6.209273007982392E-004
   11.7499998491257      -6.198910640090688E-004
   11.7599998489022      -6.172959687255072E-004
   11.7699998486787      -6.162627614406554E-004
   11.7799998484552      -6.141660024121743E-004
   11.7899998482317      -6.131400575882053E-004
   11.7999998480082      -6.121231946879677E-004
   11.8099998477846      -6.111099034022309E-004
   11.8199998475611      -6.100985116796858E-004
   11.8299998473376      -6.090889985776491E-004
   11.8399998471141      -6.080815725148680E-004
   11.8499998468906      -6.070768119365519E-004
   11.8599998466671      -6.060751987511639E-004
   11.8699998464435      -6.050756994163023E-004
   11.8799998462200      -6.040782528846240E-004
   11.8899998459965      -6.030828530124844E-004
   11.8999998457730      -6.020894929686484E-004
   11.9099998455495      -5.977887701920156E-004
   11.9199998453259      -5.968061819001893E-004
   11.9299998451024      -5.958255942901796E-004
   11.9399998448789      -5.948483248937896E-004
   11.9499998446554      -5.938739988839341E-004
   11.9599998444319      -5.894964700424634E-004
   11.9699998442084      -5.885294713188201E-004
   11.9799998439848      -5.875637774973905E-004
   11.9899998437613      -5.866000298051034E-004
   11.9999998435378      -5.856382220131148E-004
   12.0099998433143      -5.846789319368446E-004
   12.0199998430908      -5.837257491255783E-004
   12.0299998428673      -5.827744884158773E-004
   12.0399998426437      -5.818227587670470E-004
   12.0499998424202      -5.808753228383833E-004
   12.0599998421967      -5.799297912058045E-004
   12.0699998419732      -5.789902160367177E-004
   12.0799998417497      -5.780532829189906E-004
   12.0899998415262      -5.771173830521118E-004
   12.0999998413026      -5.761838700955907E-004
   12.1099998410791      -5.752516124131770E-004
   12.1199998408556      -5.743212143234575E-004
   12.1299998406321      -5.733926699235699E-004
   12.1399998404086      -5.724029992252321E-004
   12.1499998401850      -5.714781261562247E-004
   12.1599998399615      -5.705554456799242E-004
   12.1699998397380      -5.696347840128835E-004
   12.1799998395145      -5.687159480014444E-004
   12.1899998392910      -5.677989321530811E-004
   12.1999998390675      -5.668837305924587E-004
   12.2099998388439      -5.659703378588045E-004
   12.2199998386204      -5.650587481085064E-004
   12.2299998383969      -5.641489558924626E-004
   12.2399998381734      -5.632409554877065E-004
   12.2499998379499      -5.623347415130061E-004
   12.2599998377264      -5.614303080832927E-004
   12.2699998375028      -5.605276499822463E-004
   12.2799998372793      -5.596267614381054E-004
   12.2899998370558      -5.587276457427800E-004
   12.2999998368323      -5.578323314674410E-004
   12.3099998366088      -5.569439508770687E-004
   12.3199998363853      -5.560573062666969E-004
   12.3299998361617      -5.551739781260145E-004
   12.3399998359382      -5.542925208810758E-004
   12.3499998357147      -5.534125926655758E-004
   12.3599998354912      -5.525343834833376E-004
   12.3699998352677      -5.516578879640270E-004
   12.3799998350441      -5.507831008403925E-004
   12.3899998348206      -5.499100168991470E-004
   12.3999998345971      -5.490386308396772E-004
   12.4099998343736      -5.481689375658716E-004
   12.4199998341501      -5.473009318131919E-004
   12.4299998339266      -5.464348003035308E-004
   12.4399998337030      -5.455704628188892E-004
   12.4499998334795      -5.442739558130633E-004
   12.4599998332560      -5.434118489840219E-004
   12.4699998330325      -5.425514086851896E-004
   12.4799998328090      -5.416926298152444E-004
   12.4899998325855      -5.408355072548772E-004
   12.4999998323619      -5.399799778868942E-004
   12.5099998321384      -5.391258644364491E-004
   12.5199998319149      -5.382733934880912E-004
   12.5299998316914      -5.372310008559468E-004
   12.5399998314679      -5.363817727878736E-004
   12.5499998312443      -5.355342343109668E-004
   12.5599998310208      -5.346885691582380E-004
   12.5699998307973      -5.338445220418518E-004
   12.5799998305738      -5.330020878450661E-004
   12.5899998303503      -5.321619306624509E-004
   12.5999998301268      -5.313258822774183E-004
   12.6099998299032      -5.285355907871878E-004
   12.6199998296797      -5.277038535915882E-004
   12.6299998294562      -5.268767174239122E-004
   12.6399998292327      -5.260516515039837E-004
   12.6499998290092      -5.252282111199536E-004
   12.6599998287857      -5.244069243445601E-004
   12.6699998285621      -5.235872632213870E-004
   12.6799998283386      -5.227692416069819E-004
   12.6899998281151      -5.219527616589276E-004
   12.6999998278916      -5.211370864278595E-004
   12.7099998276681      -5.203234924422170E-004
   12.7199998274446      -5.195165960409059E-004
   12.7299998272210      -5.187112119109702E-004
   12.7399998269975      -5.179073352888903E-004
   12.7499998267740      -5.171049618076669E-004
   12.7599998265505      -5.163040866249351E-004
   12.7699998263270      -5.155047055921468E-004
   12.7799998261034      -5.147084033456787E-004
   12.7899998258799      -5.139172848301439E-004
   12.7999998256564      -5.131276426857814E-004
   12.8099998254329      -5.123394722038588E-004
   12.8199998252094      -5.115489072777305E-004
   12.8299998249859      -5.107636648421138E-004
   12.8399998247623      -5.099798809784103E-004
   12.8499998245388      -5.091975511948838E-004
   12.8599998243153      -5.084166712454922E-004
   12.8699998240918      -5.076401439163506E-004
   12.8799998238683      -5.068650799759282E-004
   12.8899998236448      -5.060914965837276E-004
   12.8999998234212      -5.032559626172178E-004
   12.9099998231977      -5.024918819641694E-004
   12.9199998229742      -5.017299557245966E-004
   12.9299998227507      -5.009688274847704E-004
   12.9399998225272      -5.002085966443070E-004
   12.9499998223037      -4.994497517307364E-004
   12.9599998220801      -4.986922887430138E-004
   12.9699998218566      -4.979362036596681E-004
   12.9799998216331      -4.971814922283668E-004
   12.9899998214096      -4.964282225853131E-004
   12.9999998211861      -4.956763374236621E-004
   13.0099998209625      -4.949001165308893E-004
   13.0199998207390      -4.941500631535437E-004
   13.0299998205155      -4.932638107670130E-004
   13.0399998202920      -4.925150869348650E-004
   13.0499998200685      -4.884473832870926E-004
   13.0599998198450      -4.877059756955271E-004
   13.0699998196214      -4.869658052571587E-004
   13.0799998193979      -4.862269696984002E-004
   13.0899998191744      -4.854894726086000E-004
   13.0999998189509      -4.847532953540622E-004
   13.1099998187274      -4.840184339691075E-004
   13.1199998185039      -4.832848846107220E-004
   13.1299998182803      -4.825526433021750E-004
   13.1399998180568      -4.818217060702794E-004
   13.1499998178333      -4.810920690911006E-004
   13.1599998176098      -4.803637286074317E-004
   13.1699998173863      -4.796368489481122E-004
   13.1799998171628      -4.789136008406751E-004
   13.1899998169392      -4.781916394120354E-004
   13.1999998167157      -4.774709608120592E-004
   13.2099998164922      -4.767515613020219E-004
   13.2199998162687      -4.760330327945327E-004
   13.2299998160452      -4.753150593914862E-004
   13.2399998158216      -4.746024142289126E-004
   13.2499998155981      -4.738920312566226E-004
   13.2599998153746      -4.731828645137232E-004
   13.2699998151511      -4.724747964984869E-004
   13.2799998149276      -4.717679823979010E-004
   13.2899998147041      -4.710624186367284E-004
   13.2999998144805      -4.703581012813883E-004
   13.3099998142570      -4.696550267425036E-004
   13.3199998140335      -4.689531915011419E-004
   13.3299998138100      -4.682543985686570E-004
   13.3399998135865      -4.675597457549619E-004
   13.3499998133630      -4.668663184296998E-004
   13.3599998131394      -4.661775731251887E-004
   13.3699998129159      -4.654903473214180E-004
   13.3799998126924      -4.645512732179110E-004
   13.3899998124689      -4.638663985091926E-004
   13.3999998122454      -4.607758003522673E-004
   13.4099998120219      -4.600952652137912E-004
   13.4199998117983      -4.594158947205124E-004
   13.4299998115748      -4.587392068486387E-004
   13.4399998113513      -4.565862448337251E-004
   13.4499998111278      -4.559130187452253E-004
   13.4599998109043      -4.552409640405054E-004
   13.4699998106807      -4.545700772134606E-004
   13.4799998104572      -4.539003550063686E-004
   13.4899998102337      -4.532317593031761E-004
   13.4999998100102      -4.525643114520609E-004
   13.5099998097867      -4.518107306929904E-004
   13.5199998095632      -4.511455720432801E-004
   13.5299998093396      -4.504496976326246E-004
   13.5399998091161      -4.469466797027342E-004
   13.5499998088926      -4.462870765005741E-004
   13.5599998086691      -4.456285891567602E-004
   13.5699998084456      -4.449714282936760E-004
   13.5799998082221      -4.443153964459130E-004
   13.5899998079985      -4.436604903546719E-004
   13.5999998077750      -4.430067066173135E-004
   13.6099998075515      -4.423540419533746E-004
   13.6199998073280      -4.417024826724209E-004
   13.6299998071045      -4.410520053899151E-004
   13.6399998068810      -4.404026373674512E-004
   13.6499998066574      -4.397543751858569E-004
   13.6599998064339      -4.391072156452469E-004
   13.6699998062104      -4.384651681057686E-004
   13.6799998059869      -4.378258361606289E-004
   13.6899998057634      -4.371875721416750E-004
   13.6999998055398      -4.365503979843711E-004
   13.7099998053163      -4.359137767914861E-004
   13.7199998050928      -4.352778474714721E-004
   13.7299998048693      -4.346430003014716E-004
   13.7399998046458      -4.340092312544233E-004
   13.7499998044223      -4.333783788990538E-004
   13.7599998041987      -4.327493387196138E-004
   13.7699998039752      -4.321213605889380E-004
   13.7799998037517      -4.314944413830022E-004
   13.7899998035282      -4.308685780426526E-004
   13.7999998033047      -4.290908936270304E-004
   13.8099998030812      -4.284686270016424E-004
   13.8199998028576      -4.278472659582855E-004
   13.8299998026341      -4.272266049883168E-004
   13.8399998024106      -4.266071379848926E-004
   13.8499998021871      -4.259836529571546E-004
   13.8599998019636      -4.253672521550093E-004
   13.8699998017401      -4.247513539691686E-004
   13.8799998015165      -4.241359785825963E-004
   13.8899998012930      -4.235219832194191E-004
   13.8999998010695      -4.229098659829679E-004
   13.9099998008460      -4.222999552859158E-004
   13.9199998006225      -4.216947961886031E-004
   13.9299998003989      -4.210914515458771E-004
   13.9399998001754      -4.204846477435460E-004
   13.9499997999519      -4.198828588758591E-004
   13.9599997997284      -4.192820387688004E-004
   13.9699997995049      -4.186822029304758E-004
   13.9799997992814      -4.180833508727733E-004
   13.9899997990578      -4.174854800163311E-004
   13.9999997988343      -4.168885265676328E-004
   14.0099997986108      -4.159586129640080E-004
   14.0199997983873      -4.153631836931210E-004
   14.0299997981638      -4.147687255488728E-004
   14.0399997979403      -4.141752358131323E-004
   14.0499997977167      -4.135826980067880E-004
   14.0599997974932      -4.118481250312281E-004
   14.0699997972697      -4.112580063308817E-004
   14.0799997970462      -4.106716106067387E-004
   14.0899997968227      -4.100912797087078E-004
   14.0999997965991      -4.095118837111850E-004
   14.1099997963756      -4.089344088654584E-004
   14.1199997961521      -4.083580084650572E-004
   14.1299997959286      -4.077824737744037E-004
   14.1399997957051      -4.072078643922854E-004
   14.1499997954816      -4.066348616712732E-004
   14.1599997952580      -4.060629677626067E-004
   14.1699997950345      -4.054919884904898E-004
   14.1799997948110      -4.049219240135318E-004
   14.1899997945875      -4.043525472112203E-004
   14.1999997943640      -4.037835777111036E-004
   14.2099997941405      -4.032155106384947E-004
   14.2199997939169      -4.026483544235486E-004
   14.2299997936934      -4.020821075240117E-004
   14.2399997934699      -4.015167632480003E-004
   14.2499997932464      -4.009523173925950E-004
   14.2599997930229      -4.003887730074950E-004
   14.2699997927994      -3.974577408737372E-004
   14.2799997925758      -3.968995941846627E-004
   14.2899997923523      -3.963423334598983E-004
   14.2999997921288      -3.957859559535453E-004
   14.3099997919053      -3.952308495142612E-004
   14.3199997916818      -3.946770433161498E-004
   14.3299997914582      -3.941241139008719E-004
   14.3399997912347      -3.935720537064275E-004
   14.3499997910112      -3.930208640981687E-004
   14.3599997907877      -3.924705435216889E-004
   14.3699997905642      -3.919210846912869E-004
   14.3799997903407      -3.913724894165946E-004
   14.3899997901171      -3.908247553045053E-004
   14.3999997898936      -3.902778768006188E-004
   14.4099997896701      -3.897319136267763E-004
   14.4199997894466      -3.891860081609305E-004
   14.4299997892231      -3.882083808400505E-004
   14.4399997889996      -3.876641713096130E-004
   14.4499997887760      -3.871208047993557E-004
   14.4599997885525      -3.856829921757868E-004
   14.4699997883290      -3.851440125568398E-004
   14.4799997881055      -3.845743560892142E-004
   14.4899997878820      -3.840425502991671E-004
   14.4999997876585      -3.835117159942135E-004
   14.5099997874349      -3.829823592461200E-004
   14.5199997872114      -3.824538278491173E-004
   14.5299997869879      -3.819261022430961E-004
   14.5399997867644      -3.813985658825648E-004
   14.5499997865409      -3.808716182011472E-004
   14.5599997863173      -3.803454895873777E-004
   14.5699997860938      -3.798201783721663E-004
   14.5799997858703      -3.792956817629733E-004
   14.5899997856468      -3.787733009814265E-004
   14.5999997854233      -3.782528811851117E-004
   14.6099997851998      -3.753647223544337E-004
   14.6199997849762      -3.748473278610189E-004
   14.6299997847527      -3.743307280441026E-004
   14.6399997845292      -3.738149208804116E-004
   14.6499997843057      -3.727456430287780E-004
   14.6599997840822      -3.715265897125962E-004
   14.6699997838587      -3.708934373745405E-004
   14.6799997836351      -3.703809894245439E-004
   14.6899997834116      -3.698697863003767E-004
   14.6999997831881      -3.693594366033678E-004
   14.7099997829646      -3.688498633936623E-004
   14.7199997827411      -3.683410647739029E-004
   14.7299997825176      -3.678330109662114E-004
   14.7399997822940      -3.673254374640432E-004
   14.7499997820705      -3.668186330145891E-004
   14.7599997818470      -3.663125954048701E-004
   14.7699997816235      -3.658074846149236E-004
   14.7799997814000      -3.653058513379689E-004
   14.7899997811764      -3.648058822989071E-004
   14.7999997809529      -3.643066643168073E-004
   14.8099997807294      -3.638081953485643E-004
   14.8199997805059      -3.633104731314042E-004
   14.8299997802824      -3.628134955912634E-004
   14.8399997800589      -3.623190308549016E-004
   14.8499997798353      -3.618263638767289E-004
   14.8599997796118      -3.613346839634308E-004
   14.8699997793883      -3.608453658809374E-004
   14.8799997791648      -3.603568547582131E-004
   14.8899997789413      -3.598690743857211E-004
   14.8999997787178      -3.593820226381699E-004
   14.9099997784942      -3.588956975108038E-004
   14.9199997782707      -3.584100968882600E-004
   14.9299997780472      -3.579263232266242E-004
   14.9399997778237      -3.574433320308552E-004
   14.9499997776002      -3.569610552785579E-004
   14.9599997773767      -3.564794908988627E-004
   14.9699997771531      -3.559986368974283E-004
   14.9799997769296      -3.555184910985344E-004
   14.9899997767061      -3.550390517282353E-004
   14.9999997764826      -3.523240601888878E-004
