51277
51279
51281
51282
51283
51285
51286
51292
51297
51300
51301
51334
51335
51337
51338
51340
51369
51370
51374
51487
51488
51489
51490
51491
51492
51493
51494
51495
51499
51502
51504
51506
51507
51508
51509
51510
51511
51517
51518
51519
51520
51559
51562
51565
51569
51570
51571
51572
51573
51574
51575
51576
51603
51605
51607
51614
51619
51709
51710
51711
51713
51714
51715
51716
51718
51735
51736
51740
51742
51764
51768
51777
51824
51827
51830
51837
51839
51841
51843
51854
51855
51858
51874
51877
51881
51886
51900
51901
51902
51905
51907
51908
51909
51914
51915
51922
51924
51927
51928
51933
51934
51936
51940
51944
51945
51946
51949
51952
51953
51954
51958
51977
51978
51980
51982
51985
51986
51987
51990
51997
51998
51999
52005
52015
52018
52020
52022
52026
52030
52032
52033
52035
52036
52037
52044
52046
52047
52048
52049
52051
52052
52060
52062
52066
52067
52068
52069
52077
52078
52099
52101
52102
52103
52105
52106
52107
52108
52109
52110
52111
52112
52145
52146
52149
52262
52265
52266
52269
52270
52271
52272
52278
52286
52288
52289
52290
52291
52292
52293
52294
52296
52302
52303
52304
52305
52306
52307
52308
52309
52314
52316
52318
52322
52323
52324
52325
52326
52327
52343
52346
52347
52348
52349
52357
52359
52360
52361
52367
52369
52379
52393
52394
52414
52416
52424
52432
52444
52447
52449
52457
52462
52463
52472
52482
52483
52487
52495
52508
52518
52519
52520
52521
52522
52538
52539
52540
52558
52570
52571
52573
52575
52576
52577
52578
52579
52580
52584
52585
52592
52593
52594
52595
52596
52609
52611
52612
52614
52615
52617
52622
52623
52624
52625
52626
52638
52649
52651
52653
52660
52661
52682
52683
52690
52692
52704
52716
52718
52720
52721
52727
52745
52746
52755
52811
52815
52846
52856
52887
52888
52894
52909
53046
53049
53063
53072
53208
53209
53287
53288
53293
53312
53370
53376
53407
53452
53468
53545
53549
53602
53635
53688
53691
53742
53743
53744
53753
53754
53755
53756
53758
53759
53761
53768
53769
53771
53772
53773
53774
53775
53780
53781
53782
53783
53786
53787
53789
53790
53793
53794
53812
53813
53815
53817
53818
53820
53821
53822
53823
53828
53829
53830
53831
53833
53834
53836
53852
53853
53854
53855
53856
53858
53860
53861
53862
53864
