52030
52037
52044
52046
52049
52051
52052
52060
52066
52067
52068
52077
52078
52106
52262
52293
52302
52303
52304
52305
52306
52307
52308
52309
52316
52343
52346
52347
52348
52349
52357
52359
52360
52361
52367
52369
52379
52393
52394
52414
52416
52424
52432
52444
52447
52449
52457
52462
52463
52472
52482
52487
52495
52508
52518
52519
52520
52521
52522
52538
52539
52540
52558
52570
52571
52573
52575
52576
52577
52578
52579
52580
52584
52585
52592
52593
52594
52595
52596
52609
52611
52612
52614
52615
52617
52622
52623
52624
52625
52626
52638
52649
52651
52653
52660
52661
52682
52683
52690
52692
52704
52716
52718
52720
52721
52727
52745
52746
52755
52811
52815
52846
52856
52887
52888
52909
53046
53049
53063
53072
53208
53209
53287
53288
53293
53312
53370
53376
53407
53452
53468
53545
53635
53691
53742
53743
53744
53753
53754
53755
53756
53758
53759
53761
53768
53769
53771
53772
53773
53774
53775
53780
53781
53782
53783
53786
53787
53789
53790
53793
53794
53812
53813
53815
53817
53818
53820
53821
53822
53823
53828
53829
53830
53831
53833
53834
53836
53852
53853
53854
53855
53856
53858
53860
53861
53862
53864
