16 -0.0008566 0.0004851 -0.0001525 0.0051194 0.0274591 0.0197684
48 0.0002497 -0.0001597 9.29e-05 0.0071871 0.0309481 0.0150465
80 -0.0014123 0.000655 8.84e-05 0.0024938 0.0254205 0.008574
112 -0.0010667 0.0005824 -7.66e-05 0.0044747 0.0281553 0.006576
144 -0.0006177 0.0003718 -0.0001585 0.0050114 0.0294568 0.0066055
176 -0.0002521 0.0001992 -0.0001395 0.0043526 0.0277396 0.0040193
208 -0.0008628 0.0004496 -7.29e-05 0.015639 0.044007 0.0027822
240 0.0002092 -1.09e-05 -0.0002588 0.0231125 0.0535999 0.0011141
272 0.0064266 -0.0031798 -3.73e-05 0.0145674 0.0363414 0.0032003
528 0.0042723 -0.0023939 0.0005472 -0.0486178 0.0059247 0.0055613
560 0.0072944 -0.0045703 0.0017586 -0.0696847 -0.0283159 0.0017468
592 0.001969 -0.0014021 0.0008359 -0.0903719 -0.0667723 -0.0044231
624 0.0010509 -0.0007237 0.0003508 -0.0975187 -0.0827028 -0.0060887
656 -0.000177 0.0001471 -0.0001264 -0.0977066 -0.0867817 -0.0090148
688 -0.0010138 0.0006967 -0.0004387 -0.0868339 -0.0799143 -0.0110269
720 -0.0030123 0.0020658 -0.0011542 -0.0676476 -0.057767 -0.0120897
752 -0.0021384 0.0017983 -0.0015087 -0.0395451 -0.0217388 -0.0133872
784 0.002985 4.5e-06 -0.0017091 -0.0107438 0.0140324 -0.0100057
1040 -0.0021362 0.0010479 4.45e-05 -0.0691261 0.0242686 0.0460619
1072 -0.0012681 0.0005062 0.0002186 -0.0621655 0.0090977 0.0416198
1104 -0.0002849 -3e-06 0.0002831 -0.0583667 -0.0057857 0.0367324
1136 0.0003403 -0.0002635 0.000177 -0.0510508 -0.0246964 0.0347991
1168 0.0001665 -0.0001662 0.0001147 -0.0418445 -0.0389433 0.0319662
1200 0.0005571 -0.0001762 -0.0002025 -0.0357608 -0.0381126 0.0334715
1232 0.0002339 4.81e-05 -0.0003188 -0.0340089 -0.0283284 0.0335368
1264 -0.0012375 0.0010189 -0.0007504 -0.0306573 -0.0168004 0.0325091
1296 0.000174 0.0002331 -0.001086 -0.0254091 0.0066327 0.0279662
1552 -0.0029832 0.0013553 0.000259 -0.0503886 0.0577097 -0.0245871
1584 -0.0019315 0.0005791 0.0007582 -0.0622446 0.0593673 -0.0290047
1616 -0.0012621 0.0001722 0.0008855 -0.0696782 0.0488016 -0.0354746
1648 -0.0012547 0.0003345 0.0006103 -0.0758909 0.0447114 -0.0379174
1680 -0.0017802 0.0006539 0.0004401 -0.0797038 0.0381946 -0.0390938
1712 -0.0009585 0.0003445 0.00024 -0.082882 0.0394141 -0.0417288
1744 -0.001817 0.000897 -3.36e-05 -0.0833487 0.0362962 -0.0439391
1776 -0.0025619 0.0014685 -0.0004128 -0.0778051 0.033951 -0.0471833
1808 -0.0009765 0.0021544 -0.0019456 -0.0624355 0.0357066 -0.0336613
2064 0.0014591 -0.0009913 0.0005953 -0.0336916 0.0423056 0.0331512
2096 0.0006142 -0.0005605 0.0004115 -0.0274942 0.0313888 0.0290136
2128 -0.0004487 3.24e-05 0.0003254 -0.0203422 0.0208023 0.0227184
2160 -0.0011379 0.0006863 -0.0002057 -0.0103588 0.007739 0.0187747
2192 -0.0020015 0.001168 -0.0003221 -0.0048196 0.0015258 0.017656
2224 -0.000319 2.98e-05 0.0002676 -0.0025191 -0.0013403 0.0157438
2256 -0.0018448 0.0009373 -2.51e-05 -0.0095811 0.0073575 0.0129417
2288 -0.0016049 0.0011037 -0.0006482 -0.0176674 0.019495 0.0124397
2320 4.51e-05 -0.0001798 -0.0001215 -0.011198 0.0134624 0.0158337
2576 0.004327 -0.0030962 0.0018185 -0.0373517 0.0375752 0.0152824
2608 -0.0003095 -0.00052 0.001406 -0.015416 0.0155068 0.0093076
2640 -0.0023293 0.0006811 0.0009445 0.0007449 -0.000752 0.0029281
2672 -0.0038208 0.0017671 0.0002837 0.0121004 -0.0121763 -0.0006393
2704 -0.004347 0.0020378 0.0003059 0.0123807 -0.0124586 -0.0018391
2736 -0.002573 0.0011601 0.0002204 0.013424 -0.0135082 -0.0068484
2768 -0.0040621 0.0020954 -0.0001551 0.0003261 -0.0003315 -0.0081251
2800 -0.0026018 0.0015764 -0.0005276 -0.0141114 0.0141932 -0.0098088
2832 0.0003135 0.0011452 -0.0022541 -0.0274688 0.0276319 -0.0075047
3088 -0.0019879 0.0010508 -9.69e-05 -0.0035188 -0.0048248 -0.0267066
3120 -0.0004692 -3.95e-05 0.000519 -0.0002228 -0.0054997 -0.0313503
3152 0.0002376 -0.0004631 0.0006646 0.00969 -0.0093537 -0.0387952
3184 0.0013736 -0.0011549 0.0009512 0.027283 -0.0162303 -0.0417701
3216 -0.0003943 -0.0001727 0.0007281 0.0484038 -0.0250699 -0.0430627
3248 -0.0004882 0.0002826 -1.26e-05 0.0450504 -0.0257465 -0.0469122
3280 -0.0007884 0.0006577 -0.0005124 0.0440292 -0.0264928 -0.0507321
3312 -0.0022581 0.001673 -0.001059 0.0218698 -0.016792 -0.0529002
3344 0.0026477 0.0005171 -0.0010298 0.0055747 -0.0080872 -0.0391649
3600 0.0031707 -0.0021843 0.0011261 0.0240797 -0.0239814 -0.0164783
3632 0.0023918 -0.0015969 0.0007284 0.0401805 -0.0166006 -0.0219174
3664 0.0022055 -0.001386 0.0006807 0.0546535 -0.0127571 -0.0252438
3696 0.001285 -0.0008129 0.0002766 0.0646709 -0.0097523 -0.0281069
3728 -8.98e-05 9.91e-05 -6.11e-05 0.0696324 -0.0098948 -0.030153
3760 -0.0010719 0.0006794 -0.0003811 0.0666803 -0.0120213 -0.0291273
3792 -0.0012411 0.0009004 -0.0005228 0.0575987 -0.0200483 -0.0296483
3824 -0.0020415 0.001585 -0.0011217 0.0415046 -0.0276417 -0.0310829
3856 -0.0007966 0.0002034 -0.0010428 0.0165795 -0.0161227 -0.0048145
4112 0.0001606 -0.0002003 0.0002137 0.0298189 -0.036291 -0.0384569
4144 -0.001204 0.0007324 -0.0002606 0.035313 -0.0434822 -0.0438099
4176 0.0008617 -0.00056 0.0002603 0.041151 -0.0479372 -0.0505056
4208 0.0018652 -0.0011986 0.0004825 0.040544 -0.0472169 -0.0531929
4240 -0.0008856 0.0003008 0.0002738 0.04281 -0.0314252 -0.0555334
4272 -0.0005084 0.0002367 7.05e-05 0.0395253 -0.0278481 -0.0584683
4304 -0.0011318 0.0005874 -6.27e-05 0.0379997 -0.0306763 -0.0622826
4336 -1.92e-05 3.79e-05 -7.84e-05 0.0347673 -0.0299434 -0.0627989
4368 0.0056139 -0.0015569 0.0002448 0.0340296 -0.0198347 -0.045007
4624 0.0030099 -0.0023612 0.0016912 0.0276787 0.0146267 -0.0392288
4656 0.0015362 -0.0013041 0.0010824 0.0078262 0.039627 -0.0445826
4688 0.0003248 -0.0006265 0.0008936 -0.0093296 0.0589753 -0.0509618
4720 0.0003323 -0.0004247 0.0004796 -0.0224395 0.0672148 -0.0536891
4752 -0.0027316 0.0015449 -0.0003632 -0.0319519 0.0688879 -0.0570269
4784 -0.002039 0.0012439 -0.0004766 -0.0358608 0.0608173 -0.0601801
4816 -0.0040341 0.0025805 -0.0011922 -0.0361825 0.0487284 -0.0632816
4848 -0.0050029 0.003243 -0.0014892 -0.0366721 0.0274395 -0.0663631
4880 -0.0001673 0.00248 -0.000822 -0.0221146 0.0055353 -0.0488909
5136 0.0009224 -0.0007747 0.0006405 0.0664316 0.0277924 0.0002732
5168 0.0006155 -0.0007445 0.0008373 0.060615 0.0286696 -0.0050692
5200 0.0006512 -0.0008407 0.0010248 0.0477506 0.028168 -0.0119325
5232 0.0003671 -0.0004057 0.0004372 0.0369481 0.0266491 -0.0156384
5264 0.0029804 -0.0019629 0.0009263 0.0275967 0.0245899 -0.0178885
5296 -0.0010295 0.0006663 -0.0002939 0.0152809 0.0204931 -0.0214808
5328 -0.0002444 0.0001831 -7.59e-05 0.0233872 0.0223429 -0.0236924
5360 -0.0033951 0.0021519 -0.0009506 0.0307951 0.0236913 -0.0257606
5392 0.0029751 8.12e-05 -0.0017841 0.0472 0.0257476 -0.0184286
5648 0.0020228 -0.0019401 0.0018109 0.0072497 0.0072068 -0.0160149
5680 0.0032859 -0.0028873 0.002489 -0.0466706 -0.0463868 -0.0214634
5712 0.0027727 -0.0024422 0.0020831 -0.0987934 -0.0981937 -0.0270244
5744 0.00155 -0.0015947 0.0016471 -0.1443064 -0.1434309 -0.0285597
5776 0.0001661 7.52e-05 -0.0036468 -0.1236035 -0.1228538 -0.0160667
5808 0.0200007 -0.0122594 0.004132 -0.1272726 -0.1265007 -0.0174823
5840 -0.0061793 0.0038367 -0.0015122 -0.1483048 -0.1474049 -0.0331883
5872 -0.0063462 0.0042409 -0.0021933 -0.0969515 -0.0963627 -0.0362017
5904 -0.0073283 0.0060106 -0.003132 -0.0386855 -0.0384499 -0.0239294
65552 0.0005284 -0.0002516 -3.6e-05 0.0158965 0.0404324 -0.0135044
65584 0.0002412 -0.0001056 -5.67e-05 0.0153853 0.0390381 -0.0170965
65616 0.0006887 -0.0003585 2.84e-05 0.0158395 0.0397467 -0.0205854
65648 0.0004795 -0.0002333 -4.21e-05 0.0143166 0.0369313 -0.0218976
65680 -0.0004673 0.0003439 -0.0002418 0.0153252 0.0371924 -0.0219446
65712 -0.0001795 0.0002797 -0.0004261 0.0203034 0.0420968 -0.0225313
65744 0.000553 -0.0002394 -0.0001158 0.0272699 0.051183 -0.022475
65776 0.0005865 -0.0001373 -0.0002355 0.0308643 0.0546726 -0.0222654
65808 0.0041016 -0.0031279 0.0007629 0.0186267 0.0318919 -0.0005253
66064 -0.0020065 0.0010402 -9.89e-05 -0.0219177 0.0162309 -0.0280213
66096 -0.0010808 0.0004813 9.45e-05 -0.0213275 0.0082675 -0.0355196
66128 -0.00096 0.0004734 2.84e-05 -0.023146 -0.0026077 -0.0415195
66160 -0.001661 0.0009168 -0.0001637 -0.0238207 -0.0092001 -0.0473959
66192 -0.0021669 0.0012167 -0.00031 -0.0214691 -0.0077377 -0.0454604
66224 -0.0020904 0.0012625 -0.0004133 -0.0124216 0.0039811 -0.0476973
66256 -0.0016214 0.0009856 -0.0003892 -0.005012 0.0184865 -0.0527579
66288 -0.0009359 0.0006859 -0.0004236 0.0066903 0.0324587 -0.0558513
66320 0.0072455 -0.0024047 0.0004619 0.0042597 0.0272743 -0.0407952
66576 -0.0015596 0.0006933 0.000224 -0.060482 0.0119707 0.077642
66608 0.0010542 -0.0007255 0.0004046 -0.0597601 0.0068715 0.0708089
66640 -6.84e-05 -0.0001097 0.0002974 -0.0622329 -0.0091948 0.0646085
66672 -0.0008578 0.0005183 -0.0001757 -0.0590056 -0.0205068 0.0619025
66704 -0.0007623 0.0005405 -0.0003007 -0.0540013 -0.0254978 0.0599659
66736 0.0011227 -0.0005914 7.23e-05 -0.0465257 -0.0309881 0.0542029
66768 -0.0015811 0.000956 -0.0003226 -0.0379427 -0.0144436 0.0538497
66800 -0.0023717 0.0016451 -0.0008783 -0.0293931 0.0030616 0.0512979
66832 0.0026246 -0.0013042 -0.0010538 -0.0179827 0.0278191 0.0403454
67088 -0.0029659 0.0017237 -0.0004795 -0.0793919 0.0781153 0.0281112
67120 -0.0021413 0.0010971 -8.9e-05 -0.0807421 0.0892592 0.0245706
67152 -0.0012632 0.0004409 0.0003635 -0.0805907 0.0813197 0.0182182
67184 -0.0023412 0.0012054 -4.47e-05 -0.0804075 0.0734188 0.0150311
67216 -0.0017361 0.0008221 5.73e-05 -0.0792526 0.0741803 0.0134843
67248 0.0003163 -7.24e-05 -0.000172 -0.0718146 0.069465 0.0099848
67280 -0.0006308 0.0004825 -0.000357 -0.0645322 0.0776306 0.0088088
67312 -0.0010695 0.000783 -0.0004781 -0.0526242 0.0790287 0.0047068
67344 0.0084213 -0.0043608 0.0008042 -0.0365521 0.0577319 0.0056806
67600 -0.0011504 0.0003471 0.0004399 -0.0533853 0.047215 0.070856
67632 -0.0024904 0.0011263 0.0002035 -0.060532 0.053741 0.0654937
67664 -0.0009487 0.0002197 0.0004634 -0.0650362 0.0555467 0.0584517
67696 -0.0016591 0.0007108 0.0002246 -0.055449 0.0388514 0.055943
67728 -0.0028787 0.0016422 -0.0004645 -0.0428205 0.0269598 0.0535833
67760 -0.0016887 0.001026 -0.0004025 -0.0241536 0.014198 0.0513713
67792 -0.0011822 0.0006788 -0.0001367 -0.0098326 0.0021575 0.0501344
67824 -0.0019518 0.0013134 -0.0007171 0.0011108 -0.0010818 0.0480611
67856 0.0003742 0.0002122 -0.0009481 -0.0031806 0.0135001 0.0369821
68112 0.0003407 -0.0003139 0.0002911 -0.0196165 0.0159909 -0.0757685
68144 -0.0001913 -0.0001133 0.0003857 0.0054197 -0.0172189 -0.0824816
68176 -0.0003288 -0.0001022 0.0005305 0.0255892 -0.04492 -0.0894424
68208 0.0002238 -0.0004322 0.0006008 0.0435215 -0.071794 -0.0946917
68240 -0.0010419 0.0002422 0.0005484 0.0484502 -0.0837338 -0.0992539
68272 -0.0016801 0.0007571 8.51e-05 0.0429187 -0.0789531 -0.103405
68304 -0.0031725 0.0018834 -0.0004831 0.0291323 -0.0592841 -0.1089182
68336 -0.0038744 0.0024944 -0.0010795 0.0170919 -0.036783 -0.1131658
68368 0.0012575 0.0025415 -0.0012645 0.0040616 -0.0106544 -0.0849728
68624 0.0023262 -0.0019974 0.0016613 -0.0326295 0.0370322 0.0687552
68656 -0.0001415 -0.0003251 0.0008751 -0.0183797 0.0181167 0.0626375
68688 -2.64e-05 -0.0002015 0.0004608 -0.0177312 0.0160565 0.0575905
68720 -0.0001681 -5.96e-05 0.0002783 -0.0138531 0.0108622 0.0573658
68752 -0.0018471 0.001125 -0.0004166 -0.0107413 0.0071865 0.0571907
68784 -0.0005137 0.0004476 -0.0003818 -0.0145654 0.0127968 0.0559373
68816 -0.0012477 0.001056 -0.0008609 -0.031355 0.0350463 0.0546042
68848 -0.0012699 0.001198 -0.001135 -0.0359103 0.0423225 0.0545377
68880 0.0032545 -0.0019064 -0.0003074 -0.0333756 0.0405133 0.0415403
69136 -0.000607 0.0004152 -0.0002051 -0.0508426 0.0449717 0.0092845
69168 -0.0010504 0.000383 0.0002377 -0.0556713 0.0491937 0.0041575
69200 -0.0015945 0.0008084 -3.97e-05 -0.0620526 0.0548106 -0.0024224
69232 -0.0020332 0.0011466 -0.0002205 -0.066396 0.0586628 -0.0041231
69264 -0.0004572 0.0001577 0.0001695 -0.0676066 0.059761 -0.0081738
69296 -0.0015276 0.0009705 -0.0004569 -0.0671979 0.0594853 -0.0113498
69328 -0.0021462 0.0013757 -0.0006307 -0.0864278 0.0767457 -0.011767
69360 0.0003413 -6.54e-05 -0.0002281 -0.0873916 0.0777056 -0.0151704
69392 0.0114927 -0.0056137 0.0011409 -0.0612132 0.0544117 -0.0095846
69648 -0.0022872 0.0012904 -0.0003039 -0.0470118 0.003641 0.0475582
69680 -0.0021909 0.0012177 -0.0002826 -0.0529347 0.0056121 0.0443293
69712 0.0001649 -3.35e-05 -7.47e-05 -0.0598483 0.0073924 0.0377632
69744 0.000306 -8.08e-05 -0.0001373 -0.057636 0.0073963 0.034984
69776 0.0015121 -0.0007855 5.08e-05 -0.0568023 0.0077909 0.0347121
69808 0.0015104 -0.0008068 6.74e-05 -0.0548984 0.0089848 0.0318839
69840 0.0005607 -0.0002461 -9.62e-05 -0.055102 0.0094543 0.0300144
69872 0.0020938 -0.0011104 0.0001366 -0.053981 0.0090185 0.0278391
69904 0.0085591 -0.0049566 0.0009316 -0.0327842 0.0021167 0.023488
70160 0.0018737 -0.0012435 0.0006282 0.021704 -0.0259841 0.1348016
70192 0.0003164 -0.0001813 8.39e-05 0.0260008 -0.0229426 0.128828
70224 0.0003658 -0.0004085 0.0004346 0.039069 -0.0204444 0.123631
70256 -0.0002269 7.47e-05 2.59e-05 0.0426683 -0.0164268 0.1220101
70288 -0.0008084 0.0008716 -0.0009489 0.0317751 -0.010781 0.1197186
70320 0.0008263 -9.4e-05 -0.0006078 0.0151326 -0.0039425 0.1164095
70352 -0.0014364 0.0011648 -0.0010184 -0.0004807 -0.0111394 0.1167478
70384 -0.000378 0.0002454 -7.17e-05 -0.0068745 -0.0213373 0.1142324
70416 0.0016249 -0.0015716 0.0003722 -0.0015031 -0.0139637 0.0672228
70672 0.0004736 -1.45e-05 -0.000462 0.0333218 -0.0856386 -0.0350807
70704 0.0011321 -0.0006858 0.000221 0.0426805 -0.1013975 -0.0413909
70736 0.0027626 -0.0015015 0.0002551 0.0526316 -0.1159709 -0.048239
70768 0.0031438 -0.0016297 0.0001409 0.0639669 -0.1145357 -0.0510457
70800 0.0034631 -0.0021069 0.0007281 0.076259 -0.1114479 -0.0514628
70832 0.0032984 -0.0017153 0.000161 0.0787203 -0.1111255 -0.0565101
70864 0.0007764 -0.0003283 -0.0001231 0.0790067 -0.1019829 -0.0601279
70896 0.0028942 -0.0013043 -0.0002695 0.0692941 -0.096965 -0.0639798
70928 0.0081035 -0.002855 -0.0004268 0.0549743 -0.061731 -0.0460289
71184 0.0016066 -0.0014064 0.0011792 0.0485572 -0.0098608 0.0127156
71216 -0.0003452 -9.67e-05 0.0004762 0.0463929 0.0146456 0.008059
71248 0.0012542 -0.0008305 0.0004157 0.0460076 0.0281516 0.0015663
71280 0.0004788 -0.0001405 -0.0002036 0.0385158 0.0368092 -0.0002622
71312 0.0011338 -0.0004035 -0.0003882 0.0272709 0.0414234 -0.0007254
71344 0.0022258 -0.0008207 -0.0005782 0.0149856 0.0339829 -0.0035298
71376 0.0021609 -0.0007362 -0.0006831 0.0087351 0.0241522 -0.0044991
71408 0.0028462 -0.0010699 -0.0007409 0.0002794 0.0101712 -0.0067579
71440 0.0037321 -0.000657 -0.0007766 -0.0007023 -0.0055115 -0.0040081
71696 -0.0033509 0.0020096 -0.0006235 0.070509 -0.0201168 -0.006909
71728 -0.0004408 0.0001924 -4.03e-05 0.0788876 -0.0310824 -0.0125241
71760 -0.0016149 0.0008895 -0.000147 0.0866748 -0.0323358 -0.0182621
71792 -0.0004952 0.0002623 -2.88e-05 0.0936836 -0.036079 -0.0203468
71824 -0.0009913 0.0004435 0.000209 0.1018064 -0.033092 -0.0208977
71856 0.0009814 -0.0006228 0.0002963 0.1052542 -0.032535 -0.0250253
71888 -0.0015434 0.000865 -0.0002095 0.1120076 -0.0355484 -0.0262351
71920 -0.0001017 0.0001401 -0.0002132 0.1105995 -0.0385487 -0.0283016
71952 0.0113548 -0.0054689 0.0007157 0.0798715 -0.0206963 -0.02059
72208 0.0026814 -0.0018098 0.0009895 0.0482137 0.0188485 -0.0010954
72240 0.0008343 -0.0008733 0.0008468 0.0286655 0.0209808 -0.004054
72272 -0.0002765 -0.0001554 0.0006034 0.0168029 0.0227639 -0.0085873
72304 0.0003419 -0.0003139 0.0002254 0.0019523 0.0220207 -0.0108238
72336 -0.0004844 0.0002828 -7.96e-05 -0.0070509 0.0212466 -0.0118985
72368 -0.0008904 0.0005976 -0.000322 -0.0092543 0.0184106 -0.0128249
72400 -0.0015163 0.000989 -0.0004847 -0.0024049 0.0172644 -0.013187
72432 -0.0032803 0.0019549 -0.0007241 0.0059082 0.0151945 -0.0149027
72464 -0.0035102 0.0019406 -0.0013106 0.0063759 0.0075988 0.0032082
72720 -0.0015223 0.0006661 0.0001536 0.0738356 0.0523827 -0.0164196
72752 -0.0013852 0.0007218 -0.0001003 0.087612 0.0620558 -0.02268
72784 -0.0012108 0.0005427 6.17e-05 0.091142 0.0650123 -0.0289198
72816 -0.0006478 0.0002993 5.63e-05 0.0888889 0.0635689 -0.0310186
72848 -0.0009028 0.0003735 0.000105 0.0783204 0.0565095 -0.0333212
72880 0.0003833 -0.0002431 0.0001067 0.0724262 0.052149 -0.0363154
72912 0.0010925 -0.0006266 0.0001278 0.0726746 0.0520089 -0.0395469
72944 -0.0001265 7.12e-05 5.2e-06 0.060523 0.0434443 -0.0423963
72976 0.0070233 -0.0024789 -4.6e-06 0.04545 0.0327927 -0.0306174
73232 0.0015928 -0.0013959 0.0011805 0.0270642 0.0304923 0.0966441
73264 0.0012165 -0.0011476 0.0010169 -0.0087665 -0.0087668 0.0907534
73296 0.0013119 -0.0011567 0.0010065 -0.0412018 -0.0443251 0.0848337
73328 -0.0009948 0.000339 0.0003993 -0.0607208 -0.0657848 0.0834228
73360 -0.0023554 0.0014985 -0.0007867 -0.0622256 -0.0675402 0.0800414
73392 -0.0011224 0.000853 -0.0005819 -0.0516739 -0.0560877 0.0780553
73424 -0.0008436 0.0005964 -0.0002909 -0.0457048 -0.0495576 0.0771532
73456 -0.0004377 0.0003932 -0.0003143 -0.0400475 -0.0434337 0.0764256
73488 -0.0059215 0.0036698 -0.0026193 -0.0188873 -0.020489 0.0486026
131088 -0.0023548 0.0016589 -0.0009905 0.0480613 0.0786156 0.0167435
131120 -0.0002252 0.0002388 -0.000186 0.0656539 0.1037081 0.0113743
131152 0.0022323 -0.0010807 -0.0001061 0.0787635 0.1234188 0.0061643
131184 0.0009628 -0.0006462 0.0003116 0.0686142 0.110257 0.003147
131216 0.0010437 -0.0006752 0.000282 0.0622926 0.1024047 0.0030588
131248 0.0014367 -0.0008558 0.0002343 0.0562724 0.0937779 9.02e-05
131280 0.0004983 -0.0002998 9.94e-05 0.0578829 0.0959854 -0.0011483
131312 0.000491 -0.0002099 -6.19e-05 0.0519921 0.0866966 -0.002152
131344 0.0092478 -0.0047834 0.0006347 0.0332288 0.0575465 -0.0005628
131600 -0.0037962 0.0018301 0.0001317 0.0465783 0.0645228 -0.0012137
131632 -0.0014419 0.0003079 0.0008461 0.0420615 0.0671974 -0.0064544
131664 -0.0013711 0.0003761 0.0005694 0.0291826 0.0573302 -0.0127536
131696 -0.0015983 0.0004538 0.0006494 0.0174183 0.0483002 -0.0166642
131728 -0.0037167 0.0019139 -0.0001034 0.017318 0.0563746 -0.0175387
131760 -0.0040372 0.0020542 -8.16e-05 0.0247881 0.0738086 -0.020926
131792 0.0020924 -0.0018052 0.0014695 0.0127471 0.0570376 -0.0226135
131824 0.0017613 -0.0012276 0.0007039 -0.0109303 0.019042 -0.0246094
131856 0.0039114 -0.0007674 -0.001234 -0.0077728 0.0186911 -0.0164436
132112 0.0003237 -0.0005565 0.0007665 -0.0363439 0.0080609 -0.0152809
132144 0.0016162 -0.0012171 0.0007414 -0.0515032 -0.0137963 -0.0203518
132176 0.0012786 -0.0009766 0.0006347 -0.0659915 -0.0305952 -0.0251921
132208 0.0013893 -0.0009442 0.0005519 -0.0769951 -0.0430531 -0.0287422
132240 0.0009323 -0.0006587 0.0003766 -0.0893919 -0.0580522 -0.0285369
132272 5.39e-05 -4.2e-05 2.86e-05 -0.0907809 -0.0603444 -0.0313515
132304 -0.0008086 0.0004733 -0.0001444 -0.0891967 -0.0602037 -0.0318823
132336 -0.0025109 0.00172 -0.0009439 -0.0756063 -0.0494901 -0.0349113
132368 -0.0001484 0.0017483 -0.0019422 -0.045557 -0.0192664 -0.024204
132624 0.0003208 -0.0001187 -2.47e-05 -0.0430778 0.0437506 0.0117379
132656 -0.0002293 0.0002298 -0.000333 -0.040241 0.051925 0.006179
132688 0.0014086 -0.0005952 -0.0002746 -0.0373648 0.0505271 4.2e-06
132720 0.0018276 -0.0008092 -0.0002503 -0.0273218 0.0461291 -0.0034851
132752 0.0016091 -0.00054 -0.000485 -0.0171516 0.0464725 -0.0050586
132784 0.0032393 -0.0014527 -0.0003701 -0.0037298 0.0538643 -0.0086202
132816 0.0038379 -0.0018065 -0.000213 -0.0007206 0.0601768 -0.0093738
132848 0.0043624 -0.0020379 -0.0003403 0.0065566 0.0630349 -0.010314
132880 0.0080799 -0.0050187 0.0019479 0.0023958 0.0317416 0.004649
133136 -0.0007569 0.0003322 4.28e-05 -0.0692047 0.079821 -0.0256578
133168 -0.0013594 0.0007583 -0.0001879 -0.0654906 0.0828794 -0.0308838
133200 -0.0007708 0.0005108 -0.0002524 -0.0656346 0.086172 -0.0379309
133232 0.0003222 -2.42e-05 -0.0002954 -0.0613601 0.090118 -0.0406553
133264 0.0028649 -0.0013865 -0.0001146 -0.0579532 0.0936284 -0.0434098
133296 0.002591 -0.001198 -0.0002362 -0.0448839 0.0817688 -0.0484508
133328 0.0015102 -0.0007305 -4.61e-05 -0.0364765 0.0799674 -0.0507881
133360 0.0014526 -0.0006951 -8.37e-05 -0.0223208 0.0685461 -0.0540707
133392 0.0112147 -0.0046221 0.0010929 -0.0140735 0.0490875 -0.0394907
133648 0.0029613 -0.0020204 0.0011229 -0.061381 0.0542733 -0.0195878
133680 0.0018766 -0.0013555 0.000842 -0.0505371 0.0238298 -0.0227146
133712 0.0023028 -0.0016473 0.0009479 -0.0467253 0.0041068 -0.0286868
133744 0.0007722 -0.0005533 0.0003328 -0.0424574 -0.0109531 -0.0289042
133776 0.0003141 -0.0002176 0.0001347 -0.0428449 -0.017007 -0.0293162
133808 -0.0002249 0.0002763 -0.0003383 -0.0423444 -0.0126097 -0.0301097
133840 -0.001329 0.0009138 -0.0004905 -0.046501 -0.0019568 -0.0316926
133872 -0.0011631 0.0010131 -0.0008413 -0.0479395 0.0156239 -0.0335222
133904 0.0015415 0.0006757 -0.001411 -0.0422426 0.0284158 -0.0226919
134160 0.0038031 -0.0024719 0.0011181 -0.0661046 0.068884 0.0257863
134192 0.0021396 -0.0013466 0.0005895 -0.0476314 0.0387056 0.0220978
134224 0.0031125 -0.0019621 0.0007437 -0.0364777 0.0188679 0.018
134256 0.002572 -0.0016054 0.0006397 -0.0250843 -0.0028388 0.0161295
134288 0.0010141 -0.00066 0.0003237 -0.0208215 -0.0144486 0.015595
134320 7.7e-06 -4.3e-06 1.36e-05 -0.0211386 -0.0149384 0.0132489
134352 0.000964 -0.0003922 -0.0002347 -0.0224617 -0.0091265 0.0102905
134384 0.0022933 -0.0008454 -0.0005806 -0.0205555 -0.0042412 0.0073258
134416 -0.0037803 0.0024656 -0.0025332 -0.008329 -0.0034585 0.0136506
134672 -0.0015504 0.000745 2.17e-05 -0.0553845 0.062036 -0.0131872
134704 4.75e-05 -0.0001991 0.0003136 -0.0577623 0.0640086 -0.0185968
134736 -0.0003335 -1.86e-05 0.0003292 -0.0569888 0.0616051 -0.0249293
134768 -0.0006304 0.0003433 -4.66e-05 -0.0524253 0.0553939 -0.0263272
134800 -0.0016001 0.0008475 -8.71e-05 -0.0492441 0.0512104 -0.0309577
134832 -0.0013987 0.0009957 -0.0005934 -0.0507995 0.0557397 -0.0333059
134864 -0.0014199 0.001002 -0.0007028 -0.0573502 0.0673346 -0.0364964
134896 9.9e-06 0.0003648 -0.0006971 -0.0604993 0.0756497 -0.0380566
134928 0.0083384 -0.0030361 -6e-05 -0.0484748 0.062367 -0.0284191
135184 0.0013294 -0.0011915 0.0010535 -0.0458746 0.0511227 0.0008324
135216 0.0003454 -0.00063 0.0008494 -0.0210234 0.0224089 -0.0045295
135248 0.0019081 -0.0014529 0.0010317 0.0056513 -0.0084697 -0.0111661
135280 0.0008712 -0.0008066 0.0007882 0.0261843 -0.0321566 -0.0124434
135312 0.0005162 -0.0005654 0.0006141 0.0464861 -0.0556096 -0.0150504
135344 -0.0011366 0.0005823 -7.56e-05 0.0451125 -0.0539093 -0.0185186
135376 -0.0024199 0.0015703 -0.0007823 0.0365871 -0.0439836 -0.0205022
135408 -0.0036576 0.0025269 -0.0014119 0.0095046 -0.0124846 -0.0236422
135440 0.0009846 0.0008193 -0.00136 -0.0160165 0.0173704 -0.0151672
135696 0.0041824 -0.0024759 0.0007549 -0.0416553 0.033872 -0.0002398
135728 0.0016357 -0.0011888 0.0007099 -0.0150145 0.0116364 -0.006807
135760 0.0005062 -0.0005093 0.0004724 0.0069755 -0.0068076 -0.0137215
135792 0.0008188 -0.0005822 0.0003036 0.0268969 -0.0234909 -0.0174224
135824 -5.13e-05 2.13e-05 6e-07 0.0316676 -0.0275416 -0.0206664
135856 -0.0012053 0.0008489 -0.000539 0.0252508 -0.0221606 -0.0237157
135888 -0.0006402 0.0004878 -0.0003514 0.0061494 -0.006242 -0.0266667
135920 -0.0015464 0.000984 -0.0004434 -0.0057376 0.0036226 -0.0316438
135952 0.0039276 -0.0009507 -0.000742 -0.0189012 0.0147431 -0.0215558
136208 -0.0016656 0.000555 0.0005172 -0.0106698 -0.0104545 0.0353985
136240 -0.0023637 0.0012097 -8.71e-05 0.0026226 -0.0166253 0.0269468
136272 -0.0008362 0.0001438 0.0005056 0.017975 -0.0234278 0.0241437
136304 -0.0013381 0.0006061 4.46e-05 0.028987 -0.028815 0.0216691
136336 -0.0022099 0.0011213 -7.81e-05 0.036646 -0.0311086 0.0177635
136368 -0.0021182 0.0012353 -0.0003703 0.029851 -0.0268832 0.0167379
136400 -0.0016207 0.0011996 -0.0007351 0.0205152 -0.0222409 0.0138332
136432 0.0006151 0.0001706 -0.0010169 0.0036299 -0.012673 0.0073108
136464 0.0039648 -0.0014894 -0.00088 -0.0092404 -0.0041469 0.0109187
136720 0.0033496 -0.0022436 0.0011422 0.0220046 -0.0409341 0.0153058
136752 0.0005556 -0.0006536 0.0007193 0.0428582 -0.0369699 0.0101158
136784 0.0006059 -0.0005999 0.0005843 0.0524729 -0.0339348 0.0038723
136816 0.0006435 -0.0005024 0.0003274 0.0615133 -0.0300912 0.0014446
136848 -0.0005107 0.0002782 -3.14e-05 0.0627415 -0.0277788 0.0002268
136880 -0.0012216 0.0006735 -0.0001152 0.0557963 -0.0251595 -0.0017844
136912 -0.0030598 0.0018533 -0.000679 0.0457986 -0.0259689 -0.0035385
136944 -0.0031637 0.0020148 -0.0008752 0.0255691 -0.0257905 -0.0065345
136976 0.0039943 -0.0009653 -0.0012149 0.0031149 -0.0231751 -0.0031923
137232 -0.001417 0.0006785 6.77e-05 0.048291 -0.0394867 0.0083245
137264 -0.0024118 0.0008775 0.0006547 0.0533702 -0.0241747 0.0017967
137296 -0.0025525 0.0010849 0.0003895 0.0591246 -0.0132088 -0.0043817
137328 -0.0028404 0.001261 0.0003095 0.0609019 -0.0025048 -0.0075208
137360 -0.0043342 0.0021332 3.15e-05 0.0627116 0.0043401 -0.0118279
137392 -0.005872 0.0032087 -0.0006251 0.0555348 0.0062457 -0.0131677
137424 -0.0036828 0.002127 -0.0005575 0.0439906 0.0004439 -0.0155497
137456 -0.003204 0.001864 -0.0005651 0.0320925 -0.0042497 -0.0185469
137488 0.0002348 0.000783 -0.0004724 0.0234218 -0.010708 -0.0106473
137744 0.0010328 -0.0007083 0.0003403 0.0433278 -0.0625372 0.0458328
137776 0.0021534 -0.0012583 0.0004039 0.0501703 -0.0616999 0.0392205
137808 0.0002964 -0.0002612 0.0001976 0.0598072 -0.0519905 0.0331558
137840 0.0038153 -0.0020947 0.0003609 0.0610117 -0.0517955 0.032098
137872 0.0028894 -0.0015614 0.0002253 0.0625732 -0.0454946 0.0308509
137904 0.0019589 -0.0007752 -0.0004152 0.054595 -0.0513834 0.0279361
137936 0.0034043 -0.0015996 -0.0002471 0.0513283 -0.0600805 0.024958
137968 0.0041463 -0.0019003 -0.0002994 0.0402081 -0.0643224 0.0244259
138000 0.0074566 -0.0038138 -0.0001258 0.0297592 -0.0494688 0.0196407
138256 0.0018535 -0.0010554 0.0002086 0.046255 -0.0414862 -0.0288983
138288 0.0004248 -3.55e-05 -0.0004248 0.0310123 -0.0305805 -0.0337655
138320 0.0025003 -0.0012908 1.33e-05 0.0198488 -0.0318256 -0.0378326
138352 0.0023845 -0.0012606 0.0001748 0.0128926 -0.0248485 -0.0400373
138384 0.0029021 -0.0014562 7.77e-05 0.0164316 -0.0299267 -0.0409101
138416 0.0024897 -0.0013482 0.0002091 0.0225466 -0.0274458 -0.0448298
138448 0.0024682 -0.0012877 4.26e-05 0.0325129 -0.0327892 -0.0451014
138480 0.0031813 -0.0015419 -0.0001529 0.0348538 -0.0378371 -0.046493
138512 0.0042234 -0.0029237 0.0006638 0.0192076 -0.0223264 -0.0134488
138768 0.0033417 -0.0018316 0.0003023 0.0792959 -0.0113251 0.0126415
138800 0.0043237 -0.0024553 0.0005762 0.0813088 -0.0052662 0.0080101
138832 0.0028768 -0.0017223 0.0004768 0.0840707 0.0015787 0.003006
138864 0.0030447 -0.0017897 0.0004974 0.0853828 0.0104374 0.0004638
138896 0.0035842 -0.0020899 0.0005867 0.088011 0.019692 0.0007112
138928 0.0037593 -0.001999 0.0001775 0.0839606 0.0260251 -0.0017473
138960 0.0045081 -0.0022621 2e-07 0.0801333 0.0255065 -0.0032533
138992 0.0068432 -0.0036343 0.0004508 0.0662723 0.0298214 -0.0059834
139024 -0.0043183 0.0024601 -0.0029187 0.030146 0.0192146 0.0066745
139280 0.0031358 -0.0021501 0.0010887 0.0426746 0.0287838 -0.0005422
139312 0.0019339 -0.001342 0.0007519 0.0222533 0.0343753 -0.0047911
139344 0.0022917 -0.0015556 0.0008029 0.0091714 0.0392627 -0.0091459
139376 -0.0006105 0.0002469 9.76e-05 -0.0043705 0.0417735 -0.0119173
139408 -0.0012191 0.0004542 0.0002214 -0.0075122 0.0447908 -0.0136453
139440 -0.0021316 0.0012218 -0.0003996 -0.0024322 0.0430137 -0.0175491
139472 -0.0025112 0.0014402 -0.0003638 0.0085746 0.0419764 -0.0204947
139504 -0.0036048 0.0021714 -0.0008487 0.0190857 0.0376364 -0.0217593
139536 -0.0067056 0.0037076 -0.002691 0.0149606 0.0173092 -0.0012739
139792 0.0039338 -0.0025958 0.0012683 0.0206467 0.0220435 0.006014
139824 0.0011316 -0.0009574 0.0007276 -0.0136502 0.0083432 0.0028317
139856 0.0011317 -0.001017 0.0008285 -0.0411807 -0.0024392 -0.0011361
139888 -0.0017312 0.0008028 0.0002049 -0.0595868 -0.0102463 -0.0022186
139920 -0.0019032 0.0009056 0.0001471 -0.0689454 -0.014192 -0.0038384
139952 -0.0050229 0.0029082 -0.0007259 -0.0620955 -0.0130349 -0.0045323
139984 -0.0062448 0.0036706 -0.0011445 -0.0439514 -0.007785 -0.0050612
140016 -0.0064197 0.0040622 -0.001668 -0.0231233 -0.0037753 -0.0061936
140048 -0.0032107 0.0021554 -0.0010892 -0.0056128 -0.0005137 0.0086908
140304 -0.001433 0.0006586 6.42e-05 0.0459888 0.0391015 0.0443286
140336 -0.0016838 0.0007452 0.000107 0.0492239 0.0418766 0.0395098
140368 -0.0011056 0.0004236 0.0002385 0.0477234 0.0407501 0.0318474
140400 -0.0015774 0.0008844 -0.0001823 0.0385843 0.0331853 0.0284319
140432 -0.0010324 0.0004233 0.0001999 0.0307913 0.0266143 0.0268101
140464 -0.0024132 0.0016579 -0.000879 0.035233 0.0298249 0.0237227
140496 -0.0055209 0.0030834 -0.0006509 0.0460244 0.0383752 0.0203888
140528 -0.0012257 0.000492 0.0002464 0.041601 0.0343338 0.0187706
140560 0.0045403 -0.0014031 -0.0008753 0.0375999 0.0308463 0.013635
140816 -0.0004394 0.0003214 -0.0002477 0.0489192 0.0569583 0.0078128
140848 0.0010373 -0.0003975 -0.0002334 0.0539922 0.0626082 0.0018463
140880 0.0013354 -0.0007546 0.0001721 0.0516791 0.0599734 -0.0035966
140912 0.0022187 -0.0012742 0.0002975 0.0402638 0.0469779 -0.0067696
140944 0.0013813 -0.0008439 0.0002439 0.0326076 0.0383476 -0.0083005
140976 0.000854 -0.0004154 -5.6e-05 0.0312315 0.0367662 -0.0110684
141008 0.0012235 -0.0005526 -0.0001398 0.0374579 0.0439208 -0.0120405
141040 0.0020994 -0.0009289 -0.0002863 0.044225 0.0515075 -0.0141786
141072 0.0075391 -0.0032727 -0.0001375 0.0390039 0.0453559 -0.0090493
16974336  0.00113428  -8.74928e-05  0.00289275  2.33703  -2.63347  -5.05168
16990720  0.000850785  0.000539955  0.00368812  2.31683  -2.53597  -5.22162
17007104  0.000882032  5.55639e-05  0.00293825  2.32524  -2.76212  -3.93947
17023488  0.000591052  0.000333477  0.00310872  2.34411  -2.8657  -3.78042
16975360  0.000606414  0.000245904  0.00113692  2.50543  -2.61765  -5.08725
16991744  0.000991351  0.000242052  0.00146628  2.48364  -2.53183  -5.26389
17008128  0.00052553  0.000383603  0.00161396  2.56342  -2.6883  -3.93821
17024512  0.000520623  0.000575448  0.00372761  2.62749  -2.75074  -3.77541
16976384  0.000577767  0.000192076  0.0050173  2.45361  -2.68738  -5.13184
16992768  0.00202711  8.23772e-05  0.00443749  2.4466  -2.55201  -5.31596
17009152  0.000370011  -8.1952e-05  0.00372218  2.44889  -2.7365  -4.04
17025536  -0.00104431  0.000362844  0.00242725  2.45984  -2.69777  -3.8589
16977408  -0.000338476  -7.09075e-05  0.0142326  -1.78335  -2.86443  -5.51265
16993792  -0.000324157  -0.00102412  0.00902242  -1.80905  -2.92217  -5.67054
17010176  -0.000240843  -1.15945e-05  0.00931231  -1.78763  -2.83927  -4.43326
17026560  -0.000581338  -0.000305443  0.00899371  -1.80007  -2.7944  -4.23541
16978432  -0.000884853  -3.87778e-05  0.0128401  -2.07509  -2.972  -5.34566
16994816  -4.60897e-05  0.000659445  0.0148963  -2.10106  -3.01514  -5.52034
17011200  -0.00060146  0.000503851  0.014635  -2.03485  -2.88261  -4.28333
17027584  -0.000727499  0.000133097  0.0149872  -1.98941  -2.81148  -4.09078
16979456  -0.000392015  -0.000409865  0.000191231  -1.70822  -2.74429  -5.14939
16995840  -1.81292e-06  0.000609341  0.00224764  -1.71635  -2.75269  -5.32409
17012224  -0.000410166  0.00020204  0.00198618  -1.7094  -2.69393  -4.08704
17028608  -0.000338805  -0.000182995  0.00233837  -1.69797  -2.65159  -3.89447
16980480  -3.27963e-05  -0.000663623  0.00671177  -1.6999  -3.04201  -5.38145
16996864  -0.000328502  0.000517105  0.00585934  -1.68613  -3.07295  -5.54497
17013248  -0.000492896  0.000421668  0.00451884  -1.68188  -3.00272  -4.27156
17029632  -0.000442904  0.000115931  0.00228062  -1.67535  -2.97115  -4.09858
16981504  0.000897608  0.000427429  0.000619039  -1.84362  -3.07724  -5.25365
16997888  -0.000570444  0.00195948  -0.00275458  -1.95597  -3.04586  -5.41772
17014272  0.000163358  0.000486704  0.00169928  -1.7859  -3.09577  -4.14707
17030656  0.000712859  7.31278e-05  0.00165362  -1.74266  -3.14671  -3.95689
16982528  -0.000213751  0.00148308  -0.000730324  -1.81459  -3.25724  -5.28974
16998912  -0.000492877  0.0016202  -0.00203648  -2.00055  -3.30624  -5.46123
17015296  -0.00045445  0.00141308  0.00112215  -1.64807  -3.16276  -4.23999
17031680  -7.06564e-05  0.00120837  -0.000639168  -1.48142  -3.13264  -4.05651
16983552  0.00196234  0.00105728  0.00711451  2.68222  -2.65788  -5.21214
16999936  0.00202246  0.00111739  0.0069669  2.56145  -2.44357  -5.38456
17016320  0.0015318  0.00125898  0.00689905  2.84671  -2.87497  -4.07214
17032704  0.000936282  0.000886432  0.0083539  2.97437  -3.02419  -3.90843
16984576  0.00154363  0.000986695  0.00446267  2.62563  -2.68064  -5.29422
17000960  0.000606528  0.000995948  0.00485132  2.49398  -2.53644  -5.40365
17017344  0.00076653  -8.59093e-05  0.00918002  2.68794  -2.82466  -4.16194
17033728  0.000816612  0.000439167  0.00993187  2.70737  -2.92946  -3.98769
16985600  0.000822349  0.000941004  0.00461614  2.57389  -2.49332  -5.22692
17001984  6.24136e-06  0.000480338  0.00500841  2.46736  -2.43672  -5.33645
17018368  0.00068587  -0.000376471  0.00933713  2.61  -2.58413  -4.09458
17034752  0.000466628  0.000103266  0.0100889  2.5996  -2.66274  -3.92031
17039872  0.00119235  0.000383015  0.0080896  2.9853  -2.55814  -5.07449
17056256  0.00101015  0.000246954  0.00723741  2.98009  -2.42803  -5.27093
17072640  0.000746865  7.142e-05  0.00899863  2.99655  -2.69425  -3.9931
17089024  0.000764676  0.00166673  0.00783964  3.06107  -2.77357  -3.80877
17040896  -0.000313821  0.00100148  0.0036419  2.88541  -2.36997  -5.1519
17057280  0.000282166  0.000604777  0.00425585  2.79988  -2.37277  -5.34588
17073664  0.000841492  -0.000854127  0.00693976  2.89347  -2.45731  -4.00053
17090048  0.000429685  0.000317271  0.0117047  2.8536  -2.5463  -3.83118
17041920  -0.000768931  0.000419549  0.00393991  2.65918  -2.13768  -5.09888
17058304  -5.4424e-05  0.000374197  0.00455407  2.62029  -2.18244  -5.29287
17074688  0.00115971  -0.000609226  0.00723807  2.67173  -2.20977  -3.94745
17091072  0.000217136  0.00019905  0.0120028  2.64797  -2.30721  -3.77808
17042944  0.000359593  -0.0002919  -0.0138487  2.42796  -1.96957  -5.00164
17059328  0.00113573  -0.00035627  -0.0120872  2.47666  -1.88516  -5.15557
17075712  0.000925321  0.00016195  -0.0118832  2.45936  -2.05651  -3.87936
17092096  -0.000543408  0.00028687  -0.0119052  2.48822  -2.0915  -3.69031
17043968  -0.000170429  0.000538467  0.00815385  -2.02991  -2.62792  -5.3418
17060352  0.00221437  0.00150013  0.0062657  -2.12878  -2.53027  -5.51089
17076736  -0.000511818  -0.000296987  0.0116535  -1.95584  -2.57442  -4.15701
17093120  -0.00268046  -0.00106432  0.0144509  -2.0127  -2.41874  -4.04353
17044992  -0.000104858  0.000617622  0.00339221  -2.1468  -2.82763  -5.269
17061376  0.00148923  0.00263527  0.00150416  -2.30832  -2.75584  -5.43804
17077760  1.29574e-05  -0.000277167  0.00689187  -2.07823  -2.78513  -4.08422
17094144  -0.00148978  -0.00201889  0.00969629  -2.17758  -2.71415  -3.97069
17046016  -0.000730463  0.000574235  0.00368465  -2.02401  -3.08182  -5.41267
17062400  -0.000359513  0.00311873  0.00179863  -2.21047  -3.13887  -5.58168
17078784  -0.000180828  -0.000141607  0.00718418  -1.97385  -2.96734  -4.2279
17095168  -0.000610719  -0.00240148  0.00998526  -2.08471  -2.91717  -4.11436
17047040  -4.73919e-05  0.000259572  0.000914803  -2.32823  -3.39768  -5.43267
17063424  -0.000393817  0.000812283  0.00309685  -2.3609  -3.41317  -5.6001
17079808  -0.000586411  0.000939926  0.00122205  -2.25253  -3.37935  -4.33396
17096192  -0.000409832  0.000663447  0.00242625  -2.16127  -3.31193  -4.17942
17048064  -4.01104e-05  0.00103969  0.0013953  -2.13237  -3.67745  -5.36742
17064448  0.000729853  0.000620815  0.00479203  -2.2419  -3.64183  -5.53864
17080832  -0.000791912  0.00106777  0.000816652  -1.98522  -3.61641  -4.2681
17097216  -0.000323748  0.00106131  0.000566234  -1.86117  -3.54262  -4.08253
17049088  -0.000773787  0.000957738  -0.000611954  -1.84052  -3.71096  -5.36784
17065472  -0.00106366  0.000918168  -0.0021796  -1.94484  -3.84634  -5.51825
17081856  -0.00103217  0.00138002  0.00214941  -1.70176  -3.59594  -4.22913
17098240  -0.000417196  0.00128014  0.00603432  -1.5525  -3.51665  -4.05822
17050112  0.000927977  0.000881827  0.00231743  2.89488  -3.10899  -5.60916
17066496  0.000221846  0.000651388  0.00340868  2.79184  -3.02668  -5.80214
17082880  0.000643467  0.000691407  0.00187431  3.01706  -3.24852  -4.52413
17099264  0.000307335  0.00069065  0.00054528  3.10548  -3.31085  -4.34027
17051136  0.00033896  0.000315052  0.00369967  3.00849  -2.75956  -5.52373
17067520  0.000489087  0.000482723  0.00432473  2.97957  -2.71626  -5.67845
17083904  6.56773e-05  0.000266584  0.00319983  3.05722  -2.76283  -4.41861
17100288  0.000497332  0.000531848  0.000973058  3.11951  -2.79692  -4.23884
17105408  0.000701255  0.000628021  0.00165686  2.41884  -2.90761  -5.11457
17121792  0.000800857  -0.00047747  0.00220246  2.36799  -2.84439  -5.31865
17138176  0.000905022  0.000239716  0.00297435  2.46225  -3.01519  -4.05008
17154560  0.000779099  0.000688878  0.00524721  2.51893  -3.10996  -3.88855
17106432  0.000131674  0.000666248  0.00163277  2.48879  -2.8951  -5.11108
17122816  0.000319177  0.000139338  0.00346177  2.44277  -2.87753  -5.26958
17139200  0.000965316  -0.000357472  0.000417154  2.52781  -2.95093  -3.96841
17155584  0.000751779  0.000130304  0.00376841  2.54753  -3.04188  -3.8044
17107456  0.00017983  -2.81456e-05  0.00118195  2.57532  -3.00138  -5.08499
17123840  0.000701396  -6.13509e-05  0.00256813  2.59493  -2.94609  -5.24215
17140224  0.000462179  -0.000367257  0.00244314  2.52298  -3.04326  -3.93594
17156608  0.000189504  -0.00022246  0.00230667  2.50457  -3.07746  -3.75206
17108480  0.000185366  -0.000289604  0.00568639  2.49019  -2.91122  -4.94045
17124864  2.58396e-05  -3.0446e-05  0.00886745  2.52667  -2.88638  -5.09872
17141248  0.000170319  -0.000175134  0.0040165  2.44862  -2.94441  -3.79904
17157632  0.00083513  4.02469e-05  0.00188036  2.4273  -3.01215  -3.63625
17109504  -0.00066742  -0.000330401  0.00468583  -1.87094  -2.88551  -5.15437
17125888  -0.000812282  -0.000185076  0.00662884  -1.82991  -2.98817  -5.31275
17142272  -0.000628833  -0.000230074  0.00418618  -1.91243  -2.81613  -4.00431
17158656  -0.000346931  -0.000321669  0.00362931  -1.94987  -2.74666  -3.84246
17110528  5.23865e-05  7.20554e-05  0.00453287  -2.00842  -2.98117  -5.33798
17126912  -0.000396436  -0.00032407  0.00363501  -2.00161  -2.9989  -5.49055
17143296  0.000167332  0.00026727  0.00560058  -2.00641  -2.96287  -4.21034
17159680  -0.000166354  0.000254222  0.00850957  -1.96771  -2.967  -4.0471
17111552  0.000221006  0.000175387  -0.00215772  -1.56678  -3.12202  -5.46229
17127936  0.00132911  0.002024  -0.00294017  -1.6934  -3.04177  -5.59264
17144320  0.00100618  0.000378434  -0.000143532  -1.55625  -3.17972  -4.20608
17160704  0.000268181  -0.00187131  0.00446394  -1.61713  -3.23758  -4.02646
17112576  -1.43694e-05  -0.000136757  0.00421668  -1.59017  -3.03486  -5.27954
17128960  0.000248634  0.000690446  0.0052845  -1.60968  -3.01525  -5.44723
17145344  6.31073e-05  -9.87842e-05  0.00336453  -1.56306  -3.07256  -4.17757
17161728  -1.37655e-05  -0.000618519  0.00521663  -1.61732  -3.06357  -4.00116
17113600  -9.96919e-05  -5.78463e-05  0.00397774  -1.69097  -3.10514  -5.27512
17129984  -0.000173059  0.000807054  0.00504567  -1.7251  -3.11059  -5.44281
17146368  -4.2629e-05  6.87174e-06  0.00312558  -1.64181  -3.11142  -4.17315
17162752  8.51218e-05  -0.000502749  0.00497775  -1.68678  -3.10774  -3.99674
17114624  0.000355466  0.00065725  -0.000780283  -1.69449  -3.01316  -5.33426
17131008  -9.88655e-05  0.00150022  -0.000359598  -1.82443  -2.99434  -5.50646
17147392  -2.12327e-05  0.000886173  0.000185566  -1.5612  -3.01282  -4.20334
17163776  0.000806872  -0.000442217  0.000776168  -1.53758  -3.05594  -4.04804
17115648  -0.000242533  0.00146101  0.000514966  -1.7915  -3.07574  -5.44872
17132032  -0.000659247  0.00172257  0.000878947  -1.98196  -3.12605  -5.63492
17148416  -0.000522951  0.00168084  0.000333616  -1.53725  -3.05094  -4.29963
17164800  0.000407605  0.00127642  0.00284316  -1.38002  -3.03693  -4.1231
17116672  -0.000724509  0.00128258  0.000923522  -1.62253  -3.37079  -5.37292
17133056  -0.00147079  0.00147223  0.00139034  -1.79259  -3.48424  -5.51601
17149440  -0.00123368  0.00140455  0.00257175  -1.45325  -3.24853  -4.31185
17165824  -0.000832797  0.00127033  0.00768374  -1.32187  -3.147  -4.16594
17117696  0.00201349  0.00207072  0.00227507  2.48218  -2.94436  -5.80817
17134080  0.00284611  0.00219068  0.00337546  2.23008  -2.69722  -5.95233
17150464  0.00142942  0.00155428  0.00211715  2.71886  -3.17871  -4.59212
17166848  0.00102278  0.00132051  0.00549206  2.87466  -3.345  -4.43455
17118720  0.000430315  0.00086113  0.00746247  2.5201  -2.82851  -5.49971
17135104  0.00096156  0.00123019  0.00848457  2.39511  -2.74991  -5.66448
17151488  0.00076637  0.00122941  0.00565567  2.65912  -2.94341  -4.32701
17167872  0.00119359  0.0015687  0.00451887  2.80875  -3.031  -4.17601
17119744  0.000760278  0.00106834  0.00207899  2.51342  -2.64189  -5.32106
17136128  0.000660068  0.000876222  0.00179508  2.40491  -2.56491  -5.47772
17152512  0.000173083  0.000222926  0.00154535  2.64581  -2.70337  -4.17116
17168896  0.000654409  0.000965512  0.00369245  2.72912  -2.77041  -3.99854
17120768  0.000814203  0.000870499  0.00546909  2.37401  -2.56246  -5.0853
17137152  0.000813454  0.000392388  0.00496891  2.30165  -2.47266  -5.22572
17153536  0.000675901  0.000476421  0.00383286  2.45261  -2.6457  -3.96154
17169920  0.000812083  0.00105239  0.00675281  2.53394  -2.74662  -3.77395
17170944  0.000111272  0.000683984  0.000984877  3.07394  -2.6273  -5.27029
17187328  0.000298137  0.000548505  -0.00196941  3.01311  -2.5968  -5.41547
17203712  0.000501961  5.41623e-05  0.000609632  3.14505  -2.66705  -4.10792
17220096  0.00059894  -0.000632696  0.00307547  3.13268  -2.73598  -3.9503
17171968  0.000301399  0.000233861  0.00557978  3.04662  -2.53631  -5.22003
17188352  0.000423223  0.000648528  0.00399897  3.00842  -2.47189  -5.37789
17204736  0.000629783  0.000201262  0.00297627  3.07075  -2.58092  -4.08123
17221120  0.000800523  0.00024541  0.00220366  3.09844  -2.65428  -3.90256
17172992  0.000554967  -9.74941e-05  -0.0018633  2.95762  -2.49644  -5.20304
17189376  0.00127989  -0.000660929  -0.00348812  2.99179  -2.38435  -5.37376
17205760  0.000547613  0.000163815  -0.00070443  2.99002  -2.58117  -3.97081
17222144  9.79933e-05  0.00043133  0.00031796  3.02568  -2.63764  -3.82888
17174016  0.000932055  -0.000384199  -0.00587867  2.81613  -2.28175  -5.01133
17190400  0.00182558  -0.000716025  -0.00559528  2.86766  -2.13729  -5.16281
17206784  0.000904312  -0.000809464  -0.00498135  2.7318  -2.427  -3.83438
17223168  -6.08043e-06  -0.000260596  -0.00464095  2.69423  -2.48324  -3.65682
17175040  -0.000153187  -0.000933123  0.0156196  2.64872  -2.36747  -4.9139
17191424  -0.000147635  -0.000799787  0.016506  2.75306  -2.38449  -5.06264
17207808  0.000102276  -0.000777018  0.0114499  2.52174  -2.34986  -3.72714
17224192  6.98856e-05  -0.000889079  0.00680304  2.41014  -2.35777  -3.55558
17176064  -0.00091271  -0.000838427  0.00439987  -1.99952  -2.73996  -5.49101
17192448  0.000560179  -0.000170084  0.00909307  -1.90896  -2.78372  -5.68149
17208832  -3.71069e-05  -0.000331006  0.00503675  -2.02822  -2.79933  -4.36929
17225216  -0.000475902  -0.000571944  0.00612719  -2.06973  -2.77384  -4.21054
17177088  0.000360764  -0.000219753  0.00769858  -2.19736  -2.61905  -5.73042
17193472  0.000410809  -0.000287913  0.00693731  -2.1681  -2.58041  -5.87514
17209856  0.0004022  -4.34292e-05  0.0112208  -2.24097  -2.61891  -4.53417
17226240  0.00129234  0.000780321  0.0128908  -2.20789  -2.70433  -4.36809
17178112  0.000317337  -0.000532187  0.00710807  -2.14149  -2.91666  -5.48656
17194496  -6.3024e-05  -0.00118  0.00702874  -2.05105  -2.8972  -5.64981
17210880  0.000771788  0.000595998  0.00638109  -2.14207  -2.98921  -4.30622
17227264  0.000994451  0.00092687  0.00509711  -2.06296  -3.09683  -4.13762
17179136  0.000818119  9.14618e-05  0.0016118  -2.31132  -3.19706  -5.48835
17195520  0.00082928  0.00026646  0.000714243  -2.33073  -3.11107  -5.64782
17211904  0.000590071  -0.000200491  0.00232759  -2.32747  -3.26765  -4.40073
17228288  0.000676257  0.000569133  0.00240739  -2.30934  -3.34035  -4.22251
17180160  0.000261976  0.000535004  0.00465919  -2.33415  -3.29231  -5.49452
17196544  0.000204814  0.00070078  0.00376166  -2.40091  -3.27361  -5.65399
17212928  0.000164101  0.000177705  0.00537503  -2.30412  -3.30367  -4.40687
17229312  -5.30616e-05  0.000921069  0.00545496  -2.24365  -3.31059  -4.22864
17181184  0.000439037  0.000973021  0.00151222  -2.2286  -3.45562  -5.48677
17197568  0.000249386  0.000991061  0.00271671  -2.34826  -3.4249  -5.66571
17213952  -5.56368e-05  0.000744985  0.00149008  -2.11089  -3.48262  -4.37751
17230336  0.000347238  0.000576438  -0.000680476  -2.03142  -3.50415  -4.17555
17182208  -1.18612e-05  0.00116994  0.00545028  -1.95156  -3.65536  -5.24259
17198592  0.00087726  0.000672121  0.00701782  -2.08534  -3.61368  -5.39386
17214976  -0.000266826  0.00115336  0.00537092  -1.82143  -3.60862  -4.09922
17231360  0.000127716  0.00107141  0.00566631  -1.68594  -3.59539  -3.96013
17183232  -2.51371e-05  0.00130695  0.012748  -1.63757  -3.6234  -5.43487
17199616  -0.000225781  0.00106579  0.0145321  -1.78263  -3.66018  -5.59271
17216000  -0.00105792  0.00114329  0.0112719  -1.46389  -3.50935  -4.13141
17232384  0.000289682  0.00140671  0.0159057  -1.33935  -3.41972  -3.98755
17184256  0.00150484  0.00120462  0.00595658  2.81128  -3.1801  -5.47042
17200640  0.000797113  0.000837192  0.00535515  2.67626  -3.03617  -5.6473
17217024  0.000961639  0.000788808  0.00644564  2.94737  -3.32538  -4.33225
17233408  0.00123847  0.000963186  0.00607048  3.06095  -3.46666  -4.17023
17185280  0.00104474  0.000880414  0.010072  3.27711  -2.77851  -5.46647
17201664  0.000534017  0.000268012  0.00947015  3.19132  -2.68373  -5.64345
17218048  0.000704457  0.000286975  0.0105607  3.35226  -2.87597  -4.32819
17234432  0.000892386  0.000554794  0.0101857  3.41728  -2.97659  -4.16606
17186304  0.000753164  0.000903255  0.00459058  3.05847  -2.59456  -5.1339
17202688  0.000317831  0.000343643  0.00470446  2.97466  -2.53376  -5.28597
17219072  0.000671246  0.000505122  0.00489762  3.12629  -2.70445  -3.99584
17235456  0.000554366  0.000890909  0.00704454  3.20688  -2.78807  -3.84328