46622
46623
46640
46649
46654
46655
46656
46657
46661
46663
46665
46666
46667
46668
46669
46670
46676
46677
46679
46681
46683
46697
46699
46700
46704
46706
46720
46721
46733
46735
46739
46750
46751
46752
46753
46754
46755
46756
46757
46759
46760
46767
46768
46769
46770
46771
46772
46774
46775
46803
46816
46820
46834
46884
46900
46902
46906
46911
46912
46913
46915
46917
46918
46919
46920
46929
46930
46934
46939
46941
46943
46944
46945
46946
46947
46949
46950
46951
46952
46965
46967
46968
46971
47002
47005
47006
47007
47008
47009
47011
47012
47014
47017
47019
47022
47032
47033
47034
47036
47037
47038
47040
47041
47042
47043
47050
47051
47052
47053
47055
47056
47057
47058
47060
47061
47063
47064
47066
47068
47083
47087
47088
47089
47091
47098
47100
47101
47102
47103
47104
47114
47115
47116
47123
47124
47125
47126
47129
47130
47131
47133
47135
47136
47137
47138
47139
47140
47141
47143
47146
47147
47150
47152
47153
47155
47156
47158
47160
47161
47162
47183
47188
47192
47198
47201
47202
47203
47204
47211
47216
47218
47219
47220
47229
47230
47288
47289
47293
47297
47303
47306
47308
47310
47312
47313
47314
47315
47316
47323
47325
47330
47332
47333
47334
47352
47357
47360
47363
47375
47376
47377
47378
47379
47381
47382
47391
47393
47394
47395
47396
47397
47399
47440
47443
47445
47450
47451
47454
47455
47456
47457
47458
47459
47461
47463
47464
47474
47476
47478
47480
47481
47482
47484
47485
47489
47491
47492
47494
47495
47497
47501
47502
47503
47505
47506
47507
47509
47513
47514
47516
47517
47519
47521
47522
47524
47525
47532
47538
47540
47541
47542
47543
47547
47548
47549
47552
47557
47568
47582
47601
47619
47628
47634
47635
47636
47637
47638
47650
47657
47658
47659
47661
47662
47663
47664
47666
47667
47698
47714
47715
47716
47717
47719
47720
47722
47723
47724
47725
47726
47727
47729
47730
47732
47733
47741
47744
47745
47746
47747
47748
47749
47751
47753
47757
47758
47769
47771
47777
47778
47783
47791
47803
47807
47810
47824
47831
47834
47836
47841
47844
47846
47848
47852
47855
47856
47867
47869
47873
47883
47889
47890
47892
47893
47939
47940
47944
47946
47962
47966
47967
47972
47974
47975
47976
47977
47978
47979
47981
47982
47994
47998
47999
48001
48002
48006
48007
48008
48009
48073
48076
48079
48080
48082
48084
48085
48086
48088
48089
48097
48099
48100
48166
48173
48177
48178
48180
48181
48185
48186
48187
48188
48230
48231
48233
48234
48236
48237
48239
48240
48241
48244
48245
48246
48253
48255
48256
48257
48258
48259
48260
48261
48262
48263
48265
48282
48285
48286
48287
48290
48291
48293
48294
48295
48307
48310
48312
48313
48318
48320
48323
48325
48326
48327
48335
48336
48337
48338
48341
48342
48343
48344
48346
48347
48348
48349
48352
48356
48357
48358
48359
48360
48364
48366
48367
48368
48369
48398
48409
48410
48412
48416
48417
48418
48421
48422
48423
48426
48440
48445
48447
48454
48455
48456
48457
48459
48461
48462
48469
48471
48473
48510
48511
48512
48513
48514
48516
48518
48519
48520
48521
48522
48526
48529
48530
48531
48532
48533
48536
48634
48635
48636
48638
48645
48656
48657
48658
48660
48701
48720
48721
48722
48724
48725
48726
48727
48730
48731
48732
48733
48734
48736
48742
48743
48745
48746
48801
48803
48805
48806
48807
48808
48809
48810
48811
48813
48824
48826
48828
48829
48830
48832
48836
48838
48839
48859
48861
48863
48864
48865
48867
48868
48869
48870
48872
48873
48874
48877
48883
48884
48885
48887
48891
48892
48893
48894
48895
48896
48897
48899
48900
48901
48902
48903
48918
48934
48935
48936
48938
48940
48943
48946
48948
48949
48951
48971
48976
48981
48982
48983
48984
48985
48986
48987
48988
48990
48991
49017
49023
49026
49027
49028
49029
49030
49031
49035
49042
49044
49045
49047
49048
49050
49052
49053
49054
49060
49061
49062
49063
49065
49066
49067
49069
49070
49071
49072
49073
49098
49099
49100
49103
49109
49111
49113
49116
49118
49121
49124
49125
49127
49128
49133
49136
49138
49140
49141
49143
49155
49157
49159
49164
49165
49216
49217
49218
49219
49220
49224
49226
49227
49228
49229
49230
49233
49238
49239
49240
49241
49244
49245
49247
49248
49249
49250
49251
49254
49262
49263
49264
49265
49266
49267
49268
49269
49270
49307
49308
49309
49310
49311
49312
49313
49314
49316
49317
49324
49325
49326
49327
49328
49329
49330
49331
49332
49333
49336
49337
49338
49339
49340
49341
49343
49345
49346
49347
49348
49349
49350
49351
49352
49356
49357
49358
49359
49360
49361
49362
49363
49365
49366
49367
49368
49369
49372
49374
49376
49377
49378
49379
49380
49381
49382
49383
49384
49385
49386
49389
49390
49397
49398
49399
49400
49403
49406
49408
49432
49433
49434
49435
49437
49438
49439
49440
49445
49446
49447
49448
49449
49451
49452
49453
49454
49455
49456
49457
49458
49464
49466
49467
49468
49650
49651
49652
49653
49655
49656
49658
49659
49660
49661
49662
49663
49664
49736
49737
49741
49742
49743
49748
49749
49750
49751
49752
49756
49757
49758
49760
49761
49762
49914
49915
49919
49920
49922
49923
49925
49926
49928
49929
49930
49931
49934
49954
49955
49957
49959
49962
49964
49966
49967
49968
49969
49970
49971
50031
50032
50033
50034
50036
50045
50046
50047
50068
50069
50070
50073
50076
50077
50253
50260
50262
50283
50330
50340
50343
50356
50376
50442
50443
50463
50464
50465
50466
50467
50468
50470
50471
50483
50488
50489
50491
50492
50494
50496
50497
50500
50501
50506
50507
50508
50509
50516
50517
50519
50520
50521
50522
50526
50527
50528
50529
50531
50535
50536
50545
50546
50548
50549
50550
50551
50554
50558
50560
50561
50563
50564
50565
50569
50570
50595
50597
50598
50599
50600
50601
50602
50603
50604
50605
50606
50607
50613
50614
50615
50617
50650
50653
50655
50658
50659
50660
50661
50662
50663
50664
50665
50666
50668
50670
50671
50672
50673
50674
50675
50676
50677
50678
50679
50853
50856
50857
50858
50868
50873
50874
50875
50885
50886
50887
50889
50891
50896
50897
50950
50959
50962
50965
50969
50981
50987
50992
50996
51012
51015
51093
51095
51106
51139
51152
51153
51154
51158
51160
51161
51162
51163
51166
51167
51171
51172
51176
51177
51179
51183
51188
51200
51201
51202
51208
51209
51210
51211
51212
51213
51214
51215
51220
51221
51222
51223
51225
51229
51230
51234
51235
51236
51237
51274
51277
51279
51281
51282
51283
51285
51297
51300
51301
51334
51335
51337
51340
51369
51370
51374
51378
51429
51430
51431
51432
51433
51440
51444
51447
51451
51452
51453
51454
51457
51487
51488
51489
51490
51491
51492
51493
51494
51495
51499
51502
51504
51506
51507
51508
51509
51510
51511
51517
51518
51519
51520
51562
51565
51570
51571
51572
51573
51574
51575
51576
51605
51607
51614
51619
51709
51710
51711
51713
51714
51715
51716
51718
51721
51725
51735
51736
51740
51742
51762
51764
51768
51771
51777
51824
51827
51830
51837
51839
51841
51843
51854
51855
51858
51874
51881
51886
51900
51901
51902
51905
51907
51908
51909
51914
51915
51922
51924
51927
51928
51949
51953
51977
51982
51983
51989
52030
52037
52041
52044
52046
52049
52051
52052
52060
52067
52068
52077
52078
52096
52097
52106
52262
52293
52302
52303
52304
52305
52306
52307
52308
52309
52315
52316
52331
52361
52394
52416
52444
52447
52462
52463
52482
52483
52508
52518
52519
52520
52521
52522
52538
52539
52540
52558
52571
52573
52575
52576
52577
52578
52579
52584
52585
52593
52594
52609
52612
52622
52649
52661
52682
52683
52690
52692
52704
52716
52718
52720
52721
52727
52745
52755
52811
52815
52846
52887
52888
52893
53018
53019
53022
53023
53046
53049
53051
53063
53072
53075
53208
53222
53284
53287
53288
53293
53295
53312
53370
53376
53407
53452
53468
53535
53545
53602
53635
53688
53691
53715
53721
53741
53742
53743
53744
53753
53754
53755
53756
53758
53759
53761
53768
53769
53771
53772
53773
53774
53775
53780
53781
53782
53783
53786
53787
53789
53790
53793
53794
53812
53813
53814
53815
53817
53818
53820
53821
53822
53823
53828
53829
53830
53831
53833
53834
53836
53852
53853
53854
53855
53856
53858
53859
53860
53861
53862
53864
53871
53872
53873
53876
53877
53878
53879
53880
