16 0 0 0 0 0 0
48 0 0 0 0 0 0
80 0 0 0 0 0 0
112 0 0 0 0 0 0
144 0 0 0 0 0 0
176 0 0 0 0 0 0
208 0 0 0 0 0 0
240 0 0 0 0 0 0
272 0 0 0 0 0 0
528 0 0 0 0 0 0
560 0 0 0 0 0 0
592 0 0 0 0 0 0
624 0 0 0 0 0 0
656 0 0 0 0 0 0
688 0 0 0 0 0 0
720 0 0 0 0 0 0
752 0 0 0 0 0 0
784 0 0 0 0 0 0
1040 0 0 0 0 0 0
1072 0 0 0 0 0 0
1104 0 0 0 0 0 0
1136 0 0 0 0 0 0
1168 0 0 0 0 0 0
1200 0 0 0 0 0 0
1232 0 0 0 0 0 0
1264 0 0 0 0 0 0
1296 0 0 0 0 0 0
1552 0 0 0 0 0 0
1584 0 0 0 0 0 0
1616 0 0 0 0 0 0
1648 0 0 0 0 0 0
1680 0 0 0 0 0 0
1712 0 0 0 0 0 0
1744 0 0 0 0 0 0
1776 0 0 0 0 0 0
1808 0 0 0 0 0 0
2064 0 0 0 0 0 0
2096 0 0 0 0 0 0
2128 0 0 0 0 0 0
2160 0 0 0 0 0 0
2192 0 0 0 0 0 0
2224 0 0 0 0 0 0
2256 0 0 0 0 0 0
2288 0 0 0 0 0 0
2320 0 0 0 0 0 0
2576 0 0 0 0 0 0
2608 0 0 0 0 0 0
2640 0 0 0 0 0 0
2672 0 0 0 0 0 0
2704 0 0 0 0 0 0
2736 0 0 0 0 0 0
2768 0 0 0 0 0 0
2800 0 0 0 0 0 0
2832 0 0 0 0 0 0
3088 0 0 0 0 0 0
3120 0 0 0 0 0 0
3152 0 0 0 0 0 0
3184 0 0 0 0 0 0
3216 0 0 0 0 0 0
3248 0 0 0 0 0 0
3280 0 0 0 0 0 0
3312 0 0 0 0 0 0
3344 0 0 0 0 0 0
3600 0 0 0 0 0 0
3632 0 0 0 0 0 0
3664 0 0 0 0 0 0
3696 0 0 0 0 0 0
3728 0 0 0 0 0 0
3760 0 0 0 0 0 0
3792 0 0 0 0 0 0
3824 0 0 0 0 0 0
3856 0 0 0 0 0 0
4112 0 0 0 0 0 0
4144 0 0 0 0 0 0
4176 0 0 0 0 0 0
4208 0 0 0 0 0 0
4240 0 0 0 0 0 0
4272 0 0 0 0 0 0
4304 0 0 0 0 0 0
4336 0 0 0 0 0 0
4368 0 0 0 0 0 0
4624 0 0 0 0 0 0
4656 0 0 0 0 0 0
4688 0 0 0 0 0 0
4720 0 0 0 0 0 0
4752 0 0 0 0 0 0
4784 0 0 0 0 0 0
4816 0 0 0 0 0 0
4848 0 0 0 0 0 0
4880 0 0 0 0 0 0
5136 0 0 0 0 0 0
5168 0 0 0 0 0 0
5200 0 0 0 0 0 0
5232 0 0 0 0 0 0
5264 0 0 0 0 0 0
5296 0 0 0 0 0 0
5328 0 0 0 0 0 0
5360 0 0 0 0 0 0
5392 0 0 0 0 0 0
5648 0 0 0 0 0 0
5680 0 0 0 0 0 0
5712 0 0 0 0 0 0
5744 0 0 0 0 0 0
5776 0 0 0 0 0 0
5808 0 0 0 0 0 0
5840 0 0 0 0 0 0
5872 0 0 0 0 0 0
5904 0 0 0 0 0 0
65552 0 0 0 0 0 0
65584 0 0 0 0 0 0
65616 0 0 0 0 0 0
65648 0 0 0 0 0 0
65680 0 0 0 0 0 0
65712 0 0 0 0 0 0
65744 0 0 0 0 0 0
65776 0 0 0 0 0 0
65808 0 0 0 0 0 0
66064 0 0 0 0 0 0
66096 0 0 0 0 0 0
66128 0 0 0 0 0 0
66160 0 0 0 0 0 0
66192 0 0 0 0 0 0
66224 0 0 0 0 0 0
66256 0 0 0 0 0 0
66288 0 0 0 0 0 0
66320 0 0 0 0 0 0
66576 0 0 0 0 0 0
66608 0 0 0 0 0 0
66640 0 0 0 0 0 0
66672 0 0 0 0 0 0
66704 0 0 0 0 0 0
66736 0 0 0 0 0 0
66768 0 0 0 0 0 0
66800 0 0 0 0 0 0
66832 0 0 0 0 0 0
67088 0 0 0 0 0 0
67120 0 0 0 0 0 0
67152 0 0 0 0 0 0
67184 0 0 0 0 0 0
67216 0 0 0 0 0 0
67248 0 0 0 0 0 0
67280 0 0 0 0 0 0
67312 0 0 0 0 0 0
67344 0 0 0 0 0 0
67600 0 0 0 0 0 0
67632 0 0 0 0 0 0
67664 0 0 0 0 0 0
67696 0 0 0 0 0 0
67728 0 0 0 0 0 0
67760 0 0 0 0 0 0
67792 0 0 0 0 0 0
67824 0 0 0 0 0 0
67856 0 0 0 0 0 0
68112 0 0 0 0 0 0
68144 0 0 0 0 0 0
68176 0 0 0 0 0 0
68208 0 0 0 0 0 0
68240 0 0 0 0 0 0
68272 0 0 0 0 0 0
68304 0 0 0 0 0 0
68336 0 0 0 0 0 0
68368 0 0 0 0 0 0
68624 0 0 0 0 0 0
68656 0 0 0 0 0 0
68688 0 0 0 0 0 0
68720 0 0 0 0 0 0
68752 0 0 0 0 0 0
68784 0 0 0 0 0 0
68816 0 0 0 0 0 0
68848 0 0 0 0 0 0
68880 0 0 0 0 0 0
69136 0 0 0 0 0 0
69168 0 0 0 0 0 0
69200 0 0 0 0 0 0
69232 0 0 0 0 0 0
69264 0 0 0 0 0 0
69296 0 0 0 0 0 0
69328 0 0 0 0 0 0
69360 0 0 0 0 0 0
69392 0 0 0 0 0 0
69648 0 0 0 0 0 0
69680 0 0 0 0 0 0
69712 0 0 0 0 0 0
69744 0 0 0 0 0 0
69776 0 0 0 0 0 0
69808 0 0 0 0 0 0
69840 0 0 0 0 0 0
69872 0 0 0 0 0 0
69904 0 0 0 0 0 0
70160 0 0 0 0 0 0
70192 0 0 0 0 0 0
70224 0 0 0 0 0 0
70256 0 0 0 0 0 0
70288 0 0 0 0 0 0
70320 0 0 0 0 0 0
70352 0 0 0 0 0 0
70384 0 0 0 0 0 0
70416 0 0 0 0 0 0
70672 0 0 0 0 0 0
70704 0 0 0 0 0 0
70736 0 0 0 0 0 0
70768 0 0 0 0 0 0
70800 0 0 0 0 0 0
70832 0 0 0 0 0 0
70864 0 0 0 0 0 0
70896 0 0 0 0 0 0
70928 0 0 0 0 0 0
71184 0 0 0 0 0 0
71216 0 0 0 0 0 0
71248 0 0 0 0 0 0
71280 0 0 0 0 0 0
71312 0 0 0 0 0 0
71344 0 0 0 0 0 0
71376 0 0 0 0 0 0
71408 0 0 0 0 0 0
71440 0 0 0 0 0 0
71696 0 0 0 0 0 0
71728 0 0 0 0 0 0
71760 0 0 0 0 0 0
71792 0 0 0 0 0 0
71824 0 0 0 0 0 0
71856 0 0 0 0 0 0
71888 0 0 0 0 0 0
71920 0 0 0 0 0 0
71952 0 0 0 0 0 0
72208 0 0 0 0 0 0
72240 0 0 0 0 0 0
72272 0 0 0 0 0 0
72304 0 0 0 0 0 0
72336 0 0 0 0 0 0
72368 0 0 0 0 0 0
72400 0 0 0 0 0 0
72432 0 0 0 0 0 0
72464 0 0 0 0 0 0
72720 0 0 0 0 0 0
72752 0 0 0 0 0 0
72784 0 0 0 0 0 0
72816 0 0 0 0 0 0
72848 0 0 0 0 0 0
72880 0 0 0 0 0 0
72912 0 0 0 0 0 0
72944 0 0 0 0 0 0
72976 0 0 0 0 0 0
73232 0 0 0 0 0 0
73264 0 0 0 0 0 0
73296 0 0 0 0 0 0
73328 0 0 0 0 0 0
73360 0 0 0 0 0 0
73392 0 0 0 0 0 0
73424 0 0 0 0 0 0
73456 0 0 0 0 0 0
73488 0 0 0 0 0 0
131088 0 0 0 0 0 0
131120 0 0 0 0 0 0
131152 0 0 0 0 0 0
131184 0 0 0 0 0 0
131216 0 0 0 0 0 0
131248 0 0 0 0 0 0
131280 0 0 0 0 0 0
131312 0 0 0 0 0 0
131344 0 0 0 0 0 0
131600 0 0 0 0 0 0
131632 0 0 0 0 0 0
131664 0 0 0 0 0 0
131696 0 0 0 0 0 0
131728 0 0 0 0 0 0
131760 0 0 0 0 0 0
131792 0 0 0 0 0 0
131824 0 0 0 0 0 0
131856 0 0 0 0 0 0
132112 0 0 0 0 0 0
132144 0 0 0 0 0 0
132176 0 0 0 0 0 0
132208 0 0 0 0 0 0
132240 0 0 0 0 0 0
132272 0 0 0 0 0 0
132304 0 0 0 0 0 0
132336 0 0 0 0 0 0
132368 0 0 0 0 0 0
132624 0 0 0 0 0 0
132656 0 0 0 0 0 0
132688 0 0 0 0 0 0
132720 0 0 0 0 0 0
132752 0 0 0 0 0 0
132784 0 0 0 0 0 0
132816 0 0 0 0 0 0
132848 0 0 0 0 0 0
132880 0 0 0 0 0 0
133136 0 0 0 0 0 0
133168 0 0 0 0 0 0
133200 0 0 0 0 0 0
133232 0 0 0 0 0 0
133264 0 0 0 0 0 0
133296 0 0 0 0 0 0
133328 0 0 0 0 0 0
133360 0 0 0 0 0 0
133392 0 0 0 0 0 0
133648 0 0 0 0 0 0
133680 0 0 0 0 0 0
133712 0 0 0 0 0 0
133744 0 0 0 0 0 0
133776 0 0 0 0 0 0
133808 0 0 0 0 0 0
133840 0 0 0 0 0 0
133872 0 0 0 0 0 0
133904 0 0 0 0 0 0
134160 0 0 0 0 0 0
134192 0 0 0 0 0 0
134224 0 0 0 0 0 0
134256 0 0 0 0 0 0
134288 0 0 0 0 0 0
134320 0 0 0 0 0 0
134352 0 0 0 0 0 0
134384 0 0 0 0 0 0
134416 0 0 0 0 0 0
134672 0 0 0 0 0 0
134704 0 0 0 0 0 0
134736 0 0 0 0 0 0
134768 0 0 0 0 0 0
134800 0 0 0 0 0 0
134832 0 0 0 0 0 0
134864 0 0 0 0 0 0
134896 0 0 0 0 0 0
134928 0 0 0 0 0 0
135184 0 0 0 0 0 0
135216 0 0 0 0 0 0
135248 0 0 0 0 0 0
135280 0 0 0 0 0 0
135312 0 0 0 0 0 0
135344 0 0 0 0 0 0
135376 0 0 0 0 0 0
135408 0 0 0 0 0 0
135440 0 0 0 0 0 0
135696 0 0 0 0 0 0
135728 0 0 0 0 0 0
135760 0 0 0 0 0 0
135792 0 0 0 0 0 0
135824 0 0 0 0 0 0
135856 0 0 0 0 0 0
135888 0 0 0 0 0 0
135920 0 0 0 0 0 0
135952 0 0 0 0 0 0
136208 0 0 0 0 0 0
136240 0 0 0 0 0 0
136272 0 0 0 0 0 0
136304 0 0 0 0 0 0
136336 0 0 0 0 0 0
136368 0 0 0 0 0 0
136400 0 0 0 0 0 0
136432 0 0 0 0 0 0
136464 0 0 0 0 0 0
136720 0 0 0 0 0 0
136752 0 0 0 0 0 0
136784 0 0 0 0 0 0
136816 0 0 0 0 0 0
136848 0 0 0 0 0 0
136880 0 0 0 0 0 0
136912 0 0 0 0 0 0
136944 0 0 0 0 0 0
136976 0 0 0 0 0 0
137232 0 0 0 0 0 0
137264 0 0 0 0 0 0
137296 0 0 0 0 0 0
137328 0 0 0 0 0 0
137360 0 0 0 0 0 0
137392 0 0 0 0 0 0
137424 0 0 0 0 0 0
137456 0 0 0 0 0 0
137488 0 0 0 0 0 0
137744 0 0 0 0 0 0
137776 0 0 0 0 0 0
137808 0 0 0 0 0 0
137840 0 0 0 0 0 0
137872 0 0 0 0 0 0
137904 0 0 0 0 0 0
137936 0 0 0 0 0 0
137968 0 0 0 0 0 0
138000 0 0 0 0 0 0
138256 0 0 0 0 0 0
138288 0 0 0 0 0 0
138320 0 0 0 0 0 0
138352 0 0 0 0 0 0
138384 0 0 0 0 0 0
138416 0 0 0 0 0 0
138448 0 0 0 0 0 0
138480 0 0 0 0 0 0
138512 0 0 0 0 0 0
138768 0 0 0 0 0 0
138800 0 0 0 0 0 0
138832 0 0 0 0 0 0
138864 0 0 0 0 0 0
138896 0 0 0 0 0 0
138928 0 0 0 0 0 0
138960 0 0 0 0 0 0
138992 0 0 0 0 0 0
139024 0 0 0 0 0 0
139280 0 0 0 0 0 0
139312 0 0 0 0 0 0
139344 0 0 0 0 0 0
139376 0 0 0 0 0 0
139408 0 0 0 0 0 0
139440 0 0 0 0 0 0
139472 0 0 0 0 0 0
139504 0 0 0 0 0 0
139536 0 0 0 0 0 0
139792 0 0 0 0 0 0
139824 0 0 0 0 0 0
139856 0 0 0 0 0 0
139888 0 0 0 0 0 0
139920 0 0 0 0 0 0
139952 0 0 0 0 0 0
139984 0 0 0 0 0 0
140016 0 0 0 0 0 0
140048 0 0 0 0 0 0
140304 0 0 0 0 0 0
140336 0 0 0 0 0 0
140368 0 0 0 0 0 0
140400 0 0 0 0 0 0
140432 0 0 0 0 0 0
140464 0 0 0 0 0 0
140496 0 0 0 0 0 0
140528 0 0 0 0 0 0
140560 0 0 0 0 0 0
140816 0 0 0 0 0 0
140848 0 0 0 0 0 0
140880 0 0 0 0 0 0
140912 0 0 0 0 0 0
140944 0 0 0 0 0 0
140976 0 0 0 0 0 0
141008 0 0 0 0 0 0
141040 0 0 0 0 0 0
141072 0 0 0 0 0 0
16974336 0 0 0 0 0 0
16990720 0 0 0 0 0 0
17007104 0 0 0 0 0 0
17023488 0 0 0 0 0 0
16975360 0 0 0 0 0 0
16991744 0 0 0 0 0 0
17008128 0 0 0 0 0 0
17024512 0 0 0 0 0 0
16976384 0 0 0 0 0 0
16992768 0 0 0 0 0 0
17009152 0 0 0 0 0 0
17025536 0 0 0 0 0 0
16977408 0 0 0 0 0 0
16993792 0 0 0 0 0 0
17010176 0 0 0 0 0 0
17026560 0 0 0 0 0 0
16978432 0 0 0 0 0 0
16994816 0 0 0 0 0 0
17011200 0 0 0 0 0 0
17027584 0 0 0 0 0 0
16979456 0 0 0 0 0 0
16995840 0 0 0 0 0 0
17012224 0 0 0 0 0 0
17028608 0 0 0 0 0 0
16980480 0 0 0 0 0 0
16996864 0 0 0 0 0 0
17013248 0 0 0 0 0 0
17029632 0 0 0 0 0 0
16981504 0 0 0 0 0 0
16997888 0 0 0 0 0 0
17014272 0 0 0 0 0 0
17030656 0 0 0 0 0 0
16982528 0 0 0 0 0 0
16998912 0 0 0 0 0 0
17015296 0 0 0 0 0 0
17031680 0 0 0 0 0 0
16983552 0 0 0 0 0 0
16999936 0 0 0 0 0 0
17016320 0 0 0 0 0 0
17032704 0 0 0 0 0 0
16984576 0 0 0 0 0 0
17000960 0 0 0 0 0 0
17017344 0 0 0 0 0 0
17033728 0 0 0 0 0 0
16985600 0 0 0 0 0 0
17001984 0 0 0 0 0 0
17018368 0 0 0 0 0 0
17034752 0 0 0 0 0 0
17039872 0 0 0 0 0 0
17056256 0 0 0 0 0 0
17072640 0 0 0 0 0 0
17089024 0 0 0 0 0 0
17040896 0 0 0 0 0 0
17057280 0 0 0 0 0 0
17073664 0 0 0 0 0 0
17090048 0 0 0 0 0 0
17041920 0 0 0 0 0 0
17058304 0 0 0 0 0 0
17074688 0 0 0 0 0 0
17091072 0 0 0 0 0 0
17042944 0 0 0 0 0 0
17059328 0 0 0 0 0 0
17075712 0 0 0 0 0 0
17092096 0 0 0 0 0 0
17043968 0 0 0 0 0 0
17060352 0 0 0 0 0 0
17076736 0 0 0 0 0 0
17093120 0 0 0 0 0 0
17044992 0 0 0 0 0 0
17061376 0 0 0 0 0 0
17077760 0 0 0 0 0 0
17094144 0 0 0 0 0 0
17046016 0 0 0 0 0 0
17062400 0 0 0 0 0 0
17078784 0 0 0 0 0 0
17095168 0 0 0 0 0 0
17047040 0 0 0 0 0 0
17063424 0 0 0 0 0 0
17079808 0 0 0 0 0 0
17096192 0 0 0 0 0 0
17048064 0 0 0 0 0 0
17064448 0 0 0 0 0 0
17080832 0 0 0 0 0 0
17097216 0 0 0 0 0 0
17049088 0 0 0 0 0 0
17065472 0 0 0 0 0 0
17081856 0 0 0 0 0 0
17098240 0 0 0 0 0 0
17050112 0 0 0 0 0 0
17066496 0 0 0 0 0 0
17082880 0 0 0 0 0 0
17099264 0 0 0 0 0 0
17051136 0 0 0 0 0 0
17067520 0 0 0 0 0 0
17083904 0 0 0 0 0 0
17100288 0 0 0 0 0 0
17105408 0 0 0 0 0 0
17121792 0 0 0 0 0 0
17138176 0 0 0 0 0 0
17154560 0 0 0 0 0 0
17106432 0 0 0 0 0 0
17122816 0 0 0 0 0 0
17139200 0 0 0 0 0 0
17155584 0 0 0 0 0 0
17107456 0 0 0 0 0 0
17123840 0 0 0 0 0 0
17140224 0 0 0 0 0 0
17156608 0 0 0 0 0 0
17108480 0 0 0 0 0 0
17124864 0 0 0 0 0 0
17141248 0 0 0 0 0 0
17157632 0 0 0 0 0 0
17109504 0 0 0 0 0 0
17125888 0 0 0 0 0 0
17142272 0 0 0 0 0 0
17158656 0 0 0 0 0 0
17110528 0 0 0 0 0 0
17126912 0 0 0 0 0 0
17143296 0 0 0 0 0 0
17159680 0 0 0 0 0 0
17111552 0 0 0 0 0 0
17127936 0 0 0 0 0 0
17144320 0 0 0 0 0 0
17160704 0 0 0 0 0 0
17112576 0 0 0 0 0 0
17128960 0 0 0 0 0 0
17145344 0 0 0 0 0 0
17161728 0 0 0 0 0 0
17113600 0 0 0 0 0 0
17129984 0 0 0 0 0 0
17146368 0 0 0 0 0 0
17162752 0 0 0 0 0 0
17114624 0 0 0 0 0 0
17131008 0 0 0 0 0 0
17147392 0 0 0 0 0 0
17163776 0 0 0 0 0 0
17115648 0 0 0 0 0 0
17132032 0 0 0 0 0 0
17148416 0 0 0 0 0 0
17164800 0 0 0 0 0 0
17116672 0 0 0 0 0 0
17133056 0 0 0 0 0 0
17149440 0 0 0 0 0 0
17165824 0 0 0 0 0 0
17117696 0 0 0 0 0 0
17134080 0 0 0 0 0 0
17150464 0 0 0 0 0 0
17166848 0 0 0 0 0 0
17118720 0 0 0 0 0 0
17135104 0 0 0 0 0 0
17151488 0 0 0 0 0 0
17167872 0 0 0 0 0 0
17119744 0 0 0 0 0 0
17136128 0 0 0 0 0 0
17152512 0 0 0 0 0 0
17168896 0 0 0 0 0 0
17120768 0 0 0 0 0 0
17137152 0 0 0 0 0 0
17153536 0 0 0 0 0 0
17169920 0 0 0 0 0 0
17170944 0 0 0 0 0 0
17187328 0 0 0 0 0 0
17203712 0 0 0 0 0 0
17220096 0 0 0 0 0 0
17171968 0 0 0 0 0 0
17188352 0 0 0 0 0 0
17204736 0 0 0 0 0 0
17221120 0 0 0 0 0 0
17172992 0 0 0 0 0 0
17189376 0 0 0 0 0 0
17205760 0 0 0 0 0 0
17222144 0 0 0 0 0 0
17174016 0 0 0 0 0 0
17190400 0 0 0 0 0 0
17206784 0 0 0 0 0 0
17223168 0 0 0 0 0 0
17175040 0 0 0 0 0 0
17191424 0 0 0 0 0 0
17207808 0 0 0 0 0 0
17224192 0 0 0 0 0 0
17176064 0 0 0 0 0 0
17192448 0 0 0 0 0 0
17208832 0 0 0 0 0 0
17225216 0 0 0 0 0 0
17177088 0 0 0 0 0 0
17193472 0 0 0 0 0 0
17209856 0 0 0 0 0 0
17226240 0 0 0 0 0 0
17178112 0 0 0 0 0 0
17194496 0 0 0 0 0 0
17210880 0 0 0 0 0 0
17227264 0 0 0 0 0 0
17179136 0 0 0 0 0 0
17195520 0 0 0 0 0 0
17211904 0 0 0 0 0 0
17228288 0 0 0 0 0 0
17180160 0 0 0 0 0 0
17196544 0 0 0 0 0 0
17212928 0 0 0 0 0 0
17229312 0 0 0 0 0 0
17181184 0 0 0 0 0 0
17197568 0 0 0 0 0 0
17213952 0 0 0 0 0 0
17230336 0 0 0 0 0 0
17182208 0 0 0 0 0 0
17198592 0 0 0 0 0 0
17214976 0 0 0 0 0 0
17231360 0 0 0 0 0 0
17183232 0 0 0 0 0 0
17199616 0 0 0 0 0 0
17216000 0 0 0 0 0 0
17232384 0 0 0 0 0 0
17184256 0 0 0 0 0 0
17200640 0 0 0 0 0 0
17217024 0 0 0 0 0 0
17233408 0 0 0 0 0 0
17185280 0 0 0 0 0 0
17201664 0 0 0 0 0 0
17218048 0 0 0 0 0 0
17234432 0 0 0 0 0 0
17186304 0 0 0 0 0 0
17202688 0 0 0 0 0 0
17219072 0 0 0 0 0 0
17235456 0 0 0 0 0 0
